 # Columns are: Lambda (Angstroms) and Flux (Flux * lambda) (ergs/s/cm^2)
    5.00000E+03    1.52385E-19    0.00000E+00    0.00000E+00    0.00000E+00    0.00000E+00
    5.27488E+03    3.90931E-16    0.00000E+00    0.00000E+00    0.00000E+00    0.00000E+00
    5.56488E+03    1.67351E-20    0.00000E+00    0.00000E+00    0.00000E+00    0.00000E+00
    5.87081E+03    1.42219E-18    0.00000E+00    0.00000E+00    0.00000E+00    0.00000E+00
    6.19357E+03    1.51420E-19    0.00000E+00    0.00000E+00    0.00000E+00    0.00000E+00
    6.53407E+03    1.73969E-16    0.00000E+00    0.00000E+00    0.00000E+00    0.00000E+00
    6.89329E+03    5.05400E-18    0.00000E+00    0.00000E+00    0.00000E+00    0.00000E+00
    7.27225E+03    2.47711E-16    0.00000E+00    0.00000E+00    0.00000E+00    0.00000E+00
    7.67206E+03    1.67010E-17    0.00000E+00    0.00000E+00    0.00000E+00    0.00000E+00
    8.09384E+03    5.39938E-16    0.00000E+00    0.00000E+00    0.00000E+00    0.00000E+00
    8.53881E+03    1.69305E-14    0.00000E+00    0.00000E+00    0.00000E+00    0.00000E+00
    9.00824E+03    9.01453E-16    0.00000E+00    0.00000E+00    0.00000E+00    0.00000E+00
    9.50348E+03    4.37870E-14    0.00000E+00    0.00000E+00    0.00000E+00    0.00000E+00
    1.00259E+04    1.45785E-12    0.00000E+00    0.00000E+00    0.00000E+00    0.00000E+00
    1.05771E+04    2.00798E-12    0.00000E+00    0.00000E+00    0.00000E+00    0.00000E+00
    1.11586E+04    4.26228E-16    0.00000E+00    0.00000E+00    0.00000E+00    0.00000E+00
    1.17721E+04    4.75097E-15    0.00000E+00    0.00000E+00    0.00000E+00    0.00000E+00
    1.24193E+04    7.38366E-14    0.00000E+00    0.00000E+00    0.00000E+00    0.00000E+00
    1.31020E+04    3.62392E-16    0.00000E+00    0.00000E+00    0.00000E+00    0.00000E+00
    1.38223E+04    3.45160E-15    0.00000E+00    0.00000E+00    0.00000E+00    0.00000E+00
    1.45822E+04    5.93548E-13    0.00000E+00    0.00000E+00    0.00000E+00    0.00000E+00
    1.53839E+04    2.00506E-10    0.00000E+00    0.00000E+00    0.00000E+00    0.00000E+00
    1.62297E+04    3.69086E-12    0.00000E+00    0.00000E+00    0.00000E+00    0.00000E+00
    1.71219E+04    4.65107E-12    0.00000E+00    0.00000E+00    0.00000E+00    0.00000E+00
    1.80632E+04    1.32270E-11    0.00000E+00    0.00000E+00    0.00000E+00    0.00000E+00
    1.90563E+04    1.74664E-12    0.00000E+00    0.00000E+00    0.00000E+00    0.00000E+00
    2.01039E+04    1.80101E-11    0.00000E+00    0.00000E+00    0.00000E+00    0.00000E+00
    2.12092E+04    1.97578E-11    0.00000E+00    0.00000E+00    0.00000E+00    0.00000E+00
    2.23752E+04    1.83640E-10    0.00000E+00    0.00000E+00    0.00000E+00    0.00000E+00
    2.36053E+04    2.01199E-11    0.00000E+00    0.00000E+00    0.00000E+00    0.00000E+00
    2.49030E+04    6.32463E-11    0.00000E+00    0.00000E+00    0.00000E+00    0.00000E+00
    2.62721E+04    4.49768E-10    0.00000E+00    0.00000E+00    0.00000E+00    0.00000E+00
    2.77164E+04    1.15944E-09    0.00000E+00    0.00000E+00    0.00000E+00    0.00000E+00
    2.92402E+04    4.26393E-09    0.00000E+00    0.00000E+00    0.00000E+00    0.00000E+00
    3.08477E+04    2.57099E-10    0.00000E+00    0.00000E+00    0.00000E+00    0.00000E+00
    3.25436E+04    1.11609E-08    0.00000E+00    0.00000E+00    0.00000E+00    0.00000E+00
    3.43327E+04    2.60422E-09    0.00000E+00    0.00000E+00    0.00000E+00    0.00000E+00
    3.62202E+04    9.28553E-09    0.00000E+00    0.00000E+00    0.00000E+00    0.00000E+00
    3.82115E+04    3.32772E-09    0.00000E+00    0.00000E+00    0.00000E+00    0.00000E+00
    4.03122E+04    3.89420E-09    0.00000E+00    0.00000E+00    0.00000E+00    0.00000E+00
    4.25284E+04    5.92570E-09    0.00000E+00    0.00000E+00    0.00000E+00    0.00000E+00
    4.48665E+04    1.00333E-08    0.00000E+00    0.00000E+00    0.00000E+00    0.00000E+00
    4.73331E+04    4.61437E-08    0.00000E+00    0.00000E+00    0.00000E+00    0.00000E+00
    4.99353E+04    3.21335E-08    0.00000E+00    0.00000E+00    0.00000E+00    0.00000E+00
    5.26805E+04    3.17559E-08    0.00000E+00    0.00000E+00    0.00000E+00    0.00000E+00
    5.55767E+04    4.24191E-08    0.00000E+00    0.00000E+00    0.00000E+00    0.00000E+00
    5.86321E+04    6.73441E-08    0.00000E+00    0.00000E+00    0.00000E+00    0.00000E+00
    6.18555E+04    7.57158E-08    0.00000E+00    0.00000E+00    0.00000E+00    0.00000E+00
    6.52561E+04    7.56820E-08    0.00000E+00    0.00000E+00    0.00000E+00    0.00000E+00
    6.88436E+04    1.03888E-07    0.00000E+00    0.00000E+00    0.00000E+00    0.00000E+00
    7.26284E+04    1.03576E-07    0.00000E+00    0.00000E+00    0.00000E+00    0.00000E+00
    7.66212E+04    3.50795E-08    0.00000E+00    0.00000E+00    0.00000E+00    0.00000E+00
    8.08336E+04    2.75911E-09    0.00000E+00    0.00000E+00    0.00000E+00    0.00000E+00
    8.52775E+04    4.61863E-10    0.00000E+00    0.00000E+00    0.00000E+00    0.00000E+00
    8.99658E+04    8.53064E-11    0.00000E+00    0.00000E+00    0.00000E+00    0.00000E+00
    9.49118E+04    6.38901E-12    0.00000E+00    0.00000E+00    0.00000E+00    0.00000E+00
    1.00130E+05    1.04772E-10    0.00000E+00    0.00000E+00    0.00000E+00    0.00000E+00
    1.05634E+05    1.25085E-10    0.00000E+00    0.00000E+00    0.00000E+00    0.00000E+00
    1.11442E+05    1.82325E-10    0.00000E+00    0.00000E+00    0.00000E+00    0.00000E+00
    1.17568E+05    9.65292E-09    0.00000E+00    0.00000E+00    0.00000E+00    0.00000E+00
    1.24032E+05    6.26441E-09    0.00000E+00    0.00000E+00    0.00000E+00    0.00000E+00
    1.30851E+05    3.63431E-08    0.00000E+00    0.00000E+00    0.00000E+00    0.00000E+00
    1.38044E+05    4.81183E-08    0.00000E+00    0.00000E+00    0.00000E+00    0.00000E+00
    1.45634E+05    7.24536E-08    0.00000E+00    0.00000E+00    0.00000E+00    0.00000E+00
    1.53640E+05    9.24200E-08    0.00000E+00    0.00000E+00    0.00000E+00    0.00000E+00
    1.62087E+05    9.68563E-08    0.00000E+00    0.00000E+00    0.00000E+00    0.00000E+00
    1.70998E+05    1.24025E-07    0.00000E+00    0.00000E+00    0.00000E+00    0.00000E+00
    1.80398E+05    1.54922E-07    0.00000E+00    0.00000E+00    0.00000E+00    0.00000E+00
    1.90316E+05    2.21235E-07    0.00000E+00    0.00000E+00    0.00000E+00    0.00000E+00
    2.00779E+05    3.11709E-07    0.00000E+00    0.00000E+00    0.00000E+00    0.00000E+00
    2.11817E+05    4.40610E-07    0.00000E+00    0.00000E+00    0.00000E+00    0.00000E+00
    2.23462E+05    6.34660E-07    0.00000E+00    0.00000E+00    0.00000E+00    0.00000E+00
    2.35747E+05    8.35199E-07    0.00000E+00    0.00000E+00    0.00000E+00    0.00000E+00
    2.48708E+05    1.14494E-06    0.00000E+00    0.00000E+00    0.00000E+00    0.00000E+00
    2.62381E+05    1.43655E-06    0.00000E+00    0.00000E+00    0.00000E+00    0.00000E+00
    2.76805E+05    1.78528E-06    0.00000E+00    0.00000E+00    0.00000E+00    0.00000E+00
    2.92023E+05    2.20797E-06    0.00000E+00    0.00000E+00    0.00000E+00    0.00000E+00
    3.08078E+05    2.54520E-06    0.00000E+00    0.00000E+00    0.00000E+00    0.00000E+00
    3.25015E+05    2.88544E-06    0.00000E+00    0.00000E+00    0.00000E+00    0.00000E+00
    3.42883E+05    3.19174E-06    0.00000E+00    0.00000E+00    0.00000E+00    0.00000E+00
    3.61733E+05    3.45258E-06    0.00000E+00    0.00000E+00    0.00000E+00    0.00000E+00
    3.81620E+05    3.66301E-06    0.00000E+00    0.00000E+00    0.00000E+00    0.00000E+00
    4.02600E+05    3.74120E-06    0.00000E+00    0.00000E+00    0.00000E+00    0.00000E+00
    4.24733E+05    3.78527E-06    0.00000E+00    0.00000E+00    0.00000E+00    0.00000E+00
    4.48084E+05    3.70713E-06    0.00000E+00    0.00000E+00    0.00000E+00    0.00000E+00
    4.72718E+05    3.62412E-06    0.00000E+00    0.00000E+00    0.00000E+00    0.00000E+00
    4.98706E+05    3.41197E-06    0.00000E+00    0.00000E+00    0.00000E+00    0.00000E+00
    5.26123E+05    3.28342E-06    0.00000E+00    0.00000E+00    0.00000E+00    0.00000E+00
    5.55047E+05    3.00728E-06    0.00000E+00    0.00000E+00    0.00000E+00    0.00000E+00
    5.85562E+05    2.73938E-06    0.00000E+00    0.00000E+00    0.00000E+00    0.00000E+00
    6.17754E+05    2.46917E-06    0.00000E+00    0.00000E+00    0.00000E+00    0.00000E+00
    6.51716E+05    2.20510E-06    0.00000E+00    0.00000E+00    0.00000E+00    0.00000E+00
    6.87545E+05    1.93426E-06    0.00000E+00    0.00000E+00    0.00000E+00    0.00000E+00
    7.25343E+05    1.68987E-06    0.00000E+00    0.00000E+00    0.00000E+00    0.00000E+00
    7.65220E+05    1.45017E-06    0.00000E+00    0.00000E+00    0.00000E+00    0.00000E+00
    8.07289E+05    1.25133E-06    0.00000E+00    0.00000E+00    0.00000E+00    0.00000E+00
    8.51671E+05    1.06485E-06    0.00000E+00    0.00000E+00    0.00000E+00    0.00000E+00
    8.98493E+05    9.01215E-07    0.00000E+00    0.00000E+00    0.00000E+00    0.00000E+00
    9.47888E+05    7.52402E-07    0.00000E+00    0.00000E+00    0.00000E+00    0.00000E+00
    1.00000E+06    6.32380E-07    0.00000E+00    0.00000E+00    0.00000E+00    0.00000E+00
