 # Columns are: Lambda (Angstroms) and Flux (Flux * lambda) (ergs/s/cm^2)
    5.00000E+03    6.57338E-28    0.00000E+00    0.00000E+00    0.00000E+00    0.00000E+00
    5.27488E+03    1.57597E-26    0.00000E+00    0.00000E+00    0.00000E+00    0.00000E+00
    5.56488E+03    1.01243E-26    0.00000E+00    0.00000E+00    0.00000E+00    0.00000E+00
    5.87081E+03    6.62299E-27    0.00000E+00    0.00000E+00    0.00000E+00    0.00000E+00
    6.19357E+03    1.22867E-25    0.00000E+00    0.00000E+00    0.00000E+00    0.00000E+00
    6.53407E+03    1.63235E-23    0.00000E+00    0.00000E+00    0.00000E+00    0.00000E+00
    6.89329E+03    1.49415E-25    0.00000E+00    0.00000E+00    0.00000E+00    0.00000E+00
    7.27225E+03    4.04105E-25    0.00000E+00    0.00000E+00    0.00000E+00    0.00000E+00
    7.67206E+03    9.66568E-24    0.00000E+00    0.00000E+00    0.00000E+00    0.00000E+00
    8.09384E+03    3.91404E-24    0.00000E+00    0.00000E+00    0.00000E+00    0.00000E+00
    8.53881E+03    9.29721E-24    0.00000E+00    0.00000E+00    0.00000E+00    0.00000E+00
    9.00824E+03    6.57290E-23    0.00000E+00    0.00000E+00    0.00000E+00    0.00000E+00
    9.50348E+03    2.53818E-22    0.00000E+00    0.00000E+00    0.00000E+00    0.00000E+00
    1.00259E+04    2.43883E-22    0.00000E+00    0.00000E+00    0.00000E+00    0.00000E+00
    1.05771E+04    3.63319E-22    0.00000E+00    0.00000E+00    0.00000E+00    0.00000E+00
    1.11586E+04    6.59275E-22    0.00000E+00    0.00000E+00    0.00000E+00    0.00000E+00
    1.17721E+04    1.77749E-21    0.00000E+00    0.00000E+00    0.00000E+00    0.00000E+00
    1.24193E+04    4.89747E-21    0.00000E+00    0.00000E+00    0.00000E+00    0.00000E+00
    1.31020E+04    5.76207E-19    0.00000E+00    0.00000E+00    0.00000E+00    0.00000E+00
    1.38223E+04    2.03202E-20    0.00000E+00    0.00000E+00    0.00000E+00    0.00000E+00
    1.45822E+04    3.35357E-19    0.00000E+00    0.00000E+00    0.00000E+00    0.00000E+00
    1.53839E+04    1.28717E-19    0.00000E+00    0.00000E+00    0.00000E+00    0.00000E+00
    1.62297E+04    3.42997E-19    0.00000E+00    0.00000E+00    0.00000E+00    0.00000E+00
    1.71219E+04    3.73531E-18    0.00000E+00    0.00000E+00    0.00000E+00    0.00000E+00
    1.80632E+04    6.40723E-18    0.00000E+00    0.00000E+00    0.00000E+00    0.00000E+00
    1.90563E+04    5.47091E-18    0.00000E+00    0.00000E+00    0.00000E+00    0.00000E+00
    2.01039E+04    5.53109E-18    0.00000E+00    0.00000E+00    0.00000E+00    0.00000E+00
    2.12092E+04    1.96096E-17    0.00000E+00    0.00000E+00    0.00000E+00    0.00000E+00
    2.23752E+04    2.95867E-17    0.00000E+00    0.00000E+00    0.00000E+00    0.00000E+00
    2.36053E+04    6.11346E-13    0.00000E+00    0.00000E+00    0.00000E+00    0.00000E+00
    2.49030E+04    9.19140E-16    0.00000E+00    0.00000E+00    0.00000E+00    0.00000E+00
    2.62721E+04    1.13239E-15    0.00000E+00    0.00000E+00    0.00000E+00    0.00000E+00
    2.77164E+04    1.91569E-13    0.00000E+00    0.00000E+00    0.00000E+00    0.00000E+00
    2.92402E+04    1.22945E-15    0.00000E+00    0.00000E+00    0.00000E+00    0.00000E+00
    3.08477E+04    3.27548E-15    0.00000E+00    0.00000E+00    0.00000E+00    0.00000E+00
    3.25436E+04    1.73730E-15    0.00000E+00    0.00000E+00    0.00000E+00    0.00000E+00
    3.43327E+04    2.64814E-15    0.00000E+00    0.00000E+00    0.00000E+00    0.00000E+00
    3.62202E+04    2.60198E-14    0.00000E+00    0.00000E+00    0.00000E+00    0.00000E+00
    3.82115E+04    5.15697E-14    0.00000E+00    0.00000E+00    0.00000E+00    0.00000E+00
    4.03122E+04    1.57225E-13    0.00000E+00    0.00000E+00    0.00000E+00    0.00000E+00
    4.25284E+04    2.26348E-13    0.00000E+00    0.00000E+00    0.00000E+00    0.00000E+00
    4.48665E+04    3.53228E-13    0.00000E+00    0.00000E+00    0.00000E+00    0.00000E+00
    4.73331E+04    1.97813E-13    0.00000E+00    0.00000E+00    0.00000E+00    0.00000E+00
    4.99353E+04    5.72302E-13    0.00000E+00    0.00000E+00    0.00000E+00    0.00000E+00
    5.26805E+04    5.89755E-13    0.00000E+00    0.00000E+00    0.00000E+00    0.00000E+00
    5.55767E+04    1.69545E-12    0.00000E+00    0.00000E+00    0.00000E+00    0.00000E+00
    5.86321E+04    2.48001E-12    0.00000E+00    0.00000E+00    0.00000E+00    0.00000E+00
    6.18555E+04    3.45566E-12    0.00000E+00    0.00000E+00    0.00000E+00    0.00000E+00
    6.52561E+04    5.28403E-12    0.00000E+00    0.00000E+00    0.00000E+00    0.00000E+00
    6.88436E+04    6.45592E-12    0.00000E+00    0.00000E+00    0.00000E+00    0.00000E+00
    7.26284E+04    9.07662E-12    0.00000E+00    0.00000E+00    0.00000E+00    0.00000E+00
    7.66212E+04    3.21513E-12    0.00000E+00    0.00000E+00    0.00000E+00    0.00000E+00
    8.08336E+04    1.43822E-13    0.00000E+00    0.00000E+00    0.00000E+00    0.00000E+00
    8.52775E+04    7.99083E-15    0.00000E+00    0.00000E+00    0.00000E+00    0.00000E+00
    8.99658E+04    3.86238E-16    0.00000E+00    0.00000E+00    0.00000E+00    0.00000E+00
    9.49118E+04    2.02357E-17    0.00000E+00    0.00000E+00    0.00000E+00    0.00000E+00
    1.00130E+05    2.51822E-17    0.00000E+00    0.00000E+00    0.00000E+00    0.00000E+00
    1.05634E+05    5.15013E-17    0.00000E+00    0.00000E+00    0.00000E+00    0.00000E+00
    1.11442E+05    6.54902E-16    0.00000E+00    0.00000E+00    0.00000E+00    0.00000E+00
    1.17568E+05    8.02007E-16    0.00000E+00    0.00000E+00    0.00000E+00    0.00000E+00
    1.24032E+05    7.67841E-15    0.00000E+00    0.00000E+00    0.00000E+00    0.00000E+00
    1.30851E+05    1.19404E-14    0.00000E+00    0.00000E+00    0.00000E+00    0.00000E+00
    1.38044E+05    6.03114E-14    0.00000E+00    0.00000E+00    0.00000E+00    0.00000E+00
    1.45634E+05    4.34474E-14    0.00000E+00    0.00000E+00    0.00000E+00    0.00000E+00
    1.53640E+05    3.08523E-14    0.00000E+00    0.00000E+00    0.00000E+00    0.00000E+00
    1.62087E+05    2.22256E-14    0.00000E+00    0.00000E+00    0.00000E+00    0.00000E+00
    1.70998E+05    4.76798E-15    0.00000E+00    0.00000E+00    0.00000E+00    0.00000E+00
    1.80398E+05    3.64855E-15    0.00000E+00    0.00000E+00    0.00000E+00    0.00000E+00
    1.90316E+05    3.12494E-15    0.00000E+00    0.00000E+00    0.00000E+00    0.00000E+00
    2.00779E+05    5.54075E-15    0.00000E+00    0.00000E+00    0.00000E+00    0.00000E+00
    2.11817E+05    8.27565E-15    0.00000E+00    0.00000E+00    0.00000E+00    0.00000E+00
    2.23462E+05    8.26592E-15    0.00000E+00    0.00000E+00    0.00000E+00    0.00000E+00
    2.35747E+05    1.16489E-14    0.00000E+00    0.00000E+00    0.00000E+00    0.00000E+00
    2.48708E+05    1.67614E-14    0.00000E+00    0.00000E+00    0.00000E+00    0.00000E+00
    2.62381E+05    2.20051E-14    0.00000E+00    0.00000E+00    0.00000E+00    0.00000E+00
    2.76805E+05    1.56645E-14    0.00000E+00    0.00000E+00    0.00000E+00    0.00000E+00
    2.92023E+05    2.12965E-14    0.00000E+00    0.00000E+00    0.00000E+00    0.00000E+00
    3.08078E+05    2.15642E-14    0.00000E+00    0.00000E+00    0.00000E+00    0.00000E+00
    3.25015E+05    2.11920E-14    0.00000E+00    0.00000E+00    0.00000E+00    0.00000E+00
    3.42883E+05    1.81903E-14    0.00000E+00    0.00000E+00    0.00000E+00    0.00000E+00
    3.61733E+05    1.75522E-14    0.00000E+00    0.00000E+00    0.00000E+00    0.00000E+00
    3.81620E+05    1.50045E-14    0.00000E+00    0.00000E+00    0.00000E+00    0.00000E+00
    4.02600E+05    1.32142E-14    0.00000E+00    0.00000E+00    0.00000E+00    0.00000E+00
    4.24733E+05    1.03527E-14    0.00000E+00    0.00000E+00    0.00000E+00    0.00000E+00
    4.48084E+05    9.66705E-15    0.00000E+00    0.00000E+00    0.00000E+00    0.00000E+00
    4.72718E+05    8.61342E-15    0.00000E+00    0.00000E+00    0.00000E+00    0.00000E+00
    4.98706E+05    6.12069E-15    0.00000E+00    0.00000E+00    0.00000E+00    0.00000E+00
    5.26123E+05    5.07443E-15    0.00000E+00    0.00000E+00    0.00000E+00    0.00000E+00
    5.55047E+05    9.49050E-15    0.00000E+00    0.00000E+00    0.00000E+00    0.00000E+00
    5.85562E+05    5.87279E-15    0.00000E+00    0.00000E+00    0.00000E+00    0.00000E+00
    6.17754E+05    4.34507E-15    0.00000E+00    0.00000E+00    0.00000E+00    0.00000E+00
    6.51716E+05    3.18495E-15    0.00000E+00    0.00000E+00    0.00000E+00    0.00000E+00
    6.87545E+05    2.41356E-15    0.00000E+00    0.00000E+00    0.00000E+00    0.00000E+00
    7.25343E+05    1.90718E-15    0.00000E+00    0.00000E+00    0.00000E+00    0.00000E+00
    7.65220E+05    1.34566E-15    0.00000E+00    0.00000E+00    0.00000E+00    0.00000E+00
    8.07289E+05    0.00000E+00    0.00000E+00    0.00000E+00    0.00000E+00    0.00000E+00
    8.51671E+05    0.00000E+00    0.00000E+00    0.00000E+00    0.00000E+00    0.00000E+00
    8.98493E+05    0.00000E+00    0.00000E+00    0.00000E+00    0.00000E+00    0.00000E+00
    9.47888E+05    0.00000E+00    0.00000E+00    0.00000E+00    0.00000E+00    0.00000E+00
    1.00000E+06    0.00000E+00    0.00000E+00    0.00000E+00    0.00000E+00    0.00000E+00
