 # Columns are: Lambda (Angstroms) and Flux (Flux * lambda) (ergs/s/cm^2)
    5.00000E+03    1.86245E-42    0.00000E+00    0.00000E+00    0.00000E+00    0.00000E+00
    5.27488E+03    3.43598E-43    0.00000E+00    0.00000E+00    0.00000E+00    0.00000E+00
    5.56488E+03    9.92271E-44    0.00000E+00    0.00000E+00    0.00000E+00    0.00000E+00
    5.87081E+03    1.40557E-42    0.00000E+00    0.00000E+00    0.00000E+00    0.00000E+00
    6.19357E+03    8.83920E-42    0.00000E+00    0.00000E+00    0.00000E+00    0.00000E+00
    6.53407E+03    1.21860E-39    0.00000E+00    0.00000E+00    0.00000E+00    0.00000E+00
    6.89329E+03    2.37452E-40    0.00000E+00    0.00000E+00    0.00000E+00    0.00000E+00
    7.27225E+03    5.05591E-39    0.00000E+00    0.00000E+00    0.00000E+00    0.00000E+00
    7.67206E+03    1.36931E-38    0.00000E+00    0.00000E+00    0.00000E+00    0.00000E+00
    8.09384E+03    8.94771E-37    0.00000E+00    0.00000E+00    0.00000E+00    0.00000E+00
    8.53881E+03    3.52604E-36    0.00000E+00    0.00000E+00    0.00000E+00    0.00000E+00
    9.00824E+03    4.08302E-36    0.00000E+00    0.00000E+00    0.00000E+00    0.00000E+00
    9.50348E+03    1.86814E-32    0.00000E+00    0.00000E+00    0.00000E+00    0.00000E+00
    1.00259E+04    4.57963E-34    0.00000E+00    0.00000E+00    0.00000E+00    0.00000E+00
    1.05771E+04    3.12820E-33    0.00000E+00    0.00000E+00    0.00000E+00    0.00000E+00
    1.11586E+04    2.17980E-33    0.00000E+00    0.00000E+00    0.00000E+00    0.00000E+00
    1.17721E+04    1.58457E-32    0.00000E+00    0.00000E+00    0.00000E+00    0.00000E+00
    1.24193E+04    1.50333E-29    0.00000E+00    0.00000E+00    0.00000E+00    0.00000E+00
    1.31020E+04    8.58101E-30    0.00000E+00    0.00000E+00    0.00000E+00    0.00000E+00
    1.38223E+04    9.64959E-31    0.00000E+00    0.00000E+00    0.00000E+00    0.00000E+00
    1.45822E+04    7.36430E-30    0.00000E+00    0.00000E+00    0.00000E+00    0.00000E+00
    1.53839E+04    1.57657E-27    0.00000E+00    0.00000E+00    0.00000E+00    0.00000E+00
    1.62297E+04    5.84835E-27    0.00000E+00    0.00000E+00    0.00000E+00    0.00000E+00
    1.71219E+04    8.20539E-27    0.00000E+00    0.00000E+00    0.00000E+00    0.00000E+00
    1.80632E+04    1.82401E-25    0.00000E+00    0.00000E+00    0.00000E+00    0.00000E+00
    1.90563E+04    3.35779E-25    0.00000E+00    0.00000E+00    0.00000E+00    0.00000E+00
    2.01039E+04    3.12217E-25    0.00000E+00    0.00000E+00    0.00000E+00    0.00000E+00
    2.12092E+04    1.55988E-24    0.00000E+00    0.00000E+00    0.00000E+00    0.00000E+00
    2.23752E+04    2.45568E-23    0.00000E+00    0.00000E+00    0.00000E+00    0.00000E+00
    2.36053E+04    2.85753E-21    0.00000E+00    0.00000E+00    0.00000E+00    0.00000E+00
    2.49030E+04    2.16613E-22    0.00000E+00    0.00000E+00    0.00000E+00    0.00000E+00
    2.62721E+04    2.76038E-20    0.00000E+00    0.00000E+00    0.00000E+00    0.00000E+00
    2.77164E+04    8.22107E-22    0.00000E+00    0.00000E+00    0.00000E+00    0.00000E+00
    2.92402E+04    2.00117E-19    0.00000E+00    0.00000E+00    0.00000E+00    0.00000E+00
    3.08477E+04    3.29010E-20    0.00000E+00    0.00000E+00    0.00000E+00    0.00000E+00
    3.25436E+04    1.02064E-18    0.00000E+00    0.00000E+00    0.00000E+00    0.00000E+00
    3.43327E+04    4.69434E-18    0.00000E+00    0.00000E+00    0.00000E+00    0.00000E+00
    3.62202E+04    1.30527E-16    0.00000E+00    0.00000E+00    0.00000E+00    0.00000E+00
    3.82115E+04    4.42879E-17    0.00000E+00    0.00000E+00    0.00000E+00    0.00000E+00
    4.03122E+04    2.30704E-14    0.00000E+00    0.00000E+00    0.00000E+00    0.00000E+00
    4.25284E+04    7.43563E-17    0.00000E+00    0.00000E+00    0.00000E+00    0.00000E+00
    4.48665E+04    4.00946E-15    0.00000E+00    0.00000E+00    0.00000E+00    0.00000E+00
    4.73331E+04    1.26340E-14    0.00000E+00    0.00000E+00    0.00000E+00    0.00000E+00
    4.99353E+04    2.81477E-14    0.00000E+00    0.00000E+00    0.00000E+00    0.00000E+00
    5.26805E+04    2.16152E-10    0.00000E+00    0.00000E+00    0.00000E+00    0.00000E+00
    5.55767E+04    2.24036E-11    0.00000E+00    0.00000E+00    0.00000E+00    0.00000E+00
    5.86321E+04    3.52441E-12    0.00000E+00    0.00000E+00    0.00000E+00    0.00000E+00
    6.18555E+04    1.88066E-10    0.00000E+00    0.00000E+00    0.00000E+00    0.00000E+00
    6.52561E+04    1.67353E-10    0.00000E+00    0.00000E+00    0.00000E+00    0.00000E+00
    6.88436E+04    1.13841E-09    0.00000E+00    0.00000E+00    0.00000E+00    0.00000E+00
    7.26284E+04    1.12218E-08    0.00000E+00    0.00000E+00    0.00000E+00    0.00000E+00
    7.66212E+04    1.49884E-09    0.00000E+00    0.00000E+00    0.00000E+00    0.00000E+00
    8.08336E+04    3.14346E-11    0.00000E+00    0.00000E+00    0.00000E+00    0.00000E+00
    8.52775E+04    8.91970E-13    0.00000E+00    0.00000E+00    0.00000E+00    0.00000E+00
    8.99658E+04    3.41037E-13    0.00000E+00    0.00000E+00    0.00000E+00    0.00000E+00
    9.49118E+04    8.71574E-15    0.00000E+00    0.00000E+00    0.00000E+00    0.00000E+00
    1.00130E+05    7.25376E-14    0.00000E+00    0.00000E+00    0.00000E+00    0.00000E+00
    1.05634E+05    8.58416E-14    0.00000E+00    0.00000E+00    0.00000E+00    0.00000E+00
    1.11442E+05    2.40388E-12    0.00000E+00    0.00000E+00    0.00000E+00    0.00000E+00
    1.17568E+05    1.06262E-11    0.00000E+00    0.00000E+00    0.00000E+00    0.00000E+00
    1.24032E+05    2.20794E-10    0.00000E+00    0.00000E+00    0.00000E+00    0.00000E+00
    1.30851E+05    1.84171E-09    0.00000E+00    0.00000E+00    0.00000E+00    0.00000E+00
    1.38044E+05    2.25869E-09    0.00000E+00    0.00000E+00    0.00000E+00    0.00000E+00
    1.45634E+05    9.97499E-09    0.00000E+00    0.00000E+00    0.00000E+00    0.00000E+00
    1.53640E+05    9.56444E-09    0.00000E+00    0.00000E+00    0.00000E+00    0.00000E+00
    1.62087E+05    9.74659E-09    0.00000E+00    0.00000E+00    0.00000E+00    0.00000E+00
    1.70998E+05    2.61264E-08    0.00000E+00    0.00000E+00    0.00000E+00    0.00000E+00
    1.80398E+05    1.85499E-08    0.00000E+00    0.00000E+00    0.00000E+00    0.00000E+00
    1.90316E+05    2.60237E-08    0.00000E+00    0.00000E+00    0.00000E+00    0.00000E+00
    2.00779E+05    4.54454E-08    0.00000E+00    0.00000E+00    0.00000E+00    0.00000E+00
    2.11817E+05    7.86965E-08    0.00000E+00    0.00000E+00    0.00000E+00    0.00000E+00
    2.23462E+05    1.22466E-07    0.00000E+00    0.00000E+00    0.00000E+00    0.00000E+00
    2.35747E+05    2.40227E-07    0.00000E+00    0.00000E+00    0.00000E+00    0.00000E+00
    2.48708E+05    3.49745E-07    0.00000E+00    0.00000E+00    0.00000E+00    0.00000E+00
    2.62381E+05    4.74944E-07    0.00000E+00    0.00000E+00    0.00000E+00    0.00000E+00
    2.76805E+05    6.43670E-07    0.00000E+00    0.00000E+00    0.00000E+00    0.00000E+00
    2.92023E+05    9.04627E-07    0.00000E+00    0.00000E+00    0.00000E+00    0.00000E+00
    3.08078E+05    1.11080E-06    0.00000E+00    0.00000E+00    0.00000E+00    0.00000E+00
    3.25015E+05    1.36561E-06    0.00000E+00    0.00000E+00    0.00000E+00    0.00000E+00
    3.42883E+05    1.61972E-06    0.00000E+00    0.00000E+00    0.00000E+00    0.00000E+00
    3.61733E+05    1.92125E-06    0.00000E+00    0.00000E+00    0.00000E+00    0.00000E+00
    3.81620E+05    2.15535E-06    0.00000E+00    0.00000E+00    0.00000E+00    0.00000E+00
    4.02600E+05    2.34304E-06    0.00000E+00    0.00000E+00    0.00000E+00    0.00000E+00
    4.24733E+05    2.48622E-06    0.00000E+00    0.00000E+00    0.00000E+00    0.00000E+00
    4.48084E+05    2.56189E-06    0.00000E+00    0.00000E+00    0.00000E+00    0.00000E+00
    4.72718E+05    2.62208E-06    0.00000E+00    0.00000E+00    0.00000E+00    0.00000E+00
    4.98706E+05    2.59044E-06    0.00000E+00    0.00000E+00    0.00000E+00    0.00000E+00
    5.26123E+05    2.55908E-06    0.00000E+00    0.00000E+00    0.00000E+00    0.00000E+00
    5.55047E+05    2.43796E-06    0.00000E+00    0.00000E+00    0.00000E+00    0.00000E+00
    5.85562E+05    2.30073E-06    0.00000E+00    0.00000E+00    0.00000E+00    0.00000E+00
    6.17754E+05    2.14501E-06    0.00000E+00    0.00000E+00    0.00000E+00    0.00000E+00
    6.51716E+05    1.94270E-06    0.00000E+00    0.00000E+00    0.00000E+00    0.00000E+00
    6.87545E+05    1.77657E-06    0.00000E+00    0.00000E+00    0.00000E+00    0.00000E+00
    7.25343E+05    1.55894E-06    0.00000E+00    0.00000E+00    0.00000E+00    0.00000E+00
    7.65220E+05    1.37657E-06    0.00000E+00    0.00000E+00    0.00000E+00    0.00000E+00
    8.07289E+05    1.19727E-06    0.00000E+00    0.00000E+00    0.00000E+00    0.00000E+00
    8.51671E+05    1.03936E-06    0.00000E+00    0.00000E+00    0.00000E+00    0.00000E+00
    8.98493E+05    8.87289E-07    0.00000E+00    0.00000E+00    0.00000E+00    0.00000E+00
    9.47888E+05    7.54140E-07    0.00000E+00    0.00000E+00    0.00000E+00    0.00000E+00
    1.00000E+06    6.35625E-07    0.00000E+00    0.00000E+00    0.00000E+00    0.00000E+00
