 # Columns are: Lambda (Angstroms) and Flux (Flux * lambda) (ergs/s/cm^2)
    5.00000E+03    1.52385E-19    0.00000E+00    0.00000E+00    0.00000E+00    0.00000E+00
    5.27488E+03    3.90931E-16    0.00000E+00    0.00000E+00    0.00000E+00    0.00000E+00
    5.56488E+03    1.67351E-20    0.00000E+00    0.00000E+00    0.00000E+00    0.00000E+00
    5.87081E+03    1.42219E-18    0.00000E+00    0.00000E+00    0.00000E+00    0.00000E+00
    6.19357E+03    1.51419E-19    0.00000E+00    0.00000E+00    0.00000E+00    0.00000E+00
    6.53407E+03    1.73969E-16    0.00000E+00    0.00000E+00    0.00000E+00    0.00000E+00
    6.89329E+03    5.05400E-18    0.00000E+00    0.00000E+00    0.00000E+00    0.00000E+00
    7.27225E+03    2.47711E-16    0.00000E+00    0.00000E+00    0.00000E+00    0.00000E+00
    7.67206E+03    1.65735E-17    0.00000E+00    0.00000E+00    0.00000E+00    0.00000E+00
    8.09384E+03    5.39938E-16    0.00000E+00    0.00000E+00    0.00000E+00    0.00000E+00
    8.53881E+03    1.69305E-14    0.00000E+00    0.00000E+00    0.00000E+00    0.00000E+00
    9.00824E+03    9.01354E-16    0.00000E+00    0.00000E+00    0.00000E+00    0.00000E+00
    9.50348E+03    4.37869E-14    0.00000E+00    0.00000E+00    0.00000E+00    0.00000E+00
    1.00259E+04    4.58189E-15    0.00000E+00    0.00000E+00    0.00000E+00    0.00000E+00
    1.05771E+04    2.00798E-12    0.00000E+00    0.00000E+00    0.00000E+00    0.00000E+00
    1.11586E+04    4.16382E-16    0.00000E+00    0.00000E+00    0.00000E+00    0.00000E+00
    1.17721E+04    4.59785E-15    0.00000E+00    0.00000E+00    0.00000E+00    0.00000E+00
    1.24193E+04    7.38335E-14    0.00000E+00    0.00000E+00    0.00000E+00    0.00000E+00
    1.31020E+04    9.81783E-17    0.00000E+00    0.00000E+00    0.00000E+00    0.00000E+00
    1.38223E+04    1.90893E-16    0.00000E+00    0.00000E+00    0.00000E+00    0.00000E+00
    1.45822E+04    2.94060E-13    0.00000E+00    0.00000E+00    0.00000E+00    0.00000E+00
    1.53839E+04    2.99168E-12    0.00000E+00    0.00000E+00    0.00000E+00    0.00000E+00
    1.62297E+04    3.68990E-12    0.00000E+00    0.00000E+00    0.00000E+00    0.00000E+00
    1.71219E+04    4.61402E-12    0.00000E+00    0.00000E+00    0.00000E+00    0.00000E+00
    1.80632E+04    1.56132E-12    0.00000E+00    0.00000E+00    0.00000E+00    0.00000E+00
    1.90563E+04    1.63970E-12    0.00000E+00    0.00000E+00    0.00000E+00    0.00000E+00
    2.01039E+04    1.05847E-12    0.00000E+00    0.00000E+00    0.00000E+00    0.00000E+00
    2.12092E+04    5.46380E-12    0.00000E+00    0.00000E+00    0.00000E+00    0.00000E+00
    2.23752E+04    2.61601E-12    0.00000E+00    0.00000E+00    0.00000E+00    0.00000E+00
    2.36053E+04    5.75271E-12    0.00000E+00    0.00000E+00    0.00000E+00    0.00000E+00
    2.49030E+04    4.66387E-12    0.00000E+00    0.00000E+00    0.00000E+00    0.00000E+00
    2.62721E+04    5.80578E-12    0.00000E+00    0.00000E+00    0.00000E+00    0.00000E+00
    2.77164E+04    5.69447E-12    0.00000E+00    0.00000E+00    0.00000E+00    0.00000E+00
    2.92402E+04    1.00824E-11    0.00000E+00    0.00000E+00    0.00000E+00    0.00000E+00
    3.08477E+04    8.61463E-12    0.00000E+00    0.00000E+00    0.00000E+00    0.00000E+00
    3.25436E+04    4.75210E-12    0.00000E+00    0.00000E+00    0.00000E+00    0.00000E+00
    3.43327E+04    9.07234E-12    0.00000E+00    0.00000E+00    0.00000E+00    0.00000E+00
    3.62202E+04    8.21692E-12    0.00000E+00    0.00000E+00    0.00000E+00    0.00000E+00
    3.82115E+04    1.19920E-11    0.00000E+00    0.00000E+00    0.00000E+00    0.00000E+00
    4.03122E+04    8.12251E-12    0.00000E+00    0.00000E+00    0.00000E+00    0.00000E+00
    4.25284E+04    9.32251E-12    0.00000E+00    0.00000E+00    0.00000E+00    0.00000E+00
    4.48665E+04    1.24275E-11    0.00000E+00    0.00000E+00    0.00000E+00    0.00000E+00
    4.73331E+04    1.30068E-11    0.00000E+00    0.00000E+00    0.00000E+00    0.00000E+00
    4.99353E+04    1.54180E-11    0.00000E+00    0.00000E+00    0.00000E+00    0.00000E+00
    5.26805E+04    1.36182E-11    0.00000E+00    0.00000E+00    0.00000E+00    0.00000E+00
    5.55767E+04    1.85691E-11    0.00000E+00    0.00000E+00    0.00000E+00    0.00000E+00
    5.86321E+04    1.67336E-11    0.00000E+00    0.00000E+00    0.00000E+00    0.00000E+00
    6.18555E+04    1.54268E-11    0.00000E+00    0.00000E+00    0.00000E+00    0.00000E+00
    6.52561E+04    1.50983E-11    0.00000E+00    0.00000E+00    0.00000E+00    0.00000E+00
    6.88436E+04    1.45016E-11    0.00000E+00    0.00000E+00    0.00000E+00    0.00000E+00
    7.26284E+04    1.18252E-11    0.00000E+00    0.00000E+00    0.00000E+00    0.00000E+00
    7.66212E+04    3.15585E-12    0.00000E+00    0.00000E+00    0.00000E+00    0.00000E+00
    8.08336E+04    2.54134E-13    0.00000E+00    0.00000E+00    0.00000E+00    0.00000E+00
    8.52775E+04    1.40357E-14    0.00000E+00    0.00000E+00    0.00000E+00    0.00000E+00
    8.99658E+04    8.91928E-15    0.00000E+00    0.00000E+00    0.00000E+00    0.00000E+00
    9.49118E+04    8.90017E-15    0.00000E+00    0.00000E+00    0.00000E+00    0.00000E+00
    1.00130E+05    8.74469E-16    0.00000E+00    0.00000E+00    0.00000E+00    0.00000E+00
    1.05634E+05    1.70175E-14    0.00000E+00    0.00000E+00    0.00000E+00    0.00000E+00
    1.11442E+05    4.18320E-15    0.00000E+00    0.00000E+00    0.00000E+00    0.00000E+00
    1.17568E+05    2.08358E-14    0.00000E+00    0.00000E+00    0.00000E+00    0.00000E+00
    1.24032E+05    7.97706E-14    0.00000E+00    0.00000E+00    0.00000E+00    0.00000E+00
    1.30851E+05    7.35879E-14    0.00000E+00    0.00000E+00    0.00000E+00    0.00000E+00
    1.38044E+05    1.60892E-13    0.00000E+00    0.00000E+00    0.00000E+00    0.00000E+00
    1.45634E+05    1.37747E-13    0.00000E+00    0.00000E+00    0.00000E+00    0.00000E+00
    1.53640E+05    7.50415E-14    0.00000E+00    0.00000E+00    0.00000E+00    0.00000E+00
    1.62087E+05    2.60681E-14    0.00000E+00    0.00000E+00    0.00000E+00    0.00000E+00
    1.70998E+05    1.84649E-14    0.00000E+00    0.00000E+00    0.00000E+00    0.00000E+00
    1.80398E+05    1.09866E-14    0.00000E+00    0.00000E+00    0.00000E+00    0.00000E+00
    1.90316E+05    1.10620E-14    0.00000E+00    0.00000E+00    0.00000E+00    0.00000E+00
    2.00779E+05    1.48711E-14    0.00000E+00    0.00000E+00    0.00000E+00    0.00000E+00
    2.11817E+05    8.85166E-15    0.00000E+00    0.00000E+00    0.00000E+00    0.00000E+00
    2.23462E+05    1.50265E-14    0.00000E+00    0.00000E+00    0.00000E+00    0.00000E+00
    2.35747E+05    1.52824E-14    0.00000E+00    0.00000E+00    0.00000E+00    0.00000E+00
    2.48708E+05    1.77382E-14    0.00000E+00    0.00000E+00    0.00000E+00    0.00000E+00
    2.62381E+05    1.67381E-14    0.00000E+00    0.00000E+00    0.00000E+00    0.00000E+00
    2.76805E+05    1.42314E-14    0.00000E+00    0.00000E+00    0.00000E+00    0.00000E+00
    2.92023E+05    1.32751E-14    0.00000E+00    0.00000E+00    0.00000E+00    0.00000E+00
    3.08078E+05    1.45850E-14    0.00000E+00    0.00000E+00    0.00000E+00    0.00000E+00
    3.25015E+05    1.52063E-14    0.00000E+00    0.00000E+00    0.00000E+00    0.00000E+00
    3.42883E+05    9.97575E-15    0.00000E+00    0.00000E+00    0.00000E+00    0.00000E+00
    3.61733E+05    8.63935E-15    0.00000E+00    0.00000E+00    0.00000E+00    0.00000E+00
    3.81620E+05    8.54619E-15    0.00000E+00    0.00000E+00    0.00000E+00    0.00000E+00
    4.02600E+05    5.88009E-15    0.00000E+00    0.00000E+00    0.00000E+00    0.00000E+00
    4.24733E+05    5.64612E-15    0.00000E+00    0.00000E+00    0.00000E+00    0.00000E+00
    4.48084E+05    4.83442E-15    0.00000E+00    0.00000E+00    0.00000E+00    0.00000E+00
    4.72718E+05    2.77735E-15    0.00000E+00    0.00000E+00    0.00000E+00    0.00000E+00
    4.98706E+05    3.53509E-15    0.00000E+00    0.00000E+00    0.00000E+00    0.00000E+00
    5.26123E+05    1.86208E-15    0.00000E+00    0.00000E+00    0.00000E+00    0.00000E+00
    5.55047E+05    1.30130E-15    0.00000E+00    0.00000E+00    0.00000E+00    0.00000E+00
    5.85562E+05    1.18928E-15    0.00000E+00    0.00000E+00    0.00000E+00    0.00000E+00
    6.17754E+05    9.36504E-16    0.00000E+00    0.00000E+00    0.00000E+00    0.00000E+00
    6.51716E+05    4.70438E-16    0.00000E+00    0.00000E+00    0.00000E+00    0.00000E+00
    6.87545E+05    6.13976E-16    0.00000E+00    0.00000E+00    0.00000E+00    0.00000E+00
    7.25343E+05    6.58826E-16    0.00000E+00    0.00000E+00    0.00000E+00    0.00000E+00
    7.65220E+05    4.34697E-16    0.00000E+00    0.00000E+00    0.00000E+00    0.00000E+00
    8.07289E+05    0.00000E+00    0.00000E+00    0.00000E+00    0.00000E+00    0.00000E+00
    8.51671E+05    0.00000E+00    0.00000E+00    0.00000E+00    0.00000E+00    0.00000E+00
    8.98493E+05    0.00000E+00    0.00000E+00    0.00000E+00    0.00000E+00    0.00000E+00
    9.47888E+05    0.00000E+00    0.00000E+00    0.00000E+00    0.00000E+00    0.00000E+00
    1.00000E+06    0.00000E+00    0.00000E+00    0.00000E+00    0.00000E+00    0.00000E+00
