 # Columns are: Lambda (Angstroms) and Flux (Flux * lambda) (ergs/s/cm^2)
    5.00000E+03    1.15446E-18    0.00000E+00    0.00000E+00    0.00000E+00    0.00000E+00
    5.27488E+03    1.55440E-18    0.00000E+00    0.00000E+00    0.00000E+00    0.00000E+00
    5.56488E+03    7.54303E-18    0.00000E+00    0.00000E+00    0.00000E+00    0.00000E+00
    5.87081E+03    1.22563E-17    0.00000E+00    0.00000E+00    0.00000E+00    0.00000E+00
    6.19357E+03    1.28474E-17    0.00000E+00    0.00000E+00    0.00000E+00    0.00000E+00
    6.53407E+03    4.13785E-17    0.00000E+00    0.00000E+00    0.00000E+00    0.00000E+00
    6.89329E+03    1.69446E-15    0.00000E+00    0.00000E+00    0.00000E+00    0.00000E+00
    7.27225E+03    5.26364E-16    0.00000E+00    0.00000E+00    0.00000E+00    0.00000E+00
    7.67206E+03    1.13823E-16    0.00000E+00    0.00000E+00    0.00000E+00    0.00000E+00
    8.09384E+03    2.72975E-16    0.00000E+00    0.00000E+00    0.00000E+00    0.00000E+00
    8.53881E+03    8.73045E-15    0.00000E+00    0.00000E+00    0.00000E+00    0.00000E+00
    9.00824E+03    1.97020E-15    0.00000E+00    0.00000E+00    0.00000E+00    0.00000E+00
    9.50348E+03    9.92688E-16    0.00000E+00    0.00000E+00    0.00000E+00    0.00000E+00
    1.00259E+04    1.96698E-15    0.00000E+00    0.00000E+00    0.00000E+00    0.00000E+00
    1.05771E+04    4.00116E-15    0.00000E+00    0.00000E+00    0.00000E+00    0.00000E+00
    1.11586E+04    2.09118E-14    0.00000E+00    0.00000E+00    0.00000E+00    0.00000E+00
    1.17721E+04    1.69800E-11    0.00000E+00    0.00000E+00    0.00000E+00    0.00000E+00
    1.24193E+04    4.66059E-14    0.00000E+00    0.00000E+00    0.00000E+00    0.00000E+00
    1.31020E+04    1.65295E-14    0.00000E+00    0.00000E+00    0.00000E+00    0.00000E+00
    1.38223E+04    3.37170E-14    0.00000E+00    0.00000E+00    0.00000E+00    0.00000E+00
    1.45822E+04    1.00810E-13    0.00000E+00    0.00000E+00    0.00000E+00    0.00000E+00
    1.53839E+04    1.11095E-13    0.00000E+00    0.00000E+00    0.00000E+00    0.00000E+00
    1.62297E+04    2.71042E-13    0.00000E+00    0.00000E+00    0.00000E+00    0.00000E+00
    1.71219E+04    1.36742E-11    0.00000E+00    0.00000E+00    0.00000E+00    0.00000E+00
    1.80632E+04    6.34210E-13    0.00000E+00    0.00000E+00    0.00000E+00    0.00000E+00
    1.90563E+04    2.10575E-12    0.00000E+00    0.00000E+00    0.00000E+00    0.00000E+00
    2.01039E+04    9.19548E-12    0.00000E+00    0.00000E+00    0.00000E+00    0.00000E+00
    2.12092E+04    2.02280E-11    0.00000E+00    0.00000E+00    0.00000E+00    0.00000E+00
    2.23752E+04    1.92305E-11    0.00000E+00    0.00000E+00    0.00000E+00    0.00000E+00
    2.36053E+04    1.84192E-10    0.00000E+00    0.00000E+00    0.00000E+00    0.00000E+00
    2.49030E+04    6.49060E-10    0.00000E+00    0.00000E+00    0.00000E+00    0.00000E+00
    2.62721E+04    4.70372E-10    0.00000E+00    0.00000E+00    0.00000E+00    0.00000E+00
    2.77164E+04    1.18935E-10    0.00000E+00    0.00000E+00    0.00000E+00    0.00000E+00
    2.92402E+04    4.59004E-10    0.00000E+00    0.00000E+00    0.00000E+00    0.00000E+00
    3.08477E+04    4.31516E-10    0.00000E+00    0.00000E+00    0.00000E+00    0.00000E+00
    3.25436E+04    5.89858E-10    0.00000E+00    0.00000E+00    0.00000E+00    0.00000E+00
    3.43327E+04    7.67448E-10    0.00000E+00    0.00000E+00    0.00000E+00    0.00000E+00
    3.62202E+04    8.56932E-09    0.00000E+00    0.00000E+00    0.00000E+00    0.00000E+00
    3.82115E+04    2.44137E-09    0.00000E+00    0.00000E+00    0.00000E+00    0.00000E+00
    4.03122E+04    3.61206E-09    0.00000E+00    0.00000E+00    0.00000E+00    0.00000E+00
    4.25284E+04    7.63715E-09    0.00000E+00    0.00000E+00    0.00000E+00    0.00000E+00
    4.48665E+04    3.32620E-08    0.00000E+00    0.00000E+00    0.00000E+00    0.00000E+00
    4.73331E+04    2.26193E-08    0.00000E+00    0.00000E+00    0.00000E+00    0.00000E+00
    4.99353E+04    3.93120E-08    0.00000E+00    0.00000E+00    0.00000E+00    0.00000E+00
    5.26805E+04    5.55147E-08    0.00000E+00    0.00000E+00    0.00000E+00    0.00000E+00
    5.55767E+04    1.04109E-07    0.00000E+00    0.00000E+00    0.00000E+00    0.00000E+00
    5.86321E+04    1.49462E-07    0.00000E+00    0.00000E+00    0.00000E+00    0.00000E+00
    6.18555E+04    2.54243E-07    0.00000E+00    0.00000E+00    0.00000E+00    0.00000E+00
    6.52561E+04    3.60095E-07    0.00000E+00    0.00000E+00    0.00000E+00    0.00000E+00
    6.88436E+04    5.69310E-07    0.00000E+00    0.00000E+00    0.00000E+00    0.00000E+00
    7.26284E+04    8.50995E-07    0.00000E+00    0.00000E+00    0.00000E+00    0.00000E+00
    7.66212E+04    9.16277E-07    0.00000E+00    0.00000E+00    0.00000E+00    0.00000E+00
    8.08336E+04    3.41416E-07    0.00000E+00    0.00000E+00    0.00000E+00    0.00000E+00
    8.52775E+04    7.24553E-08    0.00000E+00    0.00000E+00    0.00000E+00    0.00000E+00
    8.99658E+04    1.17410E-08    0.00000E+00    0.00000E+00    0.00000E+00    0.00000E+00
    9.49118E+04    2.29943E-09    0.00000E+00    0.00000E+00    0.00000E+00    0.00000E+00
    1.00130E+05    2.38994E-09    0.00000E+00    0.00000E+00    0.00000E+00    0.00000E+00
    1.05634E+05    3.29316E-09    0.00000E+00    0.00000E+00    0.00000E+00    0.00000E+00
    1.11442E+05    8.88222E-09    0.00000E+00    0.00000E+00    0.00000E+00    0.00000E+00
    1.17568E+05    1.86027E-08    0.00000E+00    0.00000E+00    0.00000E+00    0.00000E+00
    1.24032E+05    4.18808E-08    0.00000E+00    0.00000E+00    0.00000E+00    0.00000E+00
    1.30851E+05    8.74775E-08    0.00000E+00    0.00000E+00    0.00000E+00    0.00000E+00
    1.38044E+05    2.13470E-07    0.00000E+00    0.00000E+00    0.00000E+00    0.00000E+00
    1.45634E+05    3.22563E-07    0.00000E+00    0.00000E+00    0.00000E+00    0.00000E+00
    1.53640E+05    3.56816E-07    0.00000E+00    0.00000E+00    0.00000E+00    0.00000E+00
    1.62087E+05    3.02210E-07    0.00000E+00    0.00000E+00    0.00000E+00    0.00000E+00
    1.70998E+05    2.60604E-07    0.00000E+00    0.00000E+00    0.00000E+00    0.00000E+00
    1.80398E+05    2.94788E-07    0.00000E+00    0.00000E+00    0.00000E+00    0.00000E+00
    1.90316E+05    3.24558E-07    0.00000E+00    0.00000E+00    0.00000E+00    0.00000E+00
    2.00779E+05    4.87145E-07    0.00000E+00    0.00000E+00    0.00000E+00    0.00000E+00
    2.11817E+05    6.21096E-07    0.00000E+00    0.00000E+00    0.00000E+00    0.00000E+00
    2.23462E+05    8.73547E-07    0.00000E+00    0.00000E+00    0.00000E+00    0.00000E+00
    2.35747E+05    1.05547E-06    0.00000E+00    0.00000E+00    0.00000E+00    0.00000E+00
    2.48708E+05    1.38867E-06    0.00000E+00    0.00000E+00    0.00000E+00    0.00000E+00
    2.62381E+05    1.65810E-06    0.00000E+00    0.00000E+00    0.00000E+00    0.00000E+00
    2.76805E+05    2.06575E-06    0.00000E+00    0.00000E+00    0.00000E+00    0.00000E+00
    2.92023E+05    2.44863E-06    0.00000E+00    0.00000E+00    0.00000E+00    0.00000E+00
    3.08078E+05    2.70534E-06    0.00000E+00    0.00000E+00    0.00000E+00    0.00000E+00
    3.25015E+05    3.04716E-06    0.00000E+00    0.00000E+00    0.00000E+00    0.00000E+00
    3.42883E+05    3.25834E-06    0.00000E+00    0.00000E+00    0.00000E+00    0.00000E+00
    3.61733E+05    3.45587E-06    0.00000E+00    0.00000E+00    0.00000E+00    0.00000E+00
    3.81620E+05    3.61331E-06    0.00000E+00    0.00000E+00    0.00000E+00    0.00000E+00
    4.02600E+05    3.75460E-06    0.00000E+00    0.00000E+00    0.00000E+00    0.00000E+00
    4.24733E+05    3.73234E-06    0.00000E+00    0.00000E+00    0.00000E+00    0.00000E+00
    4.48084E+05    3.68607E-06    0.00000E+00    0.00000E+00    0.00000E+00    0.00000E+00
    4.72718E+05    3.63206E-06    0.00000E+00    0.00000E+00    0.00000E+00    0.00000E+00
    4.98706E+05    3.48724E-06    0.00000E+00    0.00000E+00    0.00000E+00    0.00000E+00
    5.26123E+05    3.24026E-06    0.00000E+00    0.00000E+00    0.00000E+00    0.00000E+00
    5.55047E+05    3.08426E-06    0.00000E+00    0.00000E+00    0.00000E+00    0.00000E+00
    5.85562E+05    2.83865E-06    0.00000E+00    0.00000E+00    0.00000E+00    0.00000E+00
    6.17754E+05    2.57095E-06    0.00000E+00    0.00000E+00    0.00000E+00    0.00000E+00
    6.51716E+05    2.31768E-06    0.00000E+00    0.00000E+00    0.00000E+00    0.00000E+00
    6.87545E+05    2.06022E-06    0.00000E+00    0.00000E+00    0.00000E+00    0.00000E+00
    7.25343E+05    1.80156E-06    0.00000E+00    0.00000E+00    0.00000E+00    0.00000E+00
    7.65220E+05    1.57411E-06    0.00000E+00    0.00000E+00    0.00000E+00    0.00000E+00
    8.07289E+05    1.35608E-06    0.00000E+00    0.00000E+00    0.00000E+00    0.00000E+00
    8.51671E+05    1.15124E-06    0.00000E+00    0.00000E+00    0.00000E+00    0.00000E+00
    8.98493E+05    9.82728E-07    0.00000E+00    0.00000E+00    0.00000E+00    0.00000E+00
    9.47888E+05    8.28667E-07    0.00000E+00    0.00000E+00    0.00000E+00    0.00000E+00
    1.00000E+06    6.91361E-07    0.00000E+00    0.00000E+00    0.00000E+00    0.00000E+00
