 # Columns are: Lambda (Angstroms) and Flux (Flux * lambda) (ergs/s/cm^2)
    5.00000E+03    1.57103E-24    0.00000E+00    0.00000E+00    0.00000E+00    0.00000E+00
    5.27488E+03    3.41157E-24    0.00000E+00    0.00000E+00    0.00000E+00    0.00000E+00
    5.56488E+03    7.33782E-24    0.00000E+00    0.00000E+00    0.00000E+00    0.00000E+00
    5.87081E+03    1.61572E-23    0.00000E+00    0.00000E+00    0.00000E+00    0.00000E+00
    6.19357E+03    3.76350E-23    0.00000E+00    0.00000E+00    0.00000E+00    0.00000E+00
    6.53407E+03    8.66954E-23    0.00000E+00    0.00000E+00    0.00000E+00    0.00000E+00
    6.89329E+03    2.02631E-22    0.00000E+00    0.00000E+00    0.00000E+00    0.00000E+00
    7.27225E+03    4.69474E-22    0.00000E+00    0.00000E+00    0.00000E+00    0.00000E+00
    7.67206E+03    1.06858E-21    0.00000E+00    0.00000E+00    0.00000E+00    0.00000E+00
    8.09384E+03    2.43987E-21    0.00000E+00    0.00000E+00    0.00000E+00    0.00000E+00
    8.53881E+03    5.54555E-21    0.00000E+00    0.00000E+00    0.00000E+00    0.00000E+00
    9.00824E+03    1.20219E-20    0.00000E+00    0.00000E+00    0.00000E+00    0.00000E+00
    9.50348E+03    2.75682E-20    0.00000E+00    0.00000E+00    0.00000E+00    0.00000E+00
    1.00259E+04    5.75924E-20    0.00000E+00    0.00000E+00    0.00000E+00    0.00000E+00
    1.05771E+04    1.25697E-19    0.00000E+00    0.00000E+00    0.00000E+00    0.00000E+00
    1.11586E+04    2.69819E-19    0.00000E+00    0.00000E+00    0.00000E+00    0.00000E+00
    1.17721E+04    5.65581E-19    0.00000E+00    0.00000E+00    0.00000E+00    0.00000E+00
    1.24193E+04    1.07337E-18    0.00000E+00    0.00000E+00    0.00000E+00    0.00000E+00
    1.31020E+04    2.19459E-18    0.00000E+00    0.00000E+00    0.00000E+00    0.00000E+00
    1.38223E+04    4.14622E-18    0.00000E+00    0.00000E+00    0.00000E+00    0.00000E+00
    1.45822E+04    7.91215E-18    0.00000E+00    0.00000E+00    0.00000E+00    0.00000E+00
    1.53839E+04    1.50682E-17    0.00000E+00    0.00000E+00    0.00000E+00    0.00000E+00
    1.62297E+04    2.77268E-17    0.00000E+00    0.00000E+00    0.00000E+00    0.00000E+00
    1.71219E+04    5.23399E-17    0.00000E+00    0.00000E+00    0.00000E+00    0.00000E+00
    1.80632E+04    8.76622E-17    0.00000E+00    0.00000E+00    0.00000E+00    0.00000E+00
    1.90563E+04    1.56997E-16    0.00000E+00    0.00000E+00    0.00000E+00    0.00000E+00
    2.01039E+04    2.60845E-16    0.00000E+00    0.00000E+00    0.00000E+00    0.00000E+00
    2.12092E+04    4.45574E-16    0.00000E+00    0.00000E+00    0.00000E+00    0.00000E+00
    2.23752E+04    7.80278E-16    0.00000E+00    0.00000E+00    0.00000E+00    0.00000E+00
    2.36053E+04    1.23795E-15    0.00000E+00    0.00000E+00    0.00000E+00    0.00000E+00
    2.49030E+04    2.20524E-15    0.00000E+00    0.00000E+00    0.00000E+00    0.00000E+00
    2.62721E+04    3.54955E-15    0.00000E+00    0.00000E+00    0.00000E+00    0.00000E+00
    2.77164E+04    5.85336E-15    0.00000E+00    0.00000E+00    0.00000E+00    0.00000E+00
    2.92402E+04    8.30282E-15    0.00000E+00    0.00000E+00    0.00000E+00    0.00000E+00
    3.08477E+04    1.30568E-14    0.00000E+00    0.00000E+00    0.00000E+00    0.00000E+00
    3.25436E+04    1.94096E-14    0.00000E+00    0.00000E+00    0.00000E+00    0.00000E+00
    3.43327E+04    2.73671E-14    0.00000E+00    0.00000E+00    0.00000E+00    0.00000E+00
    3.62202E+04    4.27065E-14    0.00000E+00    0.00000E+00    0.00000E+00    0.00000E+00
    3.82115E+04    6.20094E-14    0.00000E+00    0.00000E+00    0.00000E+00    0.00000E+00
    4.03122E+04    9.22994E-14    0.00000E+00    0.00000E+00    0.00000E+00    0.00000E+00
    4.25284E+04    1.45289E-13    0.00000E+00    0.00000E+00    0.00000E+00    0.00000E+00
    4.48665E+04    2.38933E-13    0.00000E+00    0.00000E+00    0.00000E+00    0.00000E+00
    4.73331E+04    3.98751E-13    0.00000E+00    0.00000E+00    0.00000E+00    0.00000E+00
    4.99353E+04    6.65664E-13    0.00000E+00    0.00000E+00    0.00000E+00    0.00000E+00
    5.26805E+04    1.19877E-12    0.00000E+00    0.00000E+00    0.00000E+00    0.00000E+00
    5.55767E+04    2.09622E-12    0.00000E+00    0.00000E+00    0.00000E+00    0.00000E+00
    5.86321E+04    3.54610E-12    0.00000E+00    0.00000E+00    0.00000E+00    0.00000E+00
    6.18555E+04    6.30701E-12    0.00000E+00    0.00000E+00    0.00000E+00    0.00000E+00
    6.52561E+04    1.01896E-11    0.00000E+00    0.00000E+00    0.00000E+00    0.00000E+00
    6.88436E+04    1.78076E-11    0.00000E+00    0.00000E+00    0.00000E+00    0.00000E+00
    7.26284E+04    3.06013E-11    0.00000E+00    0.00000E+00    0.00000E+00    0.00000E+00
    7.66212E+04    2.97118E-11    0.00000E+00    0.00000E+00    0.00000E+00    0.00000E+00
    8.08336E+04    6.10420E-12    0.00000E+00    0.00000E+00    0.00000E+00    0.00000E+00
    8.52775E+04    5.15061E-13    0.00000E+00    0.00000E+00    0.00000E+00    0.00000E+00
    8.99658E+04    4.64790E-14    0.00000E+00    0.00000E+00    0.00000E+00    0.00000E+00
    9.49118E+04    3.43142E-15    0.00000E+00    0.00000E+00    0.00000E+00    0.00000E+00
    1.00130E+05    3.29994E-15    0.00000E+00    0.00000E+00    0.00000E+00    0.00000E+00
    1.05634E+05    5.08350E-15    0.00000E+00    0.00000E+00    0.00000E+00    0.00000E+00
    1.11442E+05    1.44630E-14    0.00000E+00    0.00000E+00    0.00000E+00    0.00000E+00
    1.17568E+05    3.60782E-14    0.00000E+00    0.00000E+00    0.00000E+00    0.00000E+00
    1.24032E+05    8.55966E-14    0.00000E+00    0.00000E+00    0.00000E+00    0.00000E+00
    1.30851E+05    2.23151E-13    0.00000E+00    0.00000E+00    0.00000E+00    0.00000E+00
    1.38044E+05    7.45374E-13    0.00000E+00    0.00000E+00    0.00000E+00    0.00000E+00
    1.45634E+05    1.19636E-12    0.00000E+00    0.00000E+00    0.00000E+00    0.00000E+00
    1.53640E+05    7.59891E-13    0.00000E+00    0.00000E+00    0.00000E+00    0.00000E+00
    1.62087E+05    5.86808E-13    0.00000E+00    0.00000E+00    0.00000E+00    0.00000E+00
    1.70998E+05    2.02974E-13    0.00000E+00    0.00000E+00    0.00000E+00    0.00000E+00
    1.80398E+05    1.52517E-13    0.00000E+00    0.00000E+00    0.00000E+00    0.00000E+00
    1.90316E+05    1.42097E-13    0.00000E+00    0.00000E+00    0.00000E+00    0.00000E+00
    2.00779E+05    1.83348E-13    0.00000E+00    0.00000E+00    0.00000E+00    0.00000E+00
    2.11817E+05    2.43567E-13    0.00000E+00    0.00000E+00    0.00000E+00    0.00000E+00
    2.23462E+05    3.17163E-13    0.00000E+00    0.00000E+00    0.00000E+00    0.00000E+00
    2.35747E+05    4.09765E-13    0.00000E+00    0.00000E+00    0.00000E+00    0.00000E+00
    2.48708E+05    4.83557E-13    0.00000E+00    0.00000E+00    0.00000E+00    0.00000E+00
    2.62381E+05    5.50444E-13    0.00000E+00    0.00000E+00    0.00000E+00    0.00000E+00
    2.76805E+05    6.19671E-13    0.00000E+00    0.00000E+00    0.00000E+00    0.00000E+00
    2.92023E+05    7.22672E-13    0.00000E+00    0.00000E+00    0.00000E+00    0.00000E+00
    3.08078E+05    7.07315E-13    0.00000E+00    0.00000E+00    0.00000E+00    0.00000E+00
    3.25015E+05    7.30059E-13    0.00000E+00    0.00000E+00    0.00000E+00    0.00000E+00
    3.42883E+05    7.77407E-13    0.00000E+00    0.00000E+00    0.00000E+00    0.00000E+00
    3.61733E+05    7.14780E-13    0.00000E+00    0.00000E+00    0.00000E+00    0.00000E+00
    3.81620E+05    6.61978E-13    0.00000E+00    0.00000E+00    0.00000E+00    0.00000E+00
    4.02600E+05    6.10902E-13    0.00000E+00    0.00000E+00    0.00000E+00    0.00000E+00
    4.24733E+05    5.81781E-13    0.00000E+00    0.00000E+00    0.00000E+00    0.00000E+00
    4.48084E+05    5.04483E-13    0.00000E+00    0.00000E+00    0.00000E+00    0.00000E+00
    4.72718E+05    4.64636E-13    0.00000E+00    0.00000E+00    0.00000E+00    0.00000E+00
    4.98706E+05    4.07329E-13    0.00000E+00    0.00000E+00    0.00000E+00    0.00000E+00
    5.26123E+05    3.60915E-13    0.00000E+00    0.00000E+00    0.00000E+00    0.00000E+00
    5.55047E+05    3.05828E-13    0.00000E+00    0.00000E+00    0.00000E+00    0.00000E+00
    5.85562E+05    2.60281E-13    0.00000E+00    0.00000E+00    0.00000E+00    0.00000E+00
    6.17754E+05    4.40111E-13    0.00000E+00    0.00000E+00    0.00000E+00    0.00000E+00
    6.51716E+05    3.64365E-13    0.00000E+00    0.00000E+00    0.00000E+00    0.00000E+00
    6.87545E+05    3.07307E-13    0.00000E+00    0.00000E+00    0.00000E+00    0.00000E+00
    7.25343E+05    2.50271E-13    0.00000E+00    0.00000E+00    0.00000E+00    0.00000E+00
    7.65220E+05    2.07386E-13    0.00000E+00    0.00000E+00    0.00000E+00    0.00000E+00
    8.07289E+05    0.00000E+00    0.00000E+00    0.00000E+00    0.00000E+00    0.00000E+00
    8.51671E+05    0.00000E+00    0.00000E+00    0.00000E+00    0.00000E+00    0.00000E+00
    8.98493E+05    0.00000E+00    0.00000E+00    0.00000E+00    0.00000E+00    0.00000E+00
    9.47888E+05    0.00000E+00    0.00000E+00    0.00000E+00    0.00000E+00    0.00000E+00
    1.00000E+06    0.00000E+00    0.00000E+00    0.00000E+00    0.00000E+00    0.00000E+00
