 # Columns are: Lambda (Angstroms) and Flux (Flux * lambda) (ergs/s/cm^2)
    5.00000E+03    1.33130E-47    0.00000E+00    0.00000E+00    0.00000E+00    0.00000E+00
    5.27488E+03    4.73324E-46    0.00000E+00    0.00000E+00    0.00000E+00    0.00000E+00
    5.56488E+03    4.31066E-45    0.00000E+00    0.00000E+00    0.00000E+00    0.00000E+00
    5.87081E+03    2.14566E-44    0.00000E+00    0.00000E+00    0.00000E+00    0.00000E+00
    6.19357E+03    2.65168E-39    0.00000E+00    0.00000E+00    0.00000E+00    0.00000E+00
    6.53407E+03    1.83695E-42    0.00000E+00    0.00000E+00    0.00000E+00    0.00000E+00
    6.89329E+03    7.84409E-42    0.00000E+00    0.00000E+00    0.00000E+00    0.00000E+00
    7.27225E+03    6.80735E-41    0.00000E+00    0.00000E+00    0.00000E+00    0.00000E+00
    7.67206E+03    3.09370E-40    0.00000E+00    0.00000E+00    0.00000E+00    0.00000E+00
    8.09384E+03    2.29563E-39    0.00000E+00    0.00000E+00    0.00000E+00    0.00000E+00
    8.53881E+03    3.12607E-38    0.00000E+00    0.00000E+00    0.00000E+00    0.00000E+00
    9.00824E+03    4.04662E-37    0.00000E+00    0.00000E+00    0.00000E+00    0.00000E+00
    9.50348E+03    9.30353E-37    0.00000E+00    0.00000E+00    0.00000E+00    0.00000E+00
    1.00259E+04    4.18656E-35    0.00000E+00    0.00000E+00    0.00000E+00    0.00000E+00
    1.05771E+04    3.18080E-35    0.00000E+00    0.00000E+00    0.00000E+00    0.00000E+00
    1.11586E+04    2.58364E-33    0.00000E+00    0.00000E+00    0.00000E+00    0.00000E+00
    1.17721E+04    9.57915E-34    0.00000E+00    0.00000E+00    0.00000E+00    0.00000E+00
    1.24193E+04    7.41117E-33    0.00000E+00    0.00000E+00    0.00000E+00    0.00000E+00
    1.31020E+04    1.95008E-32    0.00000E+00    0.00000E+00    0.00000E+00    0.00000E+00
    1.38223E+04    8.35981E-31    0.00000E+00    0.00000E+00    0.00000E+00    0.00000E+00
    1.45822E+04    3.23796E-30    0.00000E+00    0.00000E+00    0.00000E+00    0.00000E+00
    1.53839E+04    3.01744E-29    0.00000E+00    0.00000E+00    0.00000E+00    0.00000E+00
    1.62297E+04    2.75952E-27    0.00000E+00    0.00000E+00    0.00000E+00    0.00000E+00
    1.71219E+04    2.18743E-27    0.00000E+00    0.00000E+00    0.00000E+00    0.00000E+00
    1.80632E+04    4.62676E-27    0.00000E+00    0.00000E+00    0.00000E+00    0.00000E+00
    1.90563E+04    1.76489E-26    0.00000E+00    0.00000E+00    0.00000E+00    0.00000E+00
    2.01039E+04    1.16228E-25    0.00000E+00    0.00000E+00    0.00000E+00    0.00000E+00
    2.12092E+04    6.96312E-25    0.00000E+00    0.00000E+00    0.00000E+00    0.00000E+00
    2.23752E+04    2.88698E-24    0.00000E+00    0.00000E+00    0.00000E+00    0.00000E+00
    2.36053E+04    2.58727E-23    0.00000E+00    0.00000E+00    0.00000E+00    0.00000E+00
    2.49030E+04    2.26346E-22    0.00000E+00    0.00000E+00    0.00000E+00    0.00000E+00
    2.62721E+04    1.25468E-21    0.00000E+00    0.00000E+00    0.00000E+00    0.00000E+00
    2.77164E+04    3.07970E-21    0.00000E+00    0.00000E+00    0.00000E+00    0.00000E+00
    2.92402E+04    1.66548E-20    0.00000E+00    0.00000E+00    0.00000E+00    0.00000E+00
    3.08477E+04    1.00288E-19    0.00000E+00    0.00000E+00    0.00000E+00    0.00000E+00
    3.25436E+04    4.66145E-19    0.00000E+00    0.00000E+00    0.00000E+00    0.00000E+00
    3.43327E+04    1.07420E-18    0.00000E+00    0.00000E+00    0.00000E+00    0.00000E+00
    3.62202E+04    5.18312E-18    0.00000E+00    0.00000E+00    0.00000E+00    0.00000E+00
    3.82115E+04    2.39519E-17    0.00000E+00    0.00000E+00    0.00000E+00    0.00000E+00
    4.03122E+04    1.35743E-16    0.00000E+00    0.00000E+00    0.00000E+00    0.00000E+00
    4.25284E+04    3.69095E-16    0.00000E+00    0.00000E+00    0.00000E+00    0.00000E+00
    4.48665E+04    1.56908E-14    0.00000E+00    0.00000E+00    0.00000E+00    0.00000E+00
    4.73331E+04    8.66566E-15    0.00000E+00    0.00000E+00    0.00000E+00    0.00000E+00
    4.99353E+04    5.37226E-14    0.00000E+00    0.00000E+00    0.00000E+00    0.00000E+00
    5.26805E+04    4.79333E-13    0.00000E+00    0.00000E+00    0.00000E+00    0.00000E+00
    5.55767E+04    2.15057E-12    0.00000E+00    0.00000E+00    0.00000E+00    0.00000E+00
    5.86321E+04    8.69992E-12    0.00000E+00    0.00000E+00    0.00000E+00    0.00000E+00
    6.18555E+04    4.70102E-11    0.00000E+00    0.00000E+00    0.00000E+00    0.00000E+00
    6.52561E+04    5.03668E-10    0.00000E+00    0.00000E+00    0.00000E+00    0.00000E+00
    6.88436E+04    1.90091E-09    0.00000E+00    0.00000E+00    0.00000E+00    0.00000E+00
    7.26284E+04    8.66010E-09    0.00000E+00    0.00000E+00    0.00000E+00    0.00000E+00
    7.66212E+04    1.41494E-08    0.00000E+00    0.00000E+00    0.00000E+00    0.00000E+00
    8.08336E+04    4.81326E-10    0.00000E+00    0.00000E+00    0.00000E+00    0.00000E+00
    8.52775E+04    3.71203E-12    0.00000E+00    0.00000E+00    0.00000E+00    0.00000E+00
    8.99658E+04    1.26003E-12    0.00000E+00    0.00000E+00    0.00000E+00    0.00000E+00
    9.49118E+04    4.16661E-14    0.00000E+00    0.00000E+00    0.00000E+00    0.00000E+00
    1.00130E+05    2.33081E-14    0.00000E+00    0.00000E+00    0.00000E+00    0.00000E+00
    1.05634E+05    9.90607E-13    0.00000E+00    0.00000E+00    0.00000E+00    0.00000E+00
    1.11442E+05    1.38858E-11    0.00000E+00    0.00000E+00    0.00000E+00    0.00000E+00
    1.17568E+05    1.51301E-11    0.00000E+00    0.00000E+00    0.00000E+00    0.00000E+00
    1.24032E+05    2.14982E-10    0.00000E+00    0.00000E+00    0.00000E+00    0.00000E+00
    1.30851E+05    7.72216E-10    0.00000E+00    0.00000E+00    0.00000E+00    0.00000E+00
    1.38044E+05    3.26053E-09    0.00000E+00    0.00000E+00    0.00000E+00    0.00000E+00
    1.45634E+05    7.09527E-09    0.00000E+00    0.00000E+00    0.00000E+00    0.00000E+00
    1.53640E+05    1.38648E-08    0.00000E+00    0.00000E+00    0.00000E+00    0.00000E+00
    1.62087E+05    8.76613E-09    0.00000E+00    0.00000E+00    0.00000E+00    0.00000E+00
    1.70998E+05    8.55586E-09    0.00000E+00    0.00000E+00    0.00000E+00    0.00000E+00
    1.80398E+05    9.44493E-09    0.00000E+00    0.00000E+00    0.00000E+00    0.00000E+00
    1.90316E+05    1.67999E-08    0.00000E+00    0.00000E+00    0.00000E+00    0.00000E+00
    2.00779E+05    3.90162E-08    0.00000E+00    0.00000E+00    0.00000E+00    0.00000E+00
    2.11817E+05    6.57902E-08    0.00000E+00    0.00000E+00    0.00000E+00    0.00000E+00
    2.23462E+05    9.98721E-08    0.00000E+00    0.00000E+00    0.00000E+00    0.00000E+00
    2.35747E+05    1.61178E-07    0.00000E+00    0.00000E+00    0.00000E+00    0.00000E+00
    2.48708E+05    2.31689E-07    0.00000E+00    0.00000E+00    0.00000E+00    0.00000E+00
    2.62381E+05    3.51097E-07    0.00000E+00    0.00000E+00    0.00000E+00    0.00000E+00
    2.76805E+05    4.99330E-07    0.00000E+00    0.00000E+00    0.00000E+00    0.00000E+00
    2.92023E+05    6.61572E-07    0.00000E+00    0.00000E+00    0.00000E+00    0.00000E+00
    3.08078E+05    8.59181E-07    0.00000E+00    0.00000E+00    0.00000E+00    0.00000E+00
    3.25015E+05    1.06130E-06    0.00000E+00    0.00000E+00    0.00000E+00    0.00000E+00
    3.42883E+05    1.32189E-06    0.00000E+00    0.00000E+00    0.00000E+00    0.00000E+00
    3.61733E+05    1.49158E-06    0.00000E+00    0.00000E+00    0.00000E+00    0.00000E+00
    3.81620E+05    1.69325E-06    0.00000E+00    0.00000E+00    0.00000E+00    0.00000E+00
    4.02600E+05    1.88371E-06    0.00000E+00    0.00000E+00    0.00000E+00    0.00000E+00
    4.24733E+05    2.03293E-06    0.00000E+00    0.00000E+00    0.00000E+00    0.00000E+00
    4.48084E+05    2.13909E-06    0.00000E+00    0.00000E+00    0.00000E+00    0.00000E+00
    4.72718E+05    2.19783E-06    0.00000E+00    0.00000E+00    0.00000E+00    0.00000E+00
    4.98706E+05    2.17873E-06    0.00000E+00    0.00000E+00    0.00000E+00    0.00000E+00
    5.26123E+05    2.18061E-06    0.00000E+00    0.00000E+00    0.00000E+00    0.00000E+00
    5.55047E+05    2.10477E-06    0.00000E+00    0.00000E+00    0.00000E+00    0.00000E+00
    5.85562E+05    2.00945E-06    0.00000E+00    0.00000E+00    0.00000E+00    0.00000E+00
    6.17754E+05    1.86814E-06    0.00000E+00    0.00000E+00    0.00000E+00    0.00000E+00
    6.51716E+05    1.72950E-06    0.00000E+00    0.00000E+00    0.00000E+00    0.00000E+00
    6.87545E+05    1.57343E-06    0.00000E+00    0.00000E+00    0.00000E+00    0.00000E+00
    7.25343E+05    1.41352E-06    0.00000E+00    0.00000E+00    0.00000E+00    0.00000E+00
    7.65220E+05    1.26467E-06    0.00000E+00    0.00000E+00    0.00000E+00    0.00000E+00
    8.07289E+05    1.11221E-06    0.00000E+00    0.00000E+00    0.00000E+00    0.00000E+00
    8.51671E+05    9.71958E-07    0.00000E+00    0.00000E+00    0.00000E+00    0.00000E+00
    8.98493E+05    8.37079E-07    0.00000E+00    0.00000E+00    0.00000E+00    0.00000E+00
    9.47888E+05    7.18679E-07    0.00000E+00    0.00000E+00    0.00000E+00    0.00000E+00
    1.00000E+06    6.08744E-07    0.00000E+00    0.00000E+00    0.00000E+00    0.00000E+00
