 # Columns are: Lambda (Angstroms) and Flux (Flux * lambda) (ergs/s/cm^2)
    5.00000E+03    3.28727E-38    0.00000E+00    0.00000E+00    0.00000E+00    0.00000E+00
    5.27488E+03    1.32698E-37    0.00000E+00    0.00000E+00    0.00000E+00    0.00000E+00
    5.56488E+03    1.32115E-36    0.00000E+00    0.00000E+00    0.00000E+00    0.00000E+00
    5.87081E+03    2.89256E-36    0.00000E+00    0.00000E+00    0.00000E+00    0.00000E+00
    6.19357E+03    1.50073E-35    0.00000E+00    0.00000E+00    0.00000E+00    0.00000E+00
    6.53407E+03    7.36317E-35    0.00000E+00    0.00000E+00    0.00000E+00    0.00000E+00
    6.89329E+03    3.82848E-34    0.00000E+00    0.00000E+00    0.00000E+00    0.00000E+00
    7.27225E+03    1.84124E-33    0.00000E+00    0.00000E+00    0.00000E+00    0.00000E+00
    7.67206E+03    9.14269E-33    0.00000E+00    0.00000E+00    0.00000E+00    0.00000E+00
    8.09384E+03    4.69992E-32    0.00000E+00    0.00000E+00    0.00000E+00    0.00000E+00
    8.53881E+03    2.68185E-30    0.00000E+00    0.00000E+00    0.00000E+00    0.00000E+00
    9.00824E+03    1.22010E-30    0.00000E+00    0.00000E+00    0.00000E+00    0.00000E+00
    9.50348E+03    5.85553E-30    0.00000E+00    0.00000E+00    0.00000E+00    0.00000E+00
    1.00259E+04    2.36888E-29    0.00000E+00    0.00000E+00    0.00000E+00    0.00000E+00
    1.05771E+04    9.87318E-29    0.00000E+00    0.00000E+00    0.00000E+00    0.00000E+00
    1.11586E+04    4.37697E-28    0.00000E+00    0.00000E+00    0.00000E+00    0.00000E+00
    1.17721E+04    1.85296E-27    0.00000E+00    0.00000E+00    0.00000E+00    0.00000E+00
    1.24193E+04    7.40059E-27    0.00000E+00    0.00000E+00    0.00000E+00    0.00000E+00
    1.31020E+04    3.27502E-26    0.00000E+00    0.00000E+00    0.00000E+00    0.00000E+00
    1.38223E+04    1.35178E-25    0.00000E+00    0.00000E+00    0.00000E+00    0.00000E+00
    1.45822E+04    6.47501E-25    0.00000E+00    0.00000E+00    0.00000E+00    0.00000E+00
    1.53839E+04    3.18822E-24    0.00000E+00    0.00000E+00    0.00000E+00    0.00000E+00
    1.62297E+04    7.37594E-23    0.00000E+00    0.00000E+00    0.00000E+00    0.00000E+00
    1.71219E+04    8.80053E-23    0.00000E+00    0.00000E+00    0.00000E+00    0.00000E+00
    1.80632E+04    1.65354E-21    0.00000E+00    0.00000E+00    0.00000E+00    0.00000E+00
    1.90563E+04    1.85413E-21    0.00000E+00    0.00000E+00    0.00000E+00    0.00000E+00
    2.01039E+04    5.27635E-21    0.00000E+00    0.00000E+00    0.00000E+00    0.00000E+00
    2.12092E+04    1.84259E-20    0.00000E+00    0.00000E+00    0.00000E+00    0.00000E+00
    2.23752E+04    8.36750E-20    0.00000E+00    0.00000E+00    0.00000E+00    0.00000E+00
    2.36053E+04    3.32293E-19    0.00000E+00    0.00000E+00    0.00000E+00    0.00000E+00
    2.49030E+04    1.41072E-18    0.00000E+00    0.00000E+00    0.00000E+00    0.00000E+00
    2.62721E+04    5.20095E-18    0.00000E+00    0.00000E+00    0.00000E+00    0.00000E+00
    2.77164E+04    2.05893E-17    0.00000E+00    0.00000E+00    0.00000E+00    0.00000E+00
    2.92402E+04    6.40277E-17    0.00000E+00    0.00000E+00    0.00000E+00    0.00000E+00
    3.08477E+04    2.25111E-16    0.00000E+00    0.00000E+00    0.00000E+00    0.00000E+00
    3.25436E+04    5.51163E-16    0.00000E+00    0.00000E+00    0.00000E+00    0.00000E+00
    3.43327E+04    1.56528E-15    0.00000E+00    0.00000E+00    0.00000E+00    0.00000E+00
    3.62202E+04    6.90618E-15    0.00000E+00    0.00000E+00    0.00000E+00    0.00000E+00
    3.82115E+04    1.34942E-14    0.00000E+00    0.00000E+00    0.00000E+00    0.00000E+00
    4.03122E+04    3.68791E-14    0.00000E+00    0.00000E+00    0.00000E+00    0.00000E+00
    4.25284E+04    1.27745E-13    0.00000E+00    0.00000E+00    0.00000E+00    0.00000E+00
    4.48665E+04    4.37491E-13    0.00000E+00    0.00000E+00    0.00000E+00    0.00000E+00
    4.73331E+04    1.50396E-12    0.00000E+00    0.00000E+00    0.00000E+00    0.00000E+00
    4.99353E+04    8.77408E-12    0.00000E+00    0.00000E+00    0.00000E+00    0.00000E+00
    5.26805E+04    1.24523E-08    0.00000E+00    0.00000E+00    0.00000E+00    0.00000E+00
    5.55767E+04    8.01518E-11    0.00000E+00    0.00000E+00    0.00000E+00    0.00000E+00
    5.86321E+04    2.89416E-10    0.00000E+00    0.00000E+00    0.00000E+00    0.00000E+00
    6.18555E+04    1.37872E-09    0.00000E+00    0.00000E+00    0.00000E+00    0.00000E+00
    6.52561E+04    4.34030E-09    0.00000E+00    0.00000E+00    0.00000E+00    0.00000E+00
    6.88436E+04    1.31176E-08    0.00000E+00    0.00000E+00    0.00000E+00    0.00000E+00
    7.26284E+04    5.19506E-08    0.00000E+00    0.00000E+00    0.00000E+00    0.00000E+00
    7.66212E+04    6.58927E-08    0.00000E+00    0.00000E+00    0.00000E+00    0.00000E+00
    8.08336E+04    4.84265E-09    0.00000E+00    0.00000E+00    0.00000E+00    0.00000E+00
    8.52775E+04    7.19004E-11    0.00000E+00    0.00000E+00    0.00000E+00    0.00000E+00
    8.99658E+04    4.63579E-12    0.00000E+00    0.00000E+00    0.00000E+00    0.00000E+00
    9.49118E+04    2.75450E-13    0.00000E+00    0.00000E+00    0.00000E+00    0.00000E+00
    1.00130E+05    6.67298E-12    0.00000E+00    0.00000E+00    0.00000E+00    0.00000E+00
    1.05634E+05    8.90943E-12    0.00000E+00    0.00000E+00    0.00000E+00    0.00000E+00
    1.11442E+05    2.87571E-11    0.00000E+00    0.00000E+00    0.00000E+00    0.00000E+00
    1.17568E+05    1.09466E-10    0.00000E+00    0.00000E+00    0.00000E+00    0.00000E+00
    1.24032E+05    6.13125E-10    0.00000E+00    0.00000E+00    0.00000E+00    0.00000E+00
    1.30851E+05    2.36618E-09    0.00000E+00    0.00000E+00    0.00000E+00    0.00000E+00
    1.38044E+05    1.43389E-08    0.00000E+00    0.00000E+00    0.00000E+00    0.00000E+00
    1.45634E+05    2.14808E-08    0.00000E+00    0.00000E+00    0.00000E+00    0.00000E+00
    1.53640E+05    2.71401E-08    0.00000E+00    0.00000E+00    0.00000E+00    0.00000E+00
    1.62087E+05    2.20008E-08    0.00000E+00    0.00000E+00    0.00000E+00    0.00000E+00
    1.70998E+05    3.33751E-08    0.00000E+00    0.00000E+00    0.00000E+00    0.00000E+00
    1.80398E+05    2.20609E-08    0.00000E+00    0.00000E+00    0.00000E+00    0.00000E+00
    1.90316E+05    4.42244E-08    0.00000E+00    0.00000E+00    0.00000E+00    0.00000E+00
    2.00779E+05    7.11922E-08    0.00000E+00    0.00000E+00    0.00000E+00    0.00000E+00
    2.11817E+05    1.08268E-07    0.00000E+00    0.00000E+00    0.00000E+00    0.00000E+00
    2.23462E+05    1.85354E-07    0.00000E+00    0.00000E+00    0.00000E+00    0.00000E+00
    2.35747E+05    2.92210E-07    0.00000E+00    0.00000E+00    0.00000E+00    0.00000E+00
    2.48708E+05    4.07854E-07    0.00000E+00    0.00000E+00    0.00000E+00    0.00000E+00
    2.62381E+05    6.02923E-07    0.00000E+00    0.00000E+00    0.00000E+00    0.00000E+00
    2.76805E+05    8.05424E-07    0.00000E+00    0.00000E+00    0.00000E+00    0.00000E+00
    2.92023E+05    9.95566E-07    0.00000E+00    0.00000E+00    0.00000E+00    0.00000E+00
    3.08078E+05    1.27482E-06    0.00000E+00    0.00000E+00    0.00000E+00    0.00000E+00
    3.25015E+05    1.54466E-06    0.00000E+00    0.00000E+00    0.00000E+00    0.00000E+00
    3.42883E+05    1.83293E-06    0.00000E+00    0.00000E+00    0.00000E+00    0.00000E+00
    3.61733E+05    2.04362E-06    0.00000E+00    0.00000E+00    0.00000E+00    0.00000E+00
    3.81620E+05    2.25866E-06    0.00000E+00    0.00000E+00    0.00000E+00    0.00000E+00
    4.02600E+05    2.44097E-06    0.00000E+00    0.00000E+00    0.00000E+00    0.00000E+00
    4.24733E+05    2.57450E-06    0.00000E+00    0.00000E+00    0.00000E+00    0.00000E+00
    4.48084E+05    2.63323E-06    0.00000E+00    0.00000E+00    0.00000E+00    0.00000E+00
    4.72718E+05    2.64063E-06    0.00000E+00    0.00000E+00    0.00000E+00    0.00000E+00
    4.98706E+05    2.63444E-06    0.00000E+00    0.00000E+00    0.00000E+00    0.00000E+00
    5.26123E+05    2.56408E-06    0.00000E+00    0.00000E+00    0.00000E+00    0.00000E+00
    5.55047E+05    2.46218E-06    0.00000E+00    0.00000E+00    0.00000E+00    0.00000E+00
    5.85562E+05    2.30215E-06    0.00000E+00    0.00000E+00    0.00000E+00    0.00000E+00
    6.17754E+05    2.13306E-06    0.00000E+00    0.00000E+00    0.00000E+00    0.00000E+00
    6.51716E+05    1.94002E-06    0.00000E+00    0.00000E+00    0.00000E+00    0.00000E+00
    6.87545E+05    1.77382E-06    0.00000E+00    0.00000E+00    0.00000E+00    0.00000E+00
    7.25343E+05    1.57045E-06    0.00000E+00    0.00000E+00    0.00000E+00    0.00000E+00
    7.65220E+05    1.39543E-06    0.00000E+00    0.00000E+00    0.00000E+00    0.00000E+00
    8.07289E+05    1.21796E-06    0.00000E+00    0.00000E+00    0.00000E+00    0.00000E+00
    8.51671E+05    1.05142E-06    0.00000E+00    0.00000E+00    0.00000E+00    0.00000E+00
    8.98493E+05    9.08184E-07    0.00000E+00    0.00000E+00    0.00000E+00    0.00000E+00
    9.47888E+05    7.76327E-07    0.00000E+00    0.00000E+00    0.00000E+00    0.00000E+00
    1.00000E+06    6.53151E-07    0.00000E+00    0.00000E+00    0.00000E+00    0.00000E+00
