      # Columns are: wavelength (microns), kappa ext (cm^2 g^-1),   kappa abs (cm^2 g^-1), kappa sca (cm^2 g^-1), albedo
 # Note that the opacities are per gram of gas
   1.0000E-01   2.1794E+02   9.4307E+01   1.2363E+02   5.6727E-01
   1.0474E-01   2.1885E+02   9.5632E+01   1.2322E+02   5.6303E-01
   1.0970E-01   2.1908E+02   9.7885E+01   1.2120E+02   5.5320E-01
   1.1490E-01   2.1980E+02   9.9174E+01   1.2063E+02   5.4880E-01
   1.2034E-01   2.2069E+02   1.0018E+02   1.2051E+02   5.4605E-01
   1.2604E-01   2.2135E+02   1.0193E+02   1.1942E+02   5.3952E-01
   1.3201E-01   2.2232E+02   1.0288E+02   1.1944E+02   5.3725E-01
   1.3826E-01   2.2319E+02   1.0430E+02   1.1888E+02   5.3267E-01
   1.4481E-01   2.2509E+02   1.0188E+02   1.2321E+02   5.4736E-01
   1.5167E-01   2.2520E+02   1.0336E+02   1.2184E+02   5.4101E-01
   1.5886E-01   2.2623E+02   1.0672E+02   1.1951E+02   5.2827E-01
   1.6638E-01   2.2861E+02   1.0936E+02   1.1925E+02   5.2164E-01
   1.7426E-01   2.3009E+02   1.1054E+02   1.1955E+02   5.1957E-01
   1.8252E-01   2.2618E+02   1.0857E+02   1.1760E+02   5.1996E-01
   1.9116E-01   2.2446E+02   1.0101E+02   1.2344E+02   5.4997E-01
   2.0022E-01   2.3955E+02   9.2502E+01   1.4705E+02   6.1386E-01
   2.0970E-01   2.5940E+02   8.3162E+01   1.7624E+02   6.7941E-01
   2.1964E-01   2.6705E+02   7.2503E+01   1.9455E+02   7.2851E-01
   2.3004E-01   2.5146E+02   6.6863E+01   1.8460E+02   7.3410E-01
   2.4094E-01   2.2734E+02   6.6143E+01   1.6120E+02   7.0906E-01
   2.5235E-01   2.0883E+02   6.7837E+01   1.4099E+02   6.7515E-01
   2.6431E-01   1.9609E+02   6.6197E+01   1.2989E+02   6.6241E-01
   2.7683E-01   1.9953E+02   6.3888E+01   1.3564E+02   6.7981E-01
   2.8994E-01   2.1190E+02   6.4322E+01   1.4758E+02   6.9646E-01
   3.0368E-01   2.2687E+02   6.1394E+01   1.6547E+02   7.2938E-01
   3.1806E-01   2.5331E+02   5.8417E+01   1.9490E+02   7.6939E-01
   3.3313E-01   2.8358E+02   5.8380E+01   2.2520E+02   7.9413E-01
   3.4891E-01   3.0539E+02   5.6010E+01   2.4938E+02   8.1660E-01
   3.6544E-01   3.2682E+02   5.2561E+01   2.7426E+02   8.3918E-01
   3.8275E-01   3.5036E+02   5.1019E+01   2.9934E+02   8.5438E-01
   4.0088E-01   3.6956E+02   4.9767E+01   3.1979E+02   8.6533E-01
   4.1987E-01   3.8028E+02   4.7386E+01   3.3290E+02   8.7539E-01
   4.3976E-01   3.8634E+02   4.5130E+01   3.4121E+02   8.8319E-01
   4.6059E-01   3.8726E+02   4.3109E+01   3.4416E+02   8.8868E-01
   4.8241E-01   3.8355E+02   4.0895E+01   3.4266E+02   8.9338E-01
   5.0526E-01   3.7819E+02   3.8610E+01   3.3958E+02   8.9791E-01
   5.2920E-01   3.7401E+02   3.7187E+01   3.3683E+02   9.0057E-01
   5.5427E-01   3.6641E+02   3.6336E+01   3.3008E+02   9.0083E-01
   5.8052E-01   3.5121E+02   3.5004E+01   3.1620E+02   9.0033E-01
   6.0802E-01   3.2943E+02   3.2841E+01   2.9659E+02   9.0031E-01
   6.3683E-01   3.0514E+02   3.0075E+01   2.7507E+02   9.0144E-01
   6.6699E-01   2.8393E+02   2.7448E+01   2.5648E+02   9.0333E-01
   6.9859E-01   2.6845E+02   2.5716E+01   2.4273E+02   9.0421E-01
   7.3168E-01   2.5606E+02   2.4916E+01   2.3115E+02   9.0269E-01
   7.6634E-01   2.4279E+02   2.4586E+01   2.1821E+02   8.9874E-01
   8.0264E-01   2.2597E+02   2.4163E+01   2.0180E+02   8.9307E-01
   8.4067E-01   2.0525E+02   2.3300E+01   1.8195E+02   8.8648E-01
   8.8049E-01   1.8197E+02   2.1892E+01   1.6008E+02   8.7969E-01
   9.2220E-01   1.5852E+02   2.0066E+01   1.3846E+02   8.7342E-01
   9.6588E-01   1.3691E+02   1.8077E+01   1.1883E+02   8.6796E-01
   1.0116E+00   1.1827E+02   1.6180E+01   1.0209E+02   8.6320E-01
   1.0596E+00   1.0259E+02   1.4510E+01   8.8084E+01   8.5857E-01
   1.1098E+00   8.9382E+01   1.3100E+01   7.6282E+01   8.5344E-01
   1.1623E+00   7.8015E+01   1.1914E+01   6.6101E+01   8.4728E-01
   1.2174E+00   6.8063E+01   1.0916E+01   5.7147E+01   8.3962E-01
   1.2751E+00   5.9283E+01   1.0062E+01   4.9221E+01   8.3027E-01
   1.3355E+00   5.1509E+01   9.3317E+00   4.2178E+01   8.1883E-01
   1.3987E+00   4.4630E+01   8.6806E+00   3.5949E+01   8.0550E-01
   1.4650E+00   3.8570E+01   8.0875E+00   3.0482E+01   7.9031E-01
   1.5344E+00   3.3271E+01   7.5497E+00   2.5721E+01   7.7308E-01
   1.6071E+00   2.8670E+01   7.0513E+00   2.1619E+01   7.5405E-01
   1.6832E+00   2.4703E+01   6.5954E+00   1.8107E+01   7.3301E-01
   1.7629E+00   2.1301E+01   6.1831E+00   1.5118E+01   7.0972E-01
   1.8464E+00   1.8399E+01   5.8116E+00   1.2587E+01   6.8413E-01
   1.9339E+00   1.5935E+01   5.4749E+00   1.0460E+01   6.5642E-01
   2.0255E+00   1.3847E+01   5.1666E+00   8.6804E+00   6.2688E-01
   2.1215E+00   1.2078E+01   4.8823E+00   7.1954E+00   5.9576E-01
   2.2219E+00   1.0583E+01   4.6231E+00   5.9603E+00   5.6317E-01
   2.3272E+00   9.3176E+00   4.3872E+00   4.9304E+00   5.2915E-01
   2.4374E+00   8.2437E+00   4.1685E+00   4.0752E+00   4.9434E-01
   2.5529E+00   7.3357E+00   3.9687E+00   3.3670E+00   4.5899E-01
   2.6738E+00   6.5671E+00   3.7878E+00   2.7793E+00   4.2321E-01
   2.8005E+00   5.9148E+00   3.6225E+00   2.2922E+00   3.8754E-01
   2.9332E+00   5.3601E+00   3.4707E+00   1.8894E+00   3.5250E-01
   3.0721E+00   4.8879E+00   3.3312E+00   1.5568E+00   3.1849E-01
   3.2176E+00   4.4936E+00   3.2116E+00   1.2820E+00   2.8529E-01
   3.3701E+00   4.1527E+00   3.0977E+00   1.0550E+00   2.5405E-01
   3.5297E+00   3.8479E+00   2.9803E+00   8.6763E-01   2.2548E-01
   3.6969E+00   3.5815E+00   2.8690E+00   7.1249E-01   1.9894E-01
   3.8720E+00   3.3492E+00   2.7652E+00   5.8400E-01   1.7437E-01
   4.0555E+00   3.1467E+00   2.6688E+00   4.7786E-01   1.5186E-01
   4.2476E+00   2.9622E+00   2.5720E+00   3.9021E-01   1.3173E-01
   4.4488E+00   2.7977E+00   2.4800E+00   3.1770E-01   1.1356E-01
   4.6595E+00   2.6594E+00   2.4018E+00   2.5765E-01   9.6881E-02
   4.8803E+00   2.5438E+00   2.3357E+00   2.0814E-01   8.1820E-02
   5.1114E+00   2.4527E+00   2.2855E+00   1.6729E-01   6.8203E-02
   5.3536E+00   2.3906E+00   2.2570E+00   1.3355E-01   5.5866E-02
   5.6072E+00   2.3555E+00   2.2496E+00   1.0588E-01   4.4948E-02
   5.8728E+00   2.3487E+00   2.2656E+00   8.3160E-02   3.5406E-02
   6.1510E+00   2.3656E+00   2.3011E+00   6.4425E-02   2.7234E-02
   6.4424E+00   2.3711E+00   2.3221E+00   4.9017E-02   2.0672E-02
   6.7475E+00   2.3540E+00   2.3179E+00   3.6025E-02   1.5304E-02
   7.0672E+00   2.3562E+00   2.3314E+00   2.4752E-02   1.0505E-02
   7.4020E+00   2.6820E+00   2.6673E+00   1.4670E-02   5.4697E-03
   7.7526E+00   4.5190E+00   4.5118E+00   7.2032E-03   1.5940E-03
   8.1198E+00   9.2877E+00   9.2812E+00   6.5271E-03   7.0277E-04
   8.5045E+00   1.5374E+01   1.5361E+01   1.2923E-02   8.4054E-04
   8.9074E+00   2.1829E+01   2.1807E+01   2.2634E-02   1.0369E-03
   9.3293E+00   2.9081E+01   2.9041E+01   4.0059E-02   1.3775E-03
   9.7712E+00   2.8245E+01   2.8200E+01   4.4546E-02   1.5771E-03
   1.0234E+01   2.5386E+01   2.5344E+01   4.2026E-02   1.6555E-03
   1.0719E+01   2.0783E+01   2.0747E+01   3.6585E-02   1.7603E-03
   1.1227E+01   1.6706E+01   1.6677E+01   2.9247E-02   1.7507E-03
   1.1758E+01   1.3588E+01   1.3565E+01   2.3347E-02   1.7181E-03
   1.2316E+01   1.0773E+01   1.0755E+01   1.8138E-02   1.6837E-03
   1.2899E+01   8.5498E+00   8.5360E+00   1.3789E-02   1.6128E-03
   1.3510E+01   6.9013E+00   6.8911E+00   1.0157E-02   1.4718E-03
   1.4150E+01   6.1031E+00   6.0960E+00   7.1169E-03   1.1661E-03
   1.4820E+01   6.5941E+00   6.5888E+00   5.2599E-03   7.9767E-04
   1.5522E+01   7.4812E+00   7.4769E+00   4.2919E-03   5.7369E-04
   1.6258E+01   8.5488E+00   8.5449E+00   3.8213E-03   4.4700E-04
   1.7028E+01   9.5748E+00   9.5711E+00   3.6772E-03   3.8405E-04
   1.7834E+01   1.0232E+01   1.0228E+01   3.6629E-03   3.5800E-04
   1.8679E+01   1.0240E+01   1.0236E+01   3.5944E-03   3.5102E-04
   1.9564E+01   9.5720E+00   9.5687E+00   3.3428E-03   3.4922E-04
   2.0491E+01   8.5611E+00   8.5582E+00   2.9277E-03   3.4198E-04
   2.1461E+01   7.7194E+00   7.7169E+00   2.5127E-03   3.2551E-04
   2.2478E+01   6.9555E+00   6.9533E+00   2.1404E-03   3.0773E-04
   2.3543E+01   6.2853E+00   6.2835E+00   1.8043E-03   2.8707E-04
   2.4658E+01   5.6919E+00   5.6904E+00   1.5224E-03   2.6746E-04
   2.5826E+01   5.1433E+00   5.1420E+00   1.2778E-03   2.4843E-04
   2.7050E+01   4.6546E+00   4.6536E+00   1.0693E-03   2.2973E-04
   2.8331E+01   4.2177E+00   4.2168E+00   8.9590E-04   2.1241E-04
   2.9673E+01   3.8297E+00   3.8290E+00   7.5061E-04   1.9600E-04
   3.1079E+01   3.4708E+00   3.4702E+00   6.2716E-04   1.8069E-04
   3.2551E+01   3.1521E+00   3.1516E+00   5.2347E-04   1.6607E-04
   3.4093E+01   2.8692E+00   2.8688E+00   4.3657E-04   1.5216E-04
   3.5708E+01   2.6196E+00   2.6192E+00   3.6402E-04   1.3896E-04
   3.7399E+01   2.3970E+00   2.3966E+00   3.0347E-04   1.2661E-04
   3.9171E+01   2.1842E+00   2.1839E+00   2.5344E-04   1.1604E-04
   4.1027E+01   1.9875E+00   1.9873E+00   2.1180E-04   1.0657E-04
   4.2970E+01   1.8046E+00   1.8045E+00   1.7669E-04   9.7907E-05
   4.5006E+01   1.6381E+00   1.6379E+00   1.4722E-04   8.9877E-05
   4.7138E+01   1.4856E+00   1.4855E+00   1.2265E-04   8.2560E-05
   4.9370E+01   1.3476E+00   1.3475E+00   1.0213E-04   7.5785E-05
   5.1709E+01   1.2217E+00   1.2216E+00   8.5014E-05   6.9585E-05
   5.4159E+01   1.1070E+00   1.1070E+00   7.0739E-05   6.3900E-05
   5.6724E+01   1.0024E+00   1.0024E+00   5.8849E-05   5.8707E-05
   5.9411E+01   9.0759E-01   9.0754E-01   4.8940E-05   5.3922E-05
   6.2226E+01   8.2192E-01   8.2188E-01   4.0684E-05   4.9498E-05
   6.5173E+01   7.4412E-01   7.4408E-01   3.3816E-05   4.5445E-05
   6.8261E+01   6.7414E-01   6.7411E-01   2.8097E-05   4.1679E-05
   7.1494E+01   6.1012E-01   6.1010E-01   2.3350E-05   3.8272E-05
   7.4881E+01   5.5277E-01   5.5275E-01   1.9399E-05   3.5094E-05
   7.8428E+01   5.0103E-01   5.0101E-01   1.6114E-05   3.2163E-05
   8.2143E+01   4.5423E-01   4.5422E-01   1.3384E-05   2.9465E-05
   8.6035E+01   4.1176E-01   4.1175E-01   1.1118E-05   2.7000E-05
   9.0110E+01   3.7331E-01   3.7330E-01   9.2361E-06   2.4741E-05
   9.4379E+01   3.3874E-01   3.3873E-01   7.6715E-06   2.2647E-05
   9.8850E+01   3.0739E-01   3.0738E-01   6.3721E-06   2.0730E-05
   1.0353E+02   2.7917E-01   2.7916E-01   5.2915E-06   1.8955E-05
   1.0844E+02   2.5339E-01   2.5339E-01   4.3965E-06   1.7351E-05
   1.1357E+02   2.3016E-01   2.3016E-01   3.6518E-06   1.5866E-05
   1.1895E+02   2.0926E-01   2.0926E-01   3.0330E-06   1.4494E-05
   1.2459E+02   1.9030E-01   1.9029E-01   2.5190E-06   1.3237E-05
   1.3049E+02   1.7290E-01   1.7290E-01   2.0924E-06   1.2102E-05
   1.3667E+02   1.5723E-01   1.5723E-01   1.7383E-06   1.1056E-05
   1.4315E+02   1.4296E-01   1.4296E-01   1.4440E-06   1.0101E-05
   1.4993E+02   1.2996E-01   1.2996E-01   1.1997E-06   9.2312E-06
   1.5703E+02   1.1830E-01   1.1830E-01   9.9655E-07   8.4237E-06
   1.6447E+02   1.0765E-01   1.0765E-01   8.2790E-07   7.6909E-06
   1.7226E+02   9.7923E-02   9.7922E-02   6.8787E-07   7.0246E-06
   1.8042E+02   8.9176E-02   8.9175E-02   5.7141E-07   6.4077E-06
   1.8897E+02   8.1193E-02   8.1193E-02   4.7471E-07   5.8467E-06
   1.9792E+02   7.3890E-02   7.3890E-02   3.9441E-07   5.3378E-06
   2.0729E+02   6.7266E-02   6.7265E-02   3.2771E-07   4.8719E-06
   2.1711E+02   6.1270E-02   6.1270E-02   2.7231E-07   4.4444E-06
   2.2740E+02   5.5788E-02   5.5788E-02   2.2626E-07   4.0558E-06
   2.3817E+02   5.0794E-02   5.0794E-02   1.8800E-07   3.7012E-06
   2.4945E+02   4.6259E-02   4.6259E-02   1.5622E-07   3.3772E-06
   2.6127E+02   4.2135E-02   4.2135E-02   1.2980E-07   3.0806E-06
   2.7364E+02   3.8381E-02   3.8381E-02   1.0785E-07   2.8101E-06
   2.8661E+02   3.4971E-02   3.4970E-02   8.9605E-08   2.5623E-06
   3.0018E+02   3.1865E-02   3.1865E-02   7.4448E-08   2.3364E-06
   3.1440E+02   2.9025E-02   2.9025E-02   6.1865E-08   2.1314E-06
   3.2930E+02   2.6438E-02   2.6438E-02   5.1410E-08   1.9445E-06
   3.4490E+02   2.4089E-02   2.4089E-02   4.2718E-08   1.7733E-06
   3.6123E+02   2.1962E-02   2.1962E-02   3.5495E-08   1.6162E-06
   3.7835E+02   2.0007E-02   2.0007E-02   2.9495E-08   1.4743E-06
   3.9627E+02   1.8231E-02   1.8231E-02   2.4508E-08   1.3443E-06
   4.1504E+02   1.6622E-02   1.6622E-02   2.0363E-08   1.2251E-06
   4.3470E+02   1.5140E-02   1.5140E-02   1.6924E-08   1.1178E-06
   4.5529E+02   1.3805E-02   1.3805E-02   1.4062E-08   1.0186E-06
   4.7686E+02   1.2577E-02   1.2577E-02   1.1687E-08   9.2926E-07
   4.9945E+02   1.1461E-02   1.1461E-02   9.7106E-09   8.4727E-07
   5.2311E+02   1.0449E-02   1.0449E-02   8.0686E-09   7.7220E-07
   5.4789E+02   9.5251E-03   9.5251E-03   6.7043E-09   7.0386E-07
   5.7384E+02   8.6769E-03   8.6769E-03   5.5723E-09   6.4220E-07
   6.0103E+02   7.9103E-03   7.9103E-03   4.6302E-09   5.8534E-07
   6.2950E+02   7.2106E-03   7.2106E-03   3.8474E-09   5.3358E-07
   6.5932E+02   6.5730E-03   6.5730E-03   3.1970E-09   4.8638E-07
   6.9055E+02   5.9918E-03   5.9918E-03   2.6565E-09   4.4335E-07
   7.2326E+02   5.4619E-03   5.4619E-03   2.2074E-09   4.0414E-07
   7.5752E+02   4.9790E-03   4.9790E-03   1.8342E-09   3.6840E-07
   7.9341E+02   4.5388E-03   4.5388E-03   1.5242E-09   3.3581E-07
   8.3099E+02   4.1353E-03   4.1353E-03   1.2669E-09   3.0635E-07
   8.7036E+02   3.7691E-03   3.7691E-03   1.0527E-09   2.7930E-07
   9.1159E+02   3.4360E-03   3.4360E-03   8.7479E-10   2.5460E-07
   9.5477E+02   3.1321E-03   3.1321E-03   7.2692E-10   2.3208E-07
   1.0000E+03   2.8551E-03   2.8551E-03   6.0405E-10   2.1157E-07
