 # Columns are: Lambda (Angstroms) and Flux (Flux * lambda) (ergs/s/cm^2)
    1.00000E+03    0.00000E+00    0.00000E+00    0.00000E+00    0.00000E+00    0.00000E+00
    1.04737E+03    0.00000E+00    0.00000E+00    0.00000E+00    0.00000E+00    0.00000E+00
    1.09699E+03    0.00000E+00    0.00000E+00    0.00000E+00    0.00000E+00    0.00000E+00
    1.14895E+03    0.00000E+00    0.00000E+00    0.00000E+00    0.00000E+00    0.00000E+00
    1.20338E+03    0.00000E+00    0.00000E+00    0.00000E+00    0.00000E+00    0.00000E+00
    1.26038E+03    0.00000E+00    0.00000E+00    0.00000E+00    0.00000E+00    0.00000E+00
    1.32009E+03    0.00000E+00    0.00000E+00    0.00000E+00    0.00000E+00    0.00000E+00
    1.38262E+03    0.00000E+00    0.00000E+00    0.00000E+00    0.00000E+00    0.00000E+00
    1.44812E+03    0.00000E+00    0.00000E+00    0.00000E+00    0.00000E+00    0.00000E+00
    1.51672E+03    0.00000E+00    0.00000E+00    0.00000E+00    0.00000E+00    0.00000E+00
    1.58857E+03    0.00000E+00    0.00000E+00    0.00000E+00    0.00000E+00    0.00000E+00
    1.66382E+03    0.00000E+00    0.00000E+00    0.00000E+00    0.00000E+00    0.00000E+00
    1.74263E+03    0.00000E+00    0.00000E+00    0.00000E+00    0.00000E+00    0.00000E+00
    1.82518E+03    0.00000E+00    0.00000E+00    0.00000E+00    0.00000E+00    0.00000E+00
    1.91164E+03    0.00000E+00    0.00000E+00    0.00000E+00    0.00000E+00    0.00000E+00
    2.00220E+03    0.00000E+00    0.00000E+00    0.00000E+00    0.00000E+00    0.00000E+00
    2.09705E+03    0.00000E+00    0.00000E+00    0.00000E+00    0.00000E+00    0.00000E+00
    2.19639E+03    0.00000E+00    0.00000E+00    0.00000E+00    0.00000E+00    0.00000E+00
    2.30043E+03    0.00000E+00    0.00000E+00    0.00000E+00    0.00000E+00    0.00000E+00
    2.40940E+03    0.00000E+00    0.00000E+00    0.00000E+00    0.00000E+00    0.00000E+00
    2.52354E+03    0.00000E+00    0.00000E+00    0.00000E+00    0.00000E+00    0.00000E+00
    2.64308E+03    0.00000E+00    0.00000E+00    0.00000E+00    0.00000E+00    0.00000E+00
    2.76829E+03    0.00000E+00    0.00000E+00    0.00000E+00    0.00000E+00    0.00000E+00
    2.89942E+03    0.00000E+00    0.00000E+00    0.00000E+00    0.00000E+00    0.00000E+00
    3.03677E+03    0.00000E+00    0.00000E+00    0.00000E+00    0.00000E+00    0.00000E+00
    3.18063E+03    0.00000E+00    0.00000E+00    0.00000E+00    0.00000E+00    0.00000E+00
    3.33129E+03    0.00000E+00    0.00000E+00    0.00000E+00    0.00000E+00    0.00000E+00
    3.48910E+03    0.00000E+00    0.00000E+00    0.00000E+00    0.00000E+00    0.00000E+00
    3.65438E+03    0.00000E+00    0.00000E+00    0.00000E+00    0.00000E+00    0.00000E+00
    3.82749E+03    0.00000E+00    0.00000E+00    0.00000E+00    0.00000E+00    0.00000E+00
    4.00881E+03    0.00000E+00    0.00000E+00    0.00000E+00    0.00000E+00    0.00000E+00
    4.19871E+03    0.00000E+00    0.00000E+00    0.00000E+00    0.00000E+00    0.00000E+00
    4.39760E+03    0.00000E+00    0.00000E+00    0.00000E+00    0.00000E+00    0.00000E+00
    4.60592E+03    0.00000E+00    0.00000E+00    0.00000E+00    0.00000E+00    0.00000E+00
    4.82411E+03    0.00000E+00    0.00000E+00    0.00000E+00    0.00000E+00    0.00000E+00
    5.05263E+03    0.00000E+00    0.00000E+00    0.00000E+00    0.00000E+00    0.00000E+00
    5.29198E+03    0.00000E+00    0.00000E+00    0.00000E+00    0.00000E+00    0.00000E+00
    5.54266E+03    0.00000E+00    0.00000E+00    0.00000E+00    0.00000E+00    0.00000E+00
    5.80523E+03    0.00000E+00    0.00000E+00    0.00000E+00    0.00000E+00    0.00000E+00
    6.08022E+03    0.00000E+00    0.00000E+00    0.00000E+00    0.00000E+00    0.00000E+00
    6.36825E+03    0.00000E+00    0.00000E+00    0.00000E+00    0.00000E+00    0.00000E+00
    6.66992E+03    0.00000E+00    0.00000E+00    0.00000E+00    0.00000E+00    0.00000E+00
    6.98588E+03    0.00000E+00    0.00000E+00    0.00000E+00    0.00000E+00    0.00000E+00
    7.31681E+03    0.00000E+00    0.00000E+00    0.00000E+00    0.00000E+00    0.00000E+00
    7.66341E+03    0.00000E+00    0.00000E+00    0.00000E+00    0.00000E+00    0.00000E+00
    8.02643E+03    0.00000E+00    0.00000E+00    0.00000E+00    0.00000E+00    0.00000E+00
    8.40665E+03    0.00000E+00    0.00000E+00    0.00000E+00    0.00000E+00    0.00000E+00
    8.80488E+03    0.00000E+00    0.00000E+00    0.00000E+00    0.00000E+00    0.00000E+00
    9.22198E+03    0.00000E+00    0.00000E+00    0.00000E+00    0.00000E+00    0.00000E+00
    9.65883E+03    0.00000E+00    0.00000E+00    0.00000E+00    0.00000E+00    0.00000E+00
    1.01164E+04    0.00000E+00    0.00000E+00    0.00000E+00    0.00000E+00    0.00000E+00
    1.05956E+04    0.00000E+00    0.00000E+00    0.00000E+00    0.00000E+00    0.00000E+00
    1.10975E+04    0.00000E+00    0.00000E+00    0.00000E+00    0.00000E+00    0.00000E+00
    1.16232E+04    0.00000E+00    0.00000E+00    0.00000E+00    0.00000E+00    0.00000E+00
    1.21738E+04    0.00000E+00    0.00000E+00    0.00000E+00    0.00000E+00    0.00000E+00
    1.27505E+04    0.00000E+00    0.00000E+00    0.00000E+00    0.00000E+00    0.00000E+00
    1.33545E+04    0.00000E+00    0.00000E+00    0.00000E+00    0.00000E+00    0.00000E+00
    1.39871E+04    0.00000E+00    0.00000E+00    0.00000E+00    0.00000E+00    0.00000E+00
    1.46497E+04    0.00000E+00    0.00000E+00    0.00000E+00    0.00000E+00    0.00000E+00
    1.53437E+04    0.00000E+00    0.00000E+00    0.00000E+00    0.00000E+00    0.00000E+00
    1.60705E+04    0.00000E+00    0.00000E+00    0.00000E+00    0.00000E+00    0.00000E+00
    1.68318E+04    0.00000E+00    0.00000E+00    0.00000E+00    0.00000E+00    0.00000E+00
    1.76291E+04    0.00000E+00    0.00000E+00    0.00000E+00    0.00000E+00    0.00000E+00
    1.84642E+04    5.73716E-43    0.00000E+00    0.00000E+00    0.00000E+00    0.00000E+00
    1.93389E+04    2.59297E-39    0.00000E+00    0.00000E+00    0.00000E+00    0.00000E+00
    2.02550E+04    3.06290E-36    0.00000E+00    0.00000E+00    0.00000E+00    0.00000E+00
    2.12145E+04    1.26005E-33    0.00000E+00    0.00000E+00    0.00000E+00    0.00000E+00
    2.22195E+04    2.19779E-31    0.00000E+00    0.00000E+00    0.00000E+00    0.00000E+00
    2.32720E+04    1.94514E-29    0.00000E+00    0.00000E+00    0.00000E+00    0.00000E+00
    2.43744E+04    9.25769E-28    0.00000E+00    0.00000E+00    0.00000E+00    0.00000E+00
    2.55291E+04    2.38909E-26    0.00000E+00    0.00000E+00    0.00000E+00    0.00000E+00
    2.67384E+04    3.92102E-25    0.00000E+00    0.00000E+00    0.00000E+00    0.00000E+00
    2.80050E+04    4.58785E-24    0.00000E+00    0.00000E+00    0.00000E+00    0.00000E+00
    2.93317E+04    3.34074E-23    0.00000E+00    0.00000E+00    0.00000E+00    0.00000E+00
    3.07211E+04    2.07274E-22    0.00000E+00    0.00000E+00    0.00000E+00    0.00000E+00
    3.21764E+04    9.30409E-22    0.00000E+00    0.00000E+00    0.00000E+00    0.00000E+00
    3.37006E+04    3.56505E-21    0.00000E+00    0.00000E+00    0.00000E+00    0.00000E+00
    3.52971E+04    1.26015E-20    0.00000E+00    0.00000E+00    0.00000E+00    0.00000E+00
    3.69691E+04    4.03269E-20    0.00000E+00    0.00000E+00    0.00000E+00    0.00000E+00
    3.87204E+04    1.05336E-19    0.00000E+00    0.00000E+00    0.00000E+00    0.00000E+00
    4.05546E+04    2.46892E-19    0.00000E+00    0.00000E+00    0.00000E+00    0.00000E+00
    4.24757E+04    6.29523E-19    0.00000E+00    0.00000E+00    0.00000E+00    0.00000E+00
    4.44878E+04    1.37597E-18    0.00000E+00    0.00000E+00    0.00000E+00    0.00000E+00
    4.65953E+04    2.53098E-18    0.00000E+00    0.00000E+00    0.00000E+00    0.00000E+00
    4.88025E+04    3.86489E-18    0.00000E+00    0.00000E+00    0.00000E+00    0.00000E+00
    5.11143E+04    6.08839E-18    0.00000E+00    0.00000E+00    0.00000E+00    0.00000E+00
    5.35357E+04    6.87176E-18    0.00000E+00    0.00000E+00    0.00000E+00    0.00000E+00
    5.60717E+04    6.71773E-18    0.00000E+00    0.00000E+00    0.00000E+00    0.00000E+00
    5.87279E+04    5.12853E-18    0.00000E+00    0.00000E+00    0.00000E+00    0.00000E+00
    6.15099E+04    3.48494E-18    0.00000E+00    0.00000E+00    0.00000E+00    0.00000E+00
    6.44236E+04    2.52245E-18    0.00000E+00    0.00000E+00    0.00000E+00    0.00000E+00
    6.74754E+04    2.25668E-18    0.00000E+00    0.00000E+00    0.00000E+00    0.00000E+00
    7.06718E+04    1.75979E-18    0.00000E+00    0.00000E+00    0.00000E+00    0.00000E+00
    7.40196E+04    8.23285E-20    0.00000E+00    0.00000E+00    0.00000E+00    0.00000E+00
    7.75260E+04    8.59936E-27    0.00000E+00    0.00000E+00    0.00000E+00    0.00000E+00
    8.11984E+04    1.02611E-44    0.00000E+00    0.00000E+00    0.00000E+00    0.00000E+00
    8.50449E+04    0.00000E+00    0.00000E+00    0.00000E+00    0.00000E+00    0.00000E+00
    8.90735E+04    0.00000E+00    0.00000E+00    0.00000E+00    0.00000E+00    0.00000E+00
    9.32930E+04    0.00000E+00    0.00000E+00    0.00000E+00    0.00000E+00    0.00000E+00
    9.77124E+04    0.00000E+00    0.00000E+00    0.00000E+00    0.00000E+00    0.00000E+00
    1.02341E+05    0.00000E+00    0.00000E+00    0.00000E+00    0.00000E+00    0.00000E+00
    1.07189E+05    0.00000E+00    0.00000E+00    0.00000E+00    0.00000E+00    0.00000E+00
    1.12267E+05    0.00000E+00    0.00000E+00    0.00000E+00    0.00000E+00    0.00000E+00
    1.17585E+05    0.00000E+00    0.00000E+00    0.00000E+00    0.00000E+00    0.00000E+00
    1.23155E+05    0.00000E+00    0.00000E+00    0.00000E+00    0.00000E+00    0.00000E+00
    1.28989E+05    3.49710E-42    0.00000E+00    0.00000E+00    0.00000E+00    0.00000E+00
    1.35099E+05    3.32457E-36    0.00000E+00    0.00000E+00    0.00000E+00    0.00000E+00
    1.41499E+05    2.44826E-33    0.00000E+00    0.00000E+00    0.00000E+00    0.00000E+00
    1.48202E+05    3.55261E-35    0.00000E+00    0.00000E+00    0.00000E+00    0.00000E+00
    1.55222E+05    1.24558E-38    0.00000E+00    0.00000E+00    0.00000E+00    0.00000E+00
    1.62576E+05    1.33334E-42    0.00000E+00    0.00000E+00    0.00000E+00    0.00000E+00
    1.70277E+05    1.11735E-46    0.00000E+00    0.00000E+00    0.00000E+00    0.00000E+00
    1.78343E+05    0.00000E+00    0.00000E+00    0.00000E+00    0.00000E+00    0.00000E+00
    1.86791E+05    0.00000E+00    0.00000E+00    0.00000E+00    0.00000E+00    0.00000E+00
    1.95640E+05    9.25378E-47    0.00000E+00    0.00000E+00    0.00000E+00    0.00000E+00
    2.04907E+05    4.51793E-43    0.00000E+00    0.00000E+00    0.00000E+00    0.00000E+00
    2.14614E+05    5.63532E-40    0.00000E+00    0.00000E+00    0.00000E+00    0.00000E+00
    2.24781E+05    3.04194E-37    0.00000E+00    0.00000E+00    0.00000E+00    0.00000E+00
    2.35429E+05    8.66235E-35    0.00000E+00    0.00000E+00    0.00000E+00    0.00000E+00
    2.46581E+05    1.15057E-32    0.00000E+00    0.00000E+00    0.00000E+00    0.00000E+00
    2.58262E+05    1.09197E-30    0.00000E+00    0.00000E+00    0.00000E+00    0.00000E+00
    2.70496E+05    6.27870E-29    0.00000E+00    0.00000E+00    0.00000E+00    0.00000E+00
    2.83310E+05    2.22511E-27    0.00000E+00    0.00000E+00    0.00000E+00    0.00000E+00
    2.96730E+05    5.39993E-26    0.00000E+00    0.00000E+00    0.00000E+00    0.00000E+00
    3.10787E+05    1.09415E-24    0.00000E+00    0.00000E+00    0.00000E+00    0.00000E+00
    3.25509E+05    1.27979E-23    0.00000E+00    0.00000E+00    0.00000E+00    0.00000E+00
    3.40929E+05    1.26058E-22    0.00000E+00    0.00000E+00    0.00000E+00    0.00000E+00
    3.57078E+05    9.82130E-22    0.00000E+00    0.00000E+00    0.00000E+00    0.00000E+00
    3.73994E+05    5.20616E-21    0.00000E+00    0.00000E+00    0.00000E+00    0.00000E+00
    3.91710E+05    2.71122E-20    0.00000E+00    0.00000E+00    0.00000E+00    0.00000E+00
    4.10266E+05    1.27100E-19    0.00000E+00    0.00000E+00    0.00000E+00    0.00000E+00
    4.29700E+05    5.07325E-19    0.00000E+00    0.00000E+00    0.00000E+00    0.00000E+00
    4.50056E+05    1.96188E-18    0.00000E+00    0.00000E+00    0.00000E+00    0.00000E+00
    4.71375E+05    1.06598E-17    0.00000E+00    0.00000E+00    0.00000E+00    0.00000E+00
    4.93705E+05    3.20627E-17    0.00000E+00    0.00000E+00    0.00000E+00    0.00000E+00
    5.17092E+05    8.00258E-17    0.00000E+00    0.00000E+00    0.00000E+00    0.00000E+00
    5.41587E+05    1.83982E-16    0.00000E+00    0.00000E+00    0.00000E+00    0.00000E+00
    5.67243E+05    3.48504E-16    0.00000E+00    0.00000E+00    0.00000E+00    0.00000E+00
    5.94113E+05    6.61802E-16    0.00000E+00    0.00000E+00    0.00000E+00    0.00000E+00
    6.22257E+05    1.26755E-15    0.00000E+00    0.00000E+00    0.00000E+00    0.00000E+00
    6.51734E+05    1.97042E-15    0.00000E+00    0.00000E+00    0.00000E+00    0.00000E+00
    6.82607E+05    2.88867E-15    0.00000E+00    0.00000E+00    0.00000E+00    0.00000E+00
    7.14943E+05    3.87192E-15    0.00000E+00    0.00000E+00    0.00000E+00    0.00000E+00
    7.48810E+05    5.83804E-15    0.00000E+00    0.00000E+00    0.00000E+00    0.00000E+00
    7.84282E+05    1.10718E-14    0.00000E+00    0.00000E+00    0.00000E+00    0.00000E+00
    8.21434E+05    0.00000E+00    0.00000E+00    0.00000E+00    0.00000E+00    0.00000E+00
    8.60346E+05    0.00000E+00    0.00000E+00    0.00000E+00    0.00000E+00    0.00000E+00
    9.01102E+05    0.00000E+00    0.00000E+00    0.00000E+00    0.00000E+00    0.00000E+00
    9.43788E+05    0.00000E+00    0.00000E+00    0.00000E+00    0.00000E+00    0.00000E+00
    9.88496E+05    0.00000E+00    0.00000E+00    0.00000E+00    0.00000E+00    0.00000E+00
    1.03532E+06    0.00000E+00    0.00000E+00    0.00000E+00    0.00000E+00    0.00000E+00
    1.08437E+06    0.00000E+00    0.00000E+00    0.00000E+00    0.00000E+00    0.00000E+00
    1.13573E+06    0.00000E+00    0.00000E+00    0.00000E+00    0.00000E+00    0.00000E+00
    1.18953E+06    0.00000E+00    0.00000E+00    0.00000E+00    0.00000E+00    0.00000E+00
    1.24588E+06    0.00000E+00    0.00000E+00    0.00000E+00    0.00000E+00    0.00000E+00
    1.30490E+06    0.00000E+00    0.00000E+00    0.00000E+00    0.00000E+00    0.00000E+00
    1.36672E+06    0.00000E+00    0.00000E+00    0.00000E+00    0.00000E+00    0.00000E+00
    1.43146E+06    0.00000E+00    0.00000E+00    0.00000E+00    0.00000E+00    0.00000E+00
    1.49927E+06    0.00000E+00    0.00000E+00    0.00000E+00    0.00000E+00    0.00000E+00
    1.57029E+06    0.00000E+00    0.00000E+00    0.00000E+00    0.00000E+00    0.00000E+00
    1.64468E+06    0.00000E+00    0.00000E+00    0.00000E+00    0.00000E+00    0.00000E+00
    1.72259E+06    0.00000E+00    0.00000E+00    0.00000E+00    0.00000E+00    0.00000E+00
    1.80419E+06    0.00000E+00    0.00000E+00    0.00000E+00    0.00000E+00    0.00000E+00
    1.88965E+06    0.00000E+00    0.00000E+00    0.00000E+00    0.00000E+00    0.00000E+00
    1.97917E+06    0.00000E+00    0.00000E+00    0.00000E+00    0.00000E+00    0.00000E+00
    2.07292E+06    0.00000E+00    0.00000E+00    0.00000E+00    0.00000E+00    0.00000E+00
    2.17112E+06    0.00000E+00    0.00000E+00    0.00000E+00    0.00000E+00    0.00000E+00
    2.27397E+06    0.00000E+00    0.00000E+00    0.00000E+00    0.00000E+00    0.00000E+00
    2.38169E+06    0.00000E+00    0.00000E+00    0.00000E+00    0.00000E+00    0.00000E+00
    2.49451E+06    0.00000E+00    0.00000E+00    0.00000E+00    0.00000E+00    0.00000E+00
    2.61268E+06    0.00000E+00    0.00000E+00    0.00000E+00    0.00000E+00    0.00000E+00
    2.73644E+06    0.00000E+00    0.00000E+00    0.00000E+00    0.00000E+00    0.00000E+00
    2.86607E+06    0.00000E+00    0.00000E+00    0.00000E+00    0.00000E+00    0.00000E+00
    3.00184E+06    0.00000E+00    0.00000E+00    0.00000E+00    0.00000E+00    0.00000E+00
    3.14404E+06    0.00000E+00    0.00000E+00    0.00000E+00    0.00000E+00    0.00000E+00
    3.29297E+06    0.00000E+00    0.00000E+00    0.00000E+00    0.00000E+00    0.00000E+00
    3.44896E+06    0.00000E+00    0.00000E+00    0.00000E+00    0.00000E+00    0.00000E+00
    3.61234E+06    0.00000E+00    0.00000E+00    0.00000E+00    0.00000E+00    0.00000E+00
    3.78346E+06    0.00000E+00    0.00000E+00    0.00000E+00    0.00000E+00    0.00000E+00
    3.96269E+06    0.00000E+00    0.00000E+00    0.00000E+00    0.00000E+00    0.00000E+00
    4.15040E+06    0.00000E+00    0.00000E+00    0.00000E+00    0.00000E+00    0.00000E+00
    4.34701E+06    0.00000E+00    0.00000E+00    0.00000E+00    0.00000E+00    0.00000E+00
    4.55293E+06    0.00000E+00    0.00000E+00    0.00000E+00    0.00000E+00    0.00000E+00
    4.76861E+06    0.00000E+00    0.00000E+00    0.00000E+00    0.00000E+00    0.00000E+00
    4.99451E+06    0.00000E+00    0.00000E+00    0.00000E+00    0.00000E+00    0.00000E+00
    5.23110E+06    0.00000E+00    0.00000E+00    0.00000E+00    0.00000E+00    0.00000E+00
    5.47890E+06    0.00000E+00    0.00000E+00    0.00000E+00    0.00000E+00    0.00000E+00
    5.73844E+06    0.00000E+00    0.00000E+00    0.00000E+00    0.00000E+00    0.00000E+00
    6.01028E+06    0.00000E+00    0.00000E+00    0.00000E+00    0.00000E+00    0.00000E+00
    6.29499E+06    0.00000E+00    0.00000E+00    0.00000E+00    0.00000E+00    0.00000E+00
    6.59319E+06    0.00000E+00    0.00000E+00    0.00000E+00    0.00000E+00    0.00000E+00
    6.90551E+06    0.00000E+00    0.00000E+00    0.00000E+00    0.00000E+00    0.00000E+00
    7.23264E+06    0.00000E+00    0.00000E+00    0.00000E+00    0.00000E+00    0.00000E+00
    7.57525E+06    0.00000E+00    0.00000E+00    0.00000E+00    0.00000E+00    0.00000E+00
    7.93410E+06    0.00000E+00    0.00000E+00    0.00000E+00    0.00000E+00    0.00000E+00
    8.30994E+06    0.00000E+00    0.00000E+00    0.00000E+00    0.00000E+00    0.00000E+00
    8.70359E+06    0.00000E+00    0.00000E+00    0.00000E+00    0.00000E+00    0.00000E+00
    9.11589E+06    0.00000E+00    0.00000E+00    0.00000E+00    0.00000E+00    0.00000E+00
    9.54771E+06    0.00000E+00    0.00000E+00    0.00000E+00    0.00000E+00    0.00000E+00
    1.00000E+07    0.00000E+00    0.00000E+00    0.00000E+00    0.00000E+00    0.00000E+00
