 # Columns are: Lambda (Angstroms) and Flux (Flux * lambda) (ergs/s/cm^2)
    1.00000E+03    0.00000E+00    0.00000E+00    0.00000E+00    0.00000E+00    0.00000E+00
    1.04737E+03    0.00000E+00    0.00000E+00    0.00000E+00    0.00000E+00    0.00000E+00
    1.09699E+03    0.00000E+00    0.00000E+00    0.00000E+00    0.00000E+00    0.00000E+00
    1.14895E+03    0.00000E+00    0.00000E+00    0.00000E+00    0.00000E+00    0.00000E+00
    1.20338E+03    0.00000E+00    0.00000E+00    0.00000E+00    0.00000E+00    0.00000E+00
    1.26038E+03    0.00000E+00    0.00000E+00    0.00000E+00    0.00000E+00    0.00000E+00
    1.32009E+03    0.00000E+00    0.00000E+00    0.00000E+00    0.00000E+00    0.00000E+00
    1.38262E+03    0.00000E+00    0.00000E+00    0.00000E+00    0.00000E+00    0.00000E+00
    1.44812E+03    0.00000E+00    0.00000E+00    0.00000E+00    0.00000E+00    0.00000E+00
    1.51672E+03    0.00000E+00    0.00000E+00    0.00000E+00    0.00000E+00    0.00000E+00
    1.58857E+03    0.00000E+00    0.00000E+00    0.00000E+00    0.00000E+00    0.00000E+00
    1.66382E+03    0.00000E+00    0.00000E+00    0.00000E+00    0.00000E+00    0.00000E+00
    1.74263E+03    0.00000E+00    0.00000E+00    0.00000E+00    0.00000E+00    0.00000E+00
    1.82518E+03    0.00000E+00    0.00000E+00    0.00000E+00    0.00000E+00    0.00000E+00
    1.91164E+03    0.00000E+00    0.00000E+00    0.00000E+00    0.00000E+00    0.00000E+00
    2.00220E+03    0.00000E+00    0.00000E+00    0.00000E+00    0.00000E+00    0.00000E+00
    2.09705E+03    0.00000E+00    0.00000E+00    0.00000E+00    0.00000E+00    0.00000E+00
    2.19639E+03    0.00000E+00    0.00000E+00    0.00000E+00    0.00000E+00    0.00000E+00
    2.30043E+03    0.00000E+00    0.00000E+00    0.00000E+00    0.00000E+00    0.00000E+00
    2.40940E+03    0.00000E+00    0.00000E+00    0.00000E+00    0.00000E+00    0.00000E+00
    2.52354E+03    0.00000E+00    0.00000E+00    0.00000E+00    0.00000E+00    0.00000E+00
    2.64308E+03    0.00000E+00    0.00000E+00    0.00000E+00    0.00000E+00    0.00000E+00
    2.76829E+03    0.00000E+00    0.00000E+00    0.00000E+00    0.00000E+00    0.00000E+00
    2.89942E+03    0.00000E+00    0.00000E+00    0.00000E+00    0.00000E+00    0.00000E+00
    3.03677E+03    0.00000E+00    0.00000E+00    0.00000E+00    0.00000E+00    0.00000E+00
    3.18063E+03    0.00000E+00    0.00000E+00    0.00000E+00    0.00000E+00    0.00000E+00
    3.33129E+03    0.00000E+00    0.00000E+00    0.00000E+00    0.00000E+00    0.00000E+00
    3.48910E+03    0.00000E+00    0.00000E+00    0.00000E+00    0.00000E+00    0.00000E+00
    3.65438E+03    0.00000E+00    0.00000E+00    0.00000E+00    0.00000E+00    0.00000E+00
    3.82749E+03    0.00000E+00    0.00000E+00    0.00000E+00    0.00000E+00    0.00000E+00
    4.00881E+03    0.00000E+00    0.00000E+00    0.00000E+00    0.00000E+00    0.00000E+00
    4.19871E+03    0.00000E+00    0.00000E+00    0.00000E+00    0.00000E+00    0.00000E+00
    4.39760E+03    0.00000E+00    0.00000E+00    0.00000E+00    0.00000E+00    0.00000E+00
    4.60592E+03    0.00000E+00    0.00000E+00    0.00000E+00    0.00000E+00    0.00000E+00
    4.82411E+03    0.00000E+00    0.00000E+00    0.00000E+00    0.00000E+00    0.00000E+00
    5.05263E+03    0.00000E+00    0.00000E+00    0.00000E+00    0.00000E+00    0.00000E+00
    5.29198E+03    0.00000E+00    0.00000E+00    0.00000E+00    0.00000E+00    0.00000E+00
    5.54266E+03    0.00000E+00    0.00000E+00    0.00000E+00    0.00000E+00    0.00000E+00
    5.80523E+03    0.00000E+00    0.00000E+00    0.00000E+00    0.00000E+00    0.00000E+00
    6.08022E+03    0.00000E+00    0.00000E+00    0.00000E+00    0.00000E+00    0.00000E+00
    6.36825E+03    0.00000E+00    0.00000E+00    0.00000E+00    0.00000E+00    0.00000E+00
    6.66992E+03    0.00000E+00    0.00000E+00    0.00000E+00    0.00000E+00    0.00000E+00
    6.98588E+03    0.00000E+00    0.00000E+00    0.00000E+00    0.00000E+00    0.00000E+00
    7.31681E+03    0.00000E+00    0.00000E+00    0.00000E+00    0.00000E+00    0.00000E+00
    7.66341E+03    0.00000E+00    0.00000E+00    0.00000E+00    0.00000E+00    0.00000E+00
    8.02643E+03    0.00000E+00    0.00000E+00    0.00000E+00    0.00000E+00    0.00000E+00
    8.40665E+03    0.00000E+00    0.00000E+00    0.00000E+00    0.00000E+00    0.00000E+00
    8.80488E+03    0.00000E+00    0.00000E+00    0.00000E+00    0.00000E+00    0.00000E+00
    9.22198E+03    0.00000E+00    0.00000E+00    0.00000E+00    0.00000E+00    0.00000E+00
    9.65883E+03    0.00000E+00    0.00000E+00    0.00000E+00    0.00000E+00    0.00000E+00
    1.01164E+04    0.00000E+00    0.00000E+00    0.00000E+00    0.00000E+00    0.00000E+00
    1.05956E+04    0.00000E+00    0.00000E+00    0.00000E+00    0.00000E+00    0.00000E+00
    1.10975E+04    0.00000E+00    0.00000E+00    0.00000E+00    0.00000E+00    0.00000E+00
    1.16232E+04    0.00000E+00    0.00000E+00    0.00000E+00    0.00000E+00    0.00000E+00
    1.21738E+04    0.00000E+00    0.00000E+00    0.00000E+00    0.00000E+00    0.00000E+00
    1.27505E+04    0.00000E+00    0.00000E+00    0.00000E+00    0.00000E+00    0.00000E+00
    1.33545E+04    0.00000E+00    0.00000E+00    0.00000E+00    0.00000E+00    0.00000E+00
    1.39871E+04    0.00000E+00    0.00000E+00    0.00000E+00    0.00000E+00    0.00000E+00
    1.46497E+04    0.00000E+00    0.00000E+00    0.00000E+00    0.00000E+00    0.00000E+00
    1.53437E+04    0.00000E+00    0.00000E+00    0.00000E+00    0.00000E+00    0.00000E+00
    1.60705E+04    0.00000E+00    0.00000E+00    0.00000E+00    0.00000E+00    0.00000E+00
    1.68318E+04    0.00000E+00    0.00000E+00    0.00000E+00    0.00000E+00    0.00000E+00
    1.76291E+04    0.00000E+00    0.00000E+00    0.00000E+00    0.00000E+00    0.00000E+00
    1.84642E+04    1.66263E-43    0.00000E+00    0.00000E+00    0.00000E+00    0.00000E+00
    1.93389E+04    0.00000E+00    0.00000E+00    0.00000E+00    0.00000E+00    0.00000E+00
    2.02550E+04    1.48930E-31    0.00000E+00    0.00000E+00    0.00000E+00    0.00000E+00
    2.12145E+04    1.46729E-31    0.00000E+00    0.00000E+00    0.00000E+00    0.00000E+00
    2.22195E+04    4.14554E-30    0.00000E+00    0.00000E+00    0.00000E+00    0.00000E+00
    2.32720E+04    1.73765E-32    0.00000E+00    0.00000E+00    0.00000E+00    0.00000E+00
    2.43744E+04    2.07202E-25    0.00000E+00    0.00000E+00    0.00000E+00    0.00000E+00
    2.55291E+04    1.23822E-24    0.00000E+00    0.00000E+00    0.00000E+00    0.00000E+00
    2.67384E+04    3.01552E-23    0.00000E+00    0.00000E+00    0.00000E+00    0.00000E+00
    2.80050E+04    4.03184E-18    0.00000E+00    0.00000E+00    0.00000E+00    0.00000E+00
    2.93317E+04    1.34649E-19    0.00000E+00    0.00000E+00    0.00000E+00    0.00000E+00
    3.07211E+04    4.29086E-17    0.00000E+00    0.00000E+00    0.00000E+00    0.00000E+00
    3.21764E+04    2.03920E-16    0.00000E+00    0.00000E+00    0.00000E+00    0.00000E+00
    3.37006E+04    3.89090E-16    0.00000E+00    0.00000E+00    0.00000E+00    0.00000E+00
    3.52971E+04    4.65273E-16    0.00000E+00    0.00000E+00    0.00000E+00    0.00000E+00
    3.69691E+04    1.58203E-14    0.00000E+00    0.00000E+00    0.00000E+00    0.00000E+00
    3.87204E+04    6.13685E-14    0.00000E+00    0.00000E+00    0.00000E+00    0.00000E+00
    4.05546E+04    1.29597E-13    0.00000E+00    0.00000E+00    0.00000E+00    0.00000E+00
    4.24757E+04    3.77123E-13    0.00000E+00    0.00000E+00    0.00000E+00    0.00000E+00
    4.44878E+04    6.23632E-13    0.00000E+00    0.00000E+00    0.00000E+00    0.00000E+00
    4.65953E+04    3.77122E-12    0.00000E+00    0.00000E+00    0.00000E+00    0.00000E+00
    4.88025E+04    3.02564E-12    0.00000E+00    0.00000E+00    0.00000E+00    0.00000E+00
    5.11143E+04    3.98199E-12    0.00000E+00    0.00000E+00    0.00000E+00    0.00000E+00
    5.35357E+04    9.69388E-11    0.00000E+00    0.00000E+00    0.00000E+00    0.00000E+00
    5.60717E+04    1.27859E-11    0.00000E+00    0.00000E+00    0.00000E+00    0.00000E+00
    5.87279E+04    1.98657E-11    0.00000E+00    0.00000E+00    0.00000E+00    0.00000E+00
    6.15099E+04    4.90623E-11    0.00000E+00    0.00000E+00    0.00000E+00    0.00000E+00
    6.44236E+04    3.60454E-11    0.00000E+00    0.00000E+00    0.00000E+00    0.00000E+00
    6.74754E+04    1.33336E-10    0.00000E+00    0.00000E+00    0.00000E+00    0.00000E+00
    7.06718E+04    9.68030E-11    0.00000E+00    0.00000E+00    0.00000E+00    0.00000E+00
    7.40196E+04    4.48820E-11    0.00000E+00    0.00000E+00    0.00000E+00    0.00000E+00
    7.75260E+04    2.08055E-13    0.00000E+00    0.00000E+00    0.00000E+00    0.00000E+00
    8.11984E+04    1.71247E-16    0.00000E+00    0.00000E+00    0.00000E+00    0.00000E+00
    8.50449E+04    5.22347E-27    0.00000E+00    0.00000E+00    0.00000E+00    0.00000E+00
    8.90735E+04    1.93580E-25    0.00000E+00    0.00000E+00    0.00000E+00    0.00000E+00
    9.32930E+04    2.28097E-35    0.00000E+00    0.00000E+00    0.00000E+00    0.00000E+00
    9.77124E+04    8.15627E-37    0.00000E+00    0.00000E+00    0.00000E+00    0.00000E+00
    1.02341E+05    3.09236E-26    0.00000E+00    0.00000E+00    0.00000E+00    0.00000E+00
    1.07189E+05    8.45374E-29    0.00000E+00    0.00000E+00    0.00000E+00    0.00000E+00
    1.12267E+05    8.39527E-20    0.00000E+00    0.00000E+00    0.00000E+00    0.00000E+00
    1.17585E+05    8.78001E-20    0.00000E+00    0.00000E+00    0.00000E+00    0.00000E+00
    1.23155E+05    1.62369E-15    0.00000E+00    0.00000E+00    0.00000E+00    0.00000E+00
    1.28989E+05    9.29551E-14    0.00000E+00    0.00000E+00    0.00000E+00    0.00000E+00
    1.35099E+05    1.32571E-11    0.00000E+00    0.00000E+00    0.00000E+00    0.00000E+00
    1.41499E+05    7.17552E-12    0.00000E+00    0.00000E+00    0.00000E+00    0.00000E+00
    1.48202E+05    3.84389E-12    0.00000E+00    0.00000E+00    0.00000E+00    0.00000E+00
    1.55222E+05    1.56360E-12    0.00000E+00    0.00000E+00    0.00000E+00    0.00000E+00
    1.62576E+05    1.44162E-11    0.00000E+00    0.00000E+00    0.00000E+00    0.00000E+00
    1.70277E+05    1.45961E-12    0.00000E+00    0.00000E+00    0.00000E+00    0.00000E+00
    1.78343E+05    2.09398E-13    0.00000E+00    0.00000E+00    0.00000E+00    0.00000E+00
    1.86791E+05    5.66987E-12    0.00000E+00    0.00000E+00    0.00000E+00    0.00000E+00
    1.95640E+05    1.08104E-12    0.00000E+00    0.00000E+00    0.00000E+00    0.00000E+00
    2.04907E+05    8.54957E-11    0.00000E+00    0.00000E+00    0.00000E+00    0.00000E+00
    2.14614E+05    1.32866E-10    0.00000E+00    0.00000E+00    0.00000E+00    0.00000E+00
    2.24781E+05    2.40368E-10    0.00000E+00    0.00000E+00    0.00000E+00    0.00000E+00
    2.35429E+05    5.91736E-10    0.00000E+00    0.00000E+00    0.00000E+00    0.00000E+00
    2.46581E+05    2.01657E-09    0.00000E+00    0.00000E+00    0.00000E+00    0.00000E+00
    2.58262E+05    6.32196E-09    0.00000E+00    0.00000E+00    0.00000E+00    0.00000E+00
    2.70496E+05    8.03520E-09    0.00000E+00    0.00000E+00    0.00000E+00    0.00000E+00
    2.83310E+05    2.52611E-08    0.00000E+00    0.00000E+00    0.00000E+00    0.00000E+00
    2.96730E+05    2.36577E-08    0.00000E+00    0.00000E+00    0.00000E+00    0.00000E+00
    3.10787E+05    3.88362E-08    0.00000E+00    0.00000E+00    0.00000E+00    0.00000E+00
    3.25509E+05    4.17123E-08    0.00000E+00    0.00000E+00    0.00000E+00    0.00000E+00
    3.40929E+05    7.22776E-08    0.00000E+00    0.00000E+00    0.00000E+00    0.00000E+00
    3.57078E+05    1.00516E-07    0.00000E+00    0.00000E+00    0.00000E+00    0.00000E+00
    3.73994E+05    1.14444E-07    0.00000E+00    0.00000E+00    0.00000E+00    0.00000E+00
    3.91710E+05    1.54108E-07    0.00000E+00    0.00000E+00    0.00000E+00    0.00000E+00
    4.10266E+05    1.80617E-07    0.00000E+00    0.00000E+00    0.00000E+00    0.00000E+00
    4.29700E+05    2.26604E-07    0.00000E+00    0.00000E+00    0.00000E+00    0.00000E+00
    4.50056E+05    2.28872E-07    0.00000E+00    0.00000E+00    0.00000E+00    0.00000E+00
    4.71375E+05    2.76655E-07    0.00000E+00    0.00000E+00    0.00000E+00    0.00000E+00
    4.93705E+05    3.04258E-07    0.00000E+00    0.00000E+00    0.00000E+00    0.00000E+00
    5.17092E+05    3.34837E-07    0.00000E+00    0.00000E+00    0.00000E+00    0.00000E+00
    5.41587E+05    3.36895E-07    0.00000E+00    0.00000E+00    0.00000E+00    0.00000E+00
    5.67243E+05    3.61038E-07    0.00000E+00    0.00000E+00    0.00000E+00    0.00000E+00
    5.94113E+05    3.75447E-07    0.00000E+00    0.00000E+00    0.00000E+00    0.00000E+00
    6.22257E+05    3.71184E-07    0.00000E+00    0.00000E+00    0.00000E+00    0.00000E+00
    6.51734E+05    3.82140E-07    0.00000E+00    0.00000E+00    0.00000E+00    0.00000E+00
    6.82607E+05    3.52348E-07    0.00000E+00    0.00000E+00    0.00000E+00    0.00000E+00
    7.14943E+05    3.61531E-07    0.00000E+00    0.00000E+00    0.00000E+00    0.00000E+00
    7.48810E+05    3.47228E-07    0.00000E+00    0.00000E+00    0.00000E+00    0.00000E+00
    7.84282E+05    3.27103E-07    0.00000E+00    0.00000E+00    0.00000E+00    0.00000E+00
    8.21434E+05    3.03701E-07    0.00000E+00    0.00000E+00    0.00000E+00    0.00000E+00
    8.60346E+05    2.83382E-07    0.00000E+00    0.00000E+00    0.00000E+00    0.00000E+00
    9.01102E+05    2.61874E-07    0.00000E+00    0.00000E+00    0.00000E+00    0.00000E+00
    9.43788E+05    2.33246E-07    0.00000E+00    0.00000E+00    0.00000E+00    0.00000E+00
    9.88496E+05    2.12177E-07    0.00000E+00    0.00000E+00    0.00000E+00    0.00000E+00
    1.03532E+06    1.89541E-07    0.00000E+00    0.00000E+00    0.00000E+00    0.00000E+00
    1.08437E+06    1.72802E-07    0.00000E+00    0.00000E+00    0.00000E+00    0.00000E+00
    1.13573E+06    1.50545E-07    0.00000E+00    0.00000E+00    0.00000E+00    0.00000E+00
    1.18953E+06    1.32155E-07    0.00000E+00    0.00000E+00    0.00000E+00    0.00000E+00
    1.24588E+06    1.17461E-07    0.00000E+00    0.00000E+00    0.00000E+00    0.00000E+00
    1.30490E+06    1.02818E-07    0.00000E+00    0.00000E+00    0.00000E+00    0.00000E+00
    1.36672E+06    8.95055E-08    0.00000E+00    0.00000E+00    0.00000E+00    0.00000E+00
    1.43146E+06    7.76831E-08    0.00000E+00    0.00000E+00    0.00000E+00    0.00000E+00
    1.49927E+06    6.62044E-08    0.00000E+00    0.00000E+00    0.00000E+00    0.00000E+00
    1.57029E+06    5.69026E-08    0.00000E+00    0.00000E+00    0.00000E+00    0.00000E+00
    1.64468E+06    4.85171E-08    0.00000E+00    0.00000E+00    0.00000E+00    0.00000E+00
    1.72259E+06    4.12714E-08    0.00000E+00    0.00000E+00    0.00000E+00    0.00000E+00
    1.80419E+06    3.46784E-08    0.00000E+00    0.00000E+00    0.00000E+00    0.00000E+00
    1.88965E+06    2.94137E-08    0.00000E+00    0.00000E+00    0.00000E+00    0.00000E+00
    1.97917E+06    2.49734E-08    0.00000E+00    0.00000E+00    0.00000E+00    0.00000E+00
    2.07292E+06    2.09522E-08    0.00000E+00    0.00000E+00    0.00000E+00    0.00000E+00
    2.17112E+06    1.74083E-08    0.00000E+00    0.00000E+00    0.00000E+00    0.00000E+00
    2.27397E+06    1.46848E-08    0.00000E+00    0.00000E+00    0.00000E+00    0.00000E+00
    2.38169E+06    1.22312E-08    0.00000E+00    0.00000E+00    0.00000E+00    0.00000E+00
    2.49451E+06    1.00934E-08    0.00000E+00    0.00000E+00    0.00000E+00    0.00000E+00
    2.61268E+06    8.40996E-09    0.00000E+00    0.00000E+00    0.00000E+00    0.00000E+00
    2.73644E+06    6.97704E-09    0.00000E+00    0.00000E+00    0.00000E+00    0.00000E+00
    2.86607E+06    5.77632E-09    0.00000E+00    0.00000E+00    0.00000E+00    0.00000E+00
    3.00184E+06    4.73815E-09    0.00000E+00    0.00000E+00    0.00000E+00    0.00000E+00
    3.14404E+06    3.90964E-09    0.00000E+00    0.00000E+00    0.00000E+00    0.00000E+00
    3.29297E+06    3.22938E-09    0.00000E+00    0.00000E+00    0.00000E+00    0.00000E+00
    3.44896E+06    2.63895E-09    0.00000E+00    0.00000E+00    0.00000E+00    0.00000E+00
    3.61234E+06    2.18648E-09    0.00000E+00    0.00000E+00    0.00000E+00    0.00000E+00
    3.78346E+06    1.77374E-09    0.00000E+00    0.00000E+00    0.00000E+00    0.00000E+00
    3.96269E+06    1.45884E-09    0.00000E+00    0.00000E+00    0.00000E+00    0.00000E+00
    4.15040E+06    1.18642E-09    0.00000E+00    0.00000E+00    0.00000E+00    0.00000E+00
    4.34701E+06    9.67448E-10    0.00000E+00    0.00000E+00    0.00000E+00    0.00000E+00
    4.55293E+06    7.91531E-10    0.00000E+00    0.00000E+00    0.00000E+00    0.00000E+00
    4.76861E+06    6.42423E-10    0.00000E+00    0.00000E+00    0.00000E+00    0.00000E+00
    4.99451E+06    5.23599E-10    0.00000E+00    0.00000E+00    0.00000E+00    0.00000E+00
    5.23110E+06    4.23640E-10    0.00000E+00    0.00000E+00    0.00000E+00    0.00000E+00
    5.47890E+06    3.42212E-10    0.00000E+00    0.00000E+00    0.00000E+00    0.00000E+00
    5.73844E+06    2.76824E-10    0.00000E+00    0.00000E+00    0.00000E+00    0.00000E+00
    6.01028E+06    2.23704E-10    0.00000E+00    0.00000E+00    0.00000E+00    0.00000E+00
    6.29499E+06    1.81335E-10    0.00000E+00    0.00000E+00    0.00000E+00    0.00000E+00
    6.59319E+06    1.45432E-10    0.00000E+00    0.00000E+00    0.00000E+00    0.00000E+00
    6.90551E+06    1.18192E-10    0.00000E+00    0.00000E+00    0.00000E+00    0.00000E+00
    7.23264E+06    9.54971E-11    0.00000E+00    0.00000E+00    0.00000E+00    0.00000E+00
    7.57525E+06    7.62370E-11    0.00000E+00    0.00000E+00    0.00000E+00    0.00000E+00
    7.93410E+06    6.13072E-11    0.00000E+00    0.00000E+00    0.00000E+00    0.00000E+00
    8.30994E+06    4.90953E-11    0.00000E+00    0.00000E+00    0.00000E+00    0.00000E+00
    8.70359E+06    3.93583E-11    0.00000E+00    0.00000E+00    0.00000E+00    0.00000E+00
    9.11589E+06    3.16878E-11    0.00000E+00    0.00000E+00    0.00000E+00    0.00000E+00
    9.54771E+06    2.54903E-11    0.00000E+00    0.00000E+00    0.00000E+00    0.00000E+00
    1.00000E+07    2.03494E-11    0.00000E+00    0.00000E+00    0.00000E+00    0.00000E+00
