 # Columns are: Lambda (Angstroms) and Flux (Flux * lambda) (ergs/s/cm^2)
    1.00000E+03    0.00000E+00    0.00000E+00    0.00000E+00    0.00000E+00    0.00000E+00
    1.04737E+03    0.00000E+00    0.00000E+00    0.00000E+00    0.00000E+00    0.00000E+00
    1.09699E+03    0.00000E+00    0.00000E+00    0.00000E+00    0.00000E+00    0.00000E+00
    1.14895E+03    0.00000E+00    0.00000E+00    0.00000E+00    0.00000E+00    0.00000E+00
    1.20338E+03    0.00000E+00    0.00000E+00    0.00000E+00    0.00000E+00    0.00000E+00
    1.26038E+03    0.00000E+00    0.00000E+00    0.00000E+00    0.00000E+00    0.00000E+00
    1.32009E+03    0.00000E+00    0.00000E+00    0.00000E+00    0.00000E+00    0.00000E+00
    1.38262E+03    0.00000E+00    0.00000E+00    0.00000E+00    0.00000E+00    0.00000E+00
    1.44812E+03    0.00000E+00    0.00000E+00    0.00000E+00    0.00000E+00    0.00000E+00
    1.51672E+03    0.00000E+00    0.00000E+00    0.00000E+00    0.00000E+00    0.00000E+00
    1.58857E+03    0.00000E+00    0.00000E+00    0.00000E+00    0.00000E+00    0.00000E+00
    1.66382E+03    0.00000E+00    0.00000E+00    0.00000E+00    0.00000E+00    0.00000E+00
    1.74263E+03    0.00000E+00    0.00000E+00    0.00000E+00    0.00000E+00    0.00000E+00
    1.82518E+03    0.00000E+00    0.00000E+00    0.00000E+00    0.00000E+00    0.00000E+00
    1.91164E+03    0.00000E+00    0.00000E+00    0.00000E+00    0.00000E+00    0.00000E+00
    2.00220E+03    0.00000E+00    0.00000E+00    0.00000E+00    0.00000E+00    0.00000E+00
    2.09705E+03    0.00000E+00    0.00000E+00    0.00000E+00    0.00000E+00    0.00000E+00
    2.19639E+03    0.00000E+00    0.00000E+00    0.00000E+00    0.00000E+00    0.00000E+00
    2.30043E+03    0.00000E+00    0.00000E+00    0.00000E+00    0.00000E+00    0.00000E+00
    2.40940E+03    0.00000E+00    0.00000E+00    0.00000E+00    0.00000E+00    0.00000E+00
    2.52354E+03    0.00000E+00    0.00000E+00    0.00000E+00    0.00000E+00    0.00000E+00
    2.64308E+03    0.00000E+00    0.00000E+00    0.00000E+00    0.00000E+00    0.00000E+00
    2.76829E+03    0.00000E+00    0.00000E+00    0.00000E+00    0.00000E+00    0.00000E+00
    2.89942E+03    0.00000E+00    0.00000E+00    0.00000E+00    0.00000E+00    0.00000E+00
    3.03677E+03    0.00000E+00    0.00000E+00    0.00000E+00    0.00000E+00    0.00000E+00
    3.18063E+03    0.00000E+00    0.00000E+00    0.00000E+00    0.00000E+00    0.00000E+00
    3.33129E+03    0.00000E+00    0.00000E+00    0.00000E+00    0.00000E+00    0.00000E+00
    3.48910E+03    0.00000E+00    0.00000E+00    0.00000E+00    0.00000E+00    0.00000E+00
    3.65438E+03    0.00000E+00    0.00000E+00    0.00000E+00    0.00000E+00    0.00000E+00
    3.82749E+03    0.00000E+00    0.00000E+00    0.00000E+00    0.00000E+00    0.00000E+00
    4.00881E+03    0.00000E+00    0.00000E+00    0.00000E+00    0.00000E+00    0.00000E+00
    4.19871E+03    0.00000E+00    0.00000E+00    0.00000E+00    0.00000E+00    0.00000E+00
    4.39760E+03    0.00000E+00    0.00000E+00    0.00000E+00    0.00000E+00    0.00000E+00
    4.60592E+03    0.00000E+00    0.00000E+00    0.00000E+00    0.00000E+00    0.00000E+00
    4.82411E+03    0.00000E+00    0.00000E+00    0.00000E+00    0.00000E+00    0.00000E+00
    5.05263E+03    0.00000E+00    0.00000E+00    0.00000E+00    0.00000E+00    0.00000E+00
    5.29198E+03    0.00000E+00    0.00000E+00    0.00000E+00    0.00000E+00    0.00000E+00
    5.54266E+03    0.00000E+00    0.00000E+00    0.00000E+00    0.00000E+00    0.00000E+00
    5.80523E+03    0.00000E+00    0.00000E+00    0.00000E+00    0.00000E+00    0.00000E+00
    6.08022E+03    0.00000E+00    0.00000E+00    0.00000E+00    0.00000E+00    0.00000E+00
    6.36825E+03    0.00000E+00    0.00000E+00    0.00000E+00    0.00000E+00    0.00000E+00
    6.66992E+03    0.00000E+00    0.00000E+00    0.00000E+00    0.00000E+00    0.00000E+00
    6.98588E+03    0.00000E+00    0.00000E+00    0.00000E+00    0.00000E+00    0.00000E+00
    7.31681E+03    0.00000E+00    0.00000E+00    0.00000E+00    0.00000E+00    0.00000E+00
    7.66341E+03    0.00000E+00    0.00000E+00    0.00000E+00    0.00000E+00    0.00000E+00
    8.02643E+03    0.00000E+00    0.00000E+00    0.00000E+00    0.00000E+00    0.00000E+00
    8.40665E+03    0.00000E+00    0.00000E+00    0.00000E+00    0.00000E+00    0.00000E+00
    8.80488E+03    0.00000E+00    0.00000E+00    0.00000E+00    0.00000E+00    0.00000E+00
    9.22198E+03    0.00000E+00    0.00000E+00    0.00000E+00    0.00000E+00    0.00000E+00
    9.65883E+03    0.00000E+00    0.00000E+00    0.00000E+00    0.00000E+00    0.00000E+00
    1.01164E+04    0.00000E+00    0.00000E+00    0.00000E+00    0.00000E+00    0.00000E+00
    1.05956E+04    0.00000E+00    0.00000E+00    0.00000E+00    0.00000E+00    0.00000E+00
    1.10975E+04    0.00000E+00    0.00000E+00    0.00000E+00    0.00000E+00    0.00000E+00
    1.16232E+04    0.00000E+00    0.00000E+00    0.00000E+00    0.00000E+00    0.00000E+00
    1.21738E+04    0.00000E+00    0.00000E+00    0.00000E+00    0.00000E+00    0.00000E+00
    1.27505E+04    0.00000E+00    0.00000E+00    0.00000E+00    0.00000E+00    0.00000E+00
    1.33545E+04    0.00000E+00    0.00000E+00    0.00000E+00    0.00000E+00    0.00000E+00
    1.39871E+04    0.00000E+00    0.00000E+00    0.00000E+00    0.00000E+00    0.00000E+00
    1.46497E+04    0.00000E+00    0.00000E+00    0.00000E+00    0.00000E+00    0.00000E+00
    1.53437E+04    0.00000E+00    0.00000E+00    0.00000E+00    0.00000E+00    0.00000E+00
    1.60705E+04    0.00000E+00    0.00000E+00    0.00000E+00    0.00000E+00    0.00000E+00
    1.68318E+04    0.00000E+00    0.00000E+00    0.00000E+00    0.00000E+00    0.00000E+00
    1.76291E+04    0.00000E+00    0.00000E+00    0.00000E+00    0.00000E+00    0.00000E+00
    1.84642E+04    0.00000E+00    0.00000E+00    0.00000E+00    0.00000E+00    0.00000E+00
    1.93389E+04    0.00000E+00    0.00000E+00    0.00000E+00    0.00000E+00    0.00000E+00
    2.02550E+04    0.00000E+00    0.00000E+00    0.00000E+00    0.00000E+00    0.00000E+00
    2.12145E+04    0.00000E+00    0.00000E+00    0.00000E+00    0.00000E+00    0.00000E+00
    2.22195E+04    0.00000E+00    0.00000E+00    0.00000E+00    0.00000E+00    0.00000E+00
    2.32720E+04    4.49169E-44    0.00000E+00    0.00000E+00    0.00000E+00    0.00000E+00
    2.43744E+04    6.43076E-42    0.00000E+00    0.00000E+00    0.00000E+00    0.00000E+00
    2.55291E+04    8.00044E-31    0.00000E+00    0.00000E+00    0.00000E+00    0.00000E+00
    2.67384E+04    2.40675E-33    0.00000E+00    0.00000E+00    0.00000E+00    0.00000E+00
    2.80050E+04    5.57163E-34    0.00000E+00    0.00000E+00    0.00000E+00    0.00000E+00
    2.93317E+04    9.37267E-31    0.00000E+00    0.00000E+00    0.00000E+00    0.00000E+00
    3.07211E+04    8.23440E-27    0.00000E+00    0.00000E+00    0.00000E+00    0.00000E+00
    3.21764E+04    1.49307E-27    0.00000E+00    0.00000E+00    0.00000E+00    0.00000E+00
    3.37006E+04    1.70076E-25    0.00000E+00    0.00000E+00    0.00000E+00    0.00000E+00
    3.52971E+04    6.47296E-25    0.00000E+00    0.00000E+00    0.00000E+00    0.00000E+00
    3.69691E+04    8.05105E-21    0.00000E+00    0.00000E+00    0.00000E+00    0.00000E+00
    3.87204E+04    2.79100E-21    0.00000E+00    0.00000E+00    0.00000E+00    0.00000E+00
    4.05546E+04    4.42257E-20    0.00000E+00    0.00000E+00    0.00000E+00    0.00000E+00
    4.24757E+04    5.53572E-19    0.00000E+00    0.00000E+00    0.00000E+00    0.00000E+00
    4.44878E+04    6.30357E-18    0.00000E+00    0.00000E+00    0.00000E+00    0.00000E+00
    4.65953E+04    4.37070E-17    0.00000E+00    0.00000E+00    0.00000E+00    0.00000E+00
    4.88025E+04    4.01140E-17    0.00000E+00    0.00000E+00    0.00000E+00    0.00000E+00
    5.11143E+04    1.76405E-16    0.00000E+00    0.00000E+00    0.00000E+00    0.00000E+00
    5.35357E+04    4.53120E-16    0.00000E+00    0.00000E+00    0.00000E+00    0.00000E+00
    5.60717E+04    2.74554E-16    0.00000E+00    0.00000E+00    0.00000E+00    0.00000E+00
    5.87279E+04    7.09082E-16    0.00000E+00    0.00000E+00    0.00000E+00    0.00000E+00
    6.15099E+04    8.98534E-16    0.00000E+00    0.00000E+00    0.00000E+00    0.00000E+00
    6.44236E+04    8.89032E-16    0.00000E+00    0.00000E+00    0.00000E+00    0.00000E+00
    6.74754E+04    4.63006E-15    0.00000E+00    0.00000E+00    0.00000E+00    0.00000E+00
    7.06718E+04    4.94885E-15    0.00000E+00    0.00000E+00    0.00000E+00    0.00000E+00
    7.40196E+04    7.94031E-16    0.00000E+00    0.00000E+00    0.00000E+00    0.00000E+00
    7.75260E+04    1.00454E-19    0.00000E+00    0.00000E+00    0.00000E+00    0.00000E+00
    8.11984E+04    3.71663E-30    0.00000E+00    0.00000E+00    0.00000E+00    0.00000E+00
    8.50449E+04    1.63868E-40    0.00000E+00    0.00000E+00    0.00000E+00    0.00000E+00
    8.90735E+04    0.00000E+00    0.00000E+00    0.00000E+00    0.00000E+00    0.00000E+00
    9.32930E+04    0.00000E+00    0.00000E+00    0.00000E+00    0.00000E+00    0.00000E+00
    9.77124E+04    0.00000E+00    0.00000E+00    0.00000E+00    0.00000E+00    0.00000E+00
    1.02341E+05    0.00000E+00    0.00000E+00    0.00000E+00    0.00000E+00    0.00000E+00
    1.07189E+05    7.81562E-46    0.00000E+00    0.00000E+00    0.00000E+00    0.00000E+00
    1.12267E+05    7.04339E-36    0.00000E+00    0.00000E+00    0.00000E+00    0.00000E+00
    1.17585E+05    5.31328E-30    0.00000E+00    0.00000E+00    0.00000E+00    0.00000E+00
    1.23155E+05    1.97517E-26    0.00000E+00    0.00000E+00    0.00000E+00    0.00000E+00
    1.28989E+05    7.43596E-23    0.00000E+00    0.00000E+00    0.00000E+00    0.00000E+00
    1.35099E+05    5.96594E-20    0.00000E+00    0.00000E+00    0.00000E+00    0.00000E+00
    1.41499E+05    7.09534E-19    0.00000E+00    0.00000E+00    0.00000E+00    0.00000E+00
    1.48202E+05    8.13460E-19    0.00000E+00    0.00000E+00    0.00000E+00    0.00000E+00
    1.55222E+05    6.99256E-19    0.00000E+00    0.00000E+00    0.00000E+00    0.00000E+00
    1.62576E+05    6.62303E-20    0.00000E+00    0.00000E+00    0.00000E+00    0.00000E+00
    1.70277E+05    1.54858E-22    0.00000E+00    0.00000E+00    0.00000E+00    0.00000E+00
    1.78343E+05    4.70660E-23    0.00000E+00    0.00000E+00    0.00000E+00    0.00000E+00
    1.86791E+05    2.79229E-22    0.00000E+00    0.00000E+00    0.00000E+00    0.00000E+00
    1.95640E+05    5.16893E-19    0.00000E+00    0.00000E+00    0.00000E+00    0.00000E+00
    2.04907E+05    4.12128E-19    0.00000E+00    0.00000E+00    0.00000E+00    0.00000E+00
    2.14614E+05    3.48181E-18    0.00000E+00    0.00000E+00    0.00000E+00    0.00000E+00
    2.24781E+05    1.95354E-14    0.00000E+00    0.00000E+00    0.00000E+00    0.00000E+00
    2.35429E+05    1.22218E-15    0.00000E+00    0.00000E+00    0.00000E+00    0.00000E+00
    2.46581E+05    1.41926E-14    0.00000E+00    0.00000E+00    0.00000E+00    0.00000E+00
    2.58262E+05    3.26447E-14    0.00000E+00    0.00000E+00    0.00000E+00    0.00000E+00
    2.70496E+05    4.74048E-14    0.00000E+00    0.00000E+00    0.00000E+00    0.00000E+00
    2.83310E+05    4.84888E-13    0.00000E+00    0.00000E+00    0.00000E+00    0.00000E+00
    2.96730E+05    1.71238E-12    0.00000E+00    0.00000E+00    0.00000E+00    0.00000E+00
    3.10787E+05    8.22799E-12    0.00000E+00    0.00000E+00    0.00000E+00    0.00000E+00
    3.25509E+05    8.65513E-12    0.00000E+00    0.00000E+00    0.00000E+00    0.00000E+00
    3.40929E+05    2.75172E-11    0.00000E+00    0.00000E+00    0.00000E+00    0.00000E+00
    3.57078E+05    4.85985E-11    0.00000E+00    0.00000E+00    0.00000E+00    0.00000E+00
    3.73994E+05    9.35421E-11    0.00000E+00    0.00000E+00    0.00000E+00    0.00000E+00
    3.91710E+05    2.15969E-10    0.00000E+00    0.00000E+00    0.00000E+00    0.00000E+00
    4.10266E+05    2.51101E-10    0.00000E+00    0.00000E+00    0.00000E+00    0.00000E+00
    4.29700E+05    5.11635E-10    0.00000E+00    0.00000E+00    0.00000E+00    0.00000E+00
    4.50056E+05    7.12255E-10    0.00000E+00    0.00000E+00    0.00000E+00    0.00000E+00
    4.71375E+05    1.09518E-09    0.00000E+00    0.00000E+00    0.00000E+00    0.00000E+00
    4.93705E+05    1.58307E-09    0.00000E+00    0.00000E+00    0.00000E+00    0.00000E+00
    5.17092E+05    2.20826E-09    0.00000E+00    0.00000E+00    0.00000E+00    0.00000E+00
    5.41587E+05    2.77534E-09    0.00000E+00    0.00000E+00    0.00000E+00    0.00000E+00
    5.67243E+05    3.60427E-09    0.00000E+00    0.00000E+00    0.00000E+00    0.00000E+00
    5.94113E+05    4.54084E-09    0.00000E+00    0.00000E+00    0.00000E+00    0.00000E+00
    6.22257E+05    5.24810E-09    0.00000E+00    0.00000E+00    0.00000E+00    0.00000E+00
    6.51734E+05    6.40360E-09    0.00000E+00    0.00000E+00    0.00000E+00    0.00000E+00
    6.82607E+05    7.13207E-09    0.00000E+00    0.00000E+00    0.00000E+00    0.00000E+00
    7.14943E+05    8.35558E-09    0.00000E+00    0.00000E+00    0.00000E+00    0.00000E+00
    7.48810E+05    9.17517E-09    0.00000E+00    0.00000E+00    0.00000E+00    0.00000E+00
    7.84282E+05    9.91725E-09    0.00000E+00    0.00000E+00    0.00000E+00    0.00000E+00
    8.21434E+05    1.02777E-08    0.00000E+00    0.00000E+00    0.00000E+00    0.00000E+00
    8.60346E+05    1.12120E-08    0.00000E+00    0.00000E+00    0.00000E+00    0.00000E+00
    9.01102E+05    1.17998E-08    0.00000E+00    0.00000E+00    0.00000E+00    0.00000E+00
    9.43788E+05    1.18185E-08    0.00000E+00    0.00000E+00    0.00000E+00    0.00000E+00
    9.88496E+05    1.20625E-08    0.00000E+00    0.00000E+00    0.00000E+00    0.00000E+00
    1.03532E+06    1.21675E-08    0.00000E+00    0.00000E+00    0.00000E+00    0.00000E+00
    1.08437E+06    1.18821E-08    0.00000E+00    0.00000E+00    0.00000E+00    0.00000E+00
    1.13573E+06    1.19175E-08    0.00000E+00    0.00000E+00    0.00000E+00    0.00000E+00
    1.18953E+06    1.14207E-08    0.00000E+00    0.00000E+00    0.00000E+00    0.00000E+00
    1.24588E+06    1.08767E-08    0.00000E+00    0.00000E+00    0.00000E+00    0.00000E+00
    1.30490E+06    1.03173E-08    0.00000E+00    0.00000E+00    0.00000E+00    0.00000E+00
    1.36672E+06    9.71114E-09    0.00000E+00    0.00000E+00    0.00000E+00    0.00000E+00
    1.43146E+06    9.14730E-09    0.00000E+00    0.00000E+00    0.00000E+00    0.00000E+00
    1.49927E+06    8.51869E-09    0.00000E+00    0.00000E+00    0.00000E+00    0.00000E+00
    1.57029E+06    7.88800E-09    0.00000E+00    0.00000E+00    0.00000E+00    0.00000E+00
    1.64468E+06    7.13716E-09    0.00000E+00    0.00000E+00    0.00000E+00    0.00000E+00
    1.72259E+06    6.45000E-09    0.00000E+00    0.00000E+00    0.00000E+00    0.00000E+00
    1.80419E+06    5.83672E-09    0.00000E+00    0.00000E+00    0.00000E+00    0.00000E+00
    1.88965E+06    5.19948E-09    0.00000E+00    0.00000E+00    0.00000E+00    0.00000E+00
    1.97917E+06    4.64180E-09    0.00000E+00    0.00000E+00    0.00000E+00    0.00000E+00
    2.07292E+06    4.09396E-09    0.00000E+00    0.00000E+00    0.00000E+00    0.00000E+00
    2.17112E+06    3.62013E-09    0.00000E+00    0.00000E+00    0.00000E+00    0.00000E+00
    2.27397E+06    3.15958E-09    0.00000E+00    0.00000E+00    0.00000E+00    0.00000E+00
    2.38169E+06    2.75692E-09    0.00000E+00    0.00000E+00    0.00000E+00    0.00000E+00
    2.49451E+06    2.37996E-09    0.00000E+00    0.00000E+00    0.00000E+00    0.00000E+00
    2.61268E+06    2.04717E-09    0.00000E+00    0.00000E+00    0.00000E+00    0.00000E+00
    2.73644E+06    1.76610E-09    0.00000E+00    0.00000E+00    0.00000E+00    0.00000E+00
    2.86607E+06    1.50105E-09    0.00000E+00    0.00000E+00    0.00000E+00    0.00000E+00
    3.00184E+06    1.27932E-09    0.00000E+00    0.00000E+00    0.00000E+00    0.00000E+00
    3.14404E+06    1.08105E-09    0.00000E+00    0.00000E+00    0.00000E+00    0.00000E+00
    3.29297E+06    9.07964E-10    0.00000E+00    0.00000E+00    0.00000E+00    0.00000E+00
    3.44896E+06    7.66577E-10    0.00000E+00    0.00000E+00    0.00000E+00    0.00000E+00
    3.61234E+06    6.46750E-10    0.00000E+00    0.00000E+00    0.00000E+00    0.00000E+00
    3.78346E+06    5.40829E-10    0.00000E+00    0.00000E+00    0.00000E+00    0.00000E+00
    3.96269E+06    4.49549E-10    0.00000E+00    0.00000E+00    0.00000E+00    0.00000E+00
    4.15040E+06    3.72712E-10    0.00000E+00    0.00000E+00    0.00000E+00    0.00000E+00
    4.34701E+06    3.11460E-10    0.00000E+00    0.00000E+00    0.00000E+00    0.00000E+00
    4.55293E+06    2.56927E-10    0.00000E+00    0.00000E+00    0.00000E+00    0.00000E+00
    4.76861E+06    2.11377E-10    0.00000E+00    0.00000E+00    0.00000E+00    0.00000E+00
    4.99451E+06    1.75109E-10    0.00000E+00    0.00000E+00    0.00000E+00    0.00000E+00
    5.23110E+06    1.43660E-10    0.00000E+00    0.00000E+00    0.00000E+00    0.00000E+00
    5.47890E+06    1.17931E-10    0.00000E+00    0.00000E+00    0.00000E+00    0.00000E+00
    5.73844E+06    9.64554E-11    0.00000E+00    0.00000E+00    0.00000E+00    0.00000E+00
    6.01028E+06    7.92183E-11    0.00000E+00    0.00000E+00    0.00000E+00    0.00000E+00
    6.29499E+06    6.44153E-11    0.00000E+00    0.00000E+00    0.00000E+00    0.00000E+00
    6.59319E+06    5.24341E-11    0.00000E+00    0.00000E+00    0.00000E+00    0.00000E+00
    6.90551E+06    4.29983E-11    0.00000E+00    0.00000E+00    0.00000E+00    0.00000E+00
    7.23264E+06    3.48980E-11    0.00000E+00    0.00000E+00    0.00000E+00    0.00000E+00
    7.57525E+06    2.83453E-11    0.00000E+00    0.00000E+00    0.00000E+00    0.00000E+00
    7.93410E+06    2.29032E-11    0.00000E+00    0.00000E+00    0.00000E+00    0.00000E+00
    8.30994E+06    1.85895E-11    0.00000E+00    0.00000E+00    0.00000E+00    0.00000E+00
    8.70359E+06    1.50904E-11    0.00000E+00    0.00000E+00    0.00000E+00    0.00000E+00
    9.11589E+06    1.22074E-11    0.00000E+00    0.00000E+00    0.00000E+00    0.00000E+00
    9.54771E+06    9.82711E-12    0.00000E+00    0.00000E+00    0.00000E+00    0.00000E+00
    1.00000E+07    7.91275E-12    0.00000E+00    0.00000E+00    0.00000E+00    0.00000E+00
