 # Columns are: Lambda (Angstroms) and Flux (Flux * lambda) (ergs/s/cm^2)
    1.00000E+03    0.00000E+00    0.00000E+00    0.00000E+00    0.00000E+00    0.00000E+00
    1.04737E+03    0.00000E+00    0.00000E+00    0.00000E+00    0.00000E+00    0.00000E+00
    1.09699E+03    0.00000E+00    0.00000E+00    0.00000E+00    0.00000E+00    0.00000E+00
    1.14895E+03    0.00000E+00    0.00000E+00    0.00000E+00    0.00000E+00    0.00000E+00
    1.20338E+03    0.00000E+00    0.00000E+00    0.00000E+00    0.00000E+00    0.00000E+00
    1.26038E+03    0.00000E+00    0.00000E+00    0.00000E+00    0.00000E+00    0.00000E+00
    1.32009E+03    0.00000E+00    0.00000E+00    0.00000E+00    0.00000E+00    0.00000E+00
    1.38262E+03    0.00000E+00    0.00000E+00    0.00000E+00    0.00000E+00    0.00000E+00
    1.44812E+03    0.00000E+00    0.00000E+00    0.00000E+00    0.00000E+00    0.00000E+00
    1.51672E+03    0.00000E+00    0.00000E+00    0.00000E+00    0.00000E+00    0.00000E+00
    1.58857E+03    0.00000E+00    0.00000E+00    0.00000E+00    0.00000E+00    0.00000E+00
    1.66382E+03    0.00000E+00    0.00000E+00    0.00000E+00    0.00000E+00    0.00000E+00
    1.74263E+03    0.00000E+00    0.00000E+00    0.00000E+00    0.00000E+00    0.00000E+00
    1.82518E+03    0.00000E+00    0.00000E+00    0.00000E+00    0.00000E+00    0.00000E+00
    1.91164E+03    0.00000E+00    0.00000E+00    0.00000E+00    0.00000E+00    0.00000E+00
    2.00220E+03    0.00000E+00    0.00000E+00    0.00000E+00    0.00000E+00    0.00000E+00
    2.09705E+03    0.00000E+00    0.00000E+00    0.00000E+00    0.00000E+00    0.00000E+00
    2.19639E+03    0.00000E+00    0.00000E+00    0.00000E+00    0.00000E+00    0.00000E+00
    2.30043E+03    0.00000E+00    0.00000E+00    0.00000E+00    0.00000E+00    0.00000E+00
    2.40940E+03    0.00000E+00    0.00000E+00    0.00000E+00    0.00000E+00    0.00000E+00
    2.52354E+03    0.00000E+00    0.00000E+00    0.00000E+00    0.00000E+00    0.00000E+00
    2.64308E+03    0.00000E+00    0.00000E+00    0.00000E+00    0.00000E+00    0.00000E+00
    2.76829E+03    0.00000E+00    0.00000E+00    0.00000E+00    0.00000E+00    0.00000E+00
    2.89942E+03    0.00000E+00    0.00000E+00    0.00000E+00    0.00000E+00    0.00000E+00
    3.03677E+03    0.00000E+00    0.00000E+00    0.00000E+00    0.00000E+00    0.00000E+00
    3.18063E+03    0.00000E+00    0.00000E+00    0.00000E+00    0.00000E+00    0.00000E+00
    3.33129E+03    0.00000E+00    0.00000E+00    0.00000E+00    0.00000E+00    0.00000E+00
    3.48910E+03    0.00000E+00    0.00000E+00    0.00000E+00    0.00000E+00    0.00000E+00
    3.65438E+03    0.00000E+00    0.00000E+00    0.00000E+00    0.00000E+00    0.00000E+00
    3.82749E+03    0.00000E+00    0.00000E+00    0.00000E+00    0.00000E+00    0.00000E+00
    4.00881E+03    0.00000E+00    0.00000E+00    0.00000E+00    0.00000E+00    0.00000E+00
    4.19871E+03    0.00000E+00    0.00000E+00    0.00000E+00    0.00000E+00    0.00000E+00
    4.39760E+03    0.00000E+00    0.00000E+00    0.00000E+00    0.00000E+00    0.00000E+00
    4.60592E+03    0.00000E+00    0.00000E+00    0.00000E+00    0.00000E+00    0.00000E+00
    4.82411E+03    0.00000E+00    0.00000E+00    0.00000E+00    0.00000E+00    0.00000E+00
    5.05263E+03    0.00000E+00    0.00000E+00    0.00000E+00    0.00000E+00    0.00000E+00
    5.29198E+03    0.00000E+00    0.00000E+00    0.00000E+00    0.00000E+00    0.00000E+00
    5.54266E+03    0.00000E+00    0.00000E+00    0.00000E+00    0.00000E+00    0.00000E+00
    5.80523E+03    0.00000E+00    0.00000E+00    0.00000E+00    0.00000E+00    0.00000E+00
    6.08022E+03    0.00000E+00    0.00000E+00    0.00000E+00    0.00000E+00    0.00000E+00
    6.36825E+03    0.00000E+00    0.00000E+00    0.00000E+00    0.00000E+00    0.00000E+00
    6.66992E+03    0.00000E+00    0.00000E+00    0.00000E+00    0.00000E+00    0.00000E+00
    6.98588E+03    0.00000E+00    0.00000E+00    0.00000E+00    0.00000E+00    0.00000E+00
    7.31681E+03    0.00000E+00    0.00000E+00    0.00000E+00    0.00000E+00    0.00000E+00
    7.66341E+03    0.00000E+00    0.00000E+00    0.00000E+00    0.00000E+00    0.00000E+00
    8.02643E+03    0.00000E+00    0.00000E+00    0.00000E+00    0.00000E+00    0.00000E+00
    8.40665E+03    0.00000E+00    0.00000E+00    0.00000E+00    0.00000E+00    0.00000E+00
    8.80488E+03    0.00000E+00    0.00000E+00    0.00000E+00    0.00000E+00    0.00000E+00
    9.22198E+03    0.00000E+00    0.00000E+00    0.00000E+00    0.00000E+00    0.00000E+00
    9.65883E+03    0.00000E+00    0.00000E+00    0.00000E+00    0.00000E+00    0.00000E+00
    1.01164E+04    0.00000E+00    0.00000E+00    0.00000E+00    0.00000E+00    0.00000E+00
    1.05956E+04    0.00000E+00    0.00000E+00    0.00000E+00    0.00000E+00    0.00000E+00
    1.10975E+04    0.00000E+00    0.00000E+00    0.00000E+00    0.00000E+00    0.00000E+00
    1.16232E+04    0.00000E+00    0.00000E+00    0.00000E+00    0.00000E+00    0.00000E+00
    1.21738E+04    0.00000E+00    0.00000E+00    0.00000E+00    0.00000E+00    0.00000E+00
    1.27505E+04    0.00000E+00    0.00000E+00    0.00000E+00    0.00000E+00    0.00000E+00
    1.33545E+04    1.43530E-43    0.00000E+00    0.00000E+00    0.00000E+00    0.00000E+00
    1.39871E+04    2.29428E-43    0.00000E+00    0.00000E+00    0.00000E+00    0.00000E+00
    1.46497E+04    2.58550E-32    0.00000E+00    0.00000E+00    0.00000E+00    0.00000E+00
    1.53437E+04    3.50715E-31    0.00000E+00    0.00000E+00    0.00000E+00    0.00000E+00
    1.60705E+04    4.09240E-29    0.00000E+00    0.00000E+00    0.00000E+00    0.00000E+00
    1.68318E+04    1.40996E-26    0.00000E+00    0.00000E+00    0.00000E+00    0.00000E+00
    1.76291E+04    8.83837E-25    0.00000E+00    0.00000E+00    0.00000E+00    0.00000E+00
    1.84642E+04    1.44348E-15    0.00000E+00    0.00000E+00    0.00000E+00    0.00000E+00
    1.93389E+04    1.73281E-19    0.00000E+00    0.00000E+00    0.00000E+00    0.00000E+00
    2.02550E+04    5.52667E-18    0.00000E+00    0.00000E+00    0.00000E+00    0.00000E+00
    2.12145E+04    1.16028E-17    0.00000E+00    0.00000E+00    0.00000E+00    0.00000E+00
    2.22195E+04    1.11317E-15    0.00000E+00    0.00000E+00    0.00000E+00    0.00000E+00
    2.32720E+04    3.59267E-14    0.00000E+00    0.00000E+00    0.00000E+00    0.00000E+00
    2.43744E+04    2.15678E-13    0.00000E+00    0.00000E+00    0.00000E+00    0.00000E+00
    2.55291E+04    2.53157E-13    0.00000E+00    0.00000E+00    0.00000E+00    0.00000E+00
    2.67384E+04    9.02298E-13    0.00000E+00    0.00000E+00    0.00000E+00    0.00000E+00
    2.80050E+04    5.04130E-13    0.00000E+00    0.00000E+00    0.00000E+00    0.00000E+00
    2.93317E+04    4.63919E-12    0.00000E+00    0.00000E+00    0.00000E+00    0.00000E+00
    3.07211E+04    1.06687E-09    0.00000E+00    0.00000E+00    0.00000E+00    0.00000E+00
    3.21764E+04    1.14024E-11    0.00000E+00    0.00000E+00    0.00000E+00    0.00000E+00
    3.37006E+04    5.14304E-10    0.00000E+00    0.00000E+00    0.00000E+00    0.00000E+00
    3.52971E+04    4.42791E-10    0.00000E+00    0.00000E+00    0.00000E+00    0.00000E+00
    3.69691E+04    3.50942E-10    0.00000E+00    0.00000E+00    0.00000E+00    0.00000E+00
    3.87204E+04    2.78378E-10    0.00000E+00    0.00000E+00    0.00000E+00    0.00000E+00
    4.05546E+04    7.34265E-10    0.00000E+00    0.00000E+00    0.00000E+00    0.00000E+00
    4.24757E+04    1.38648E-09    0.00000E+00    0.00000E+00    0.00000E+00    0.00000E+00
    4.44878E+04    2.55876E-09    0.00000E+00    0.00000E+00    0.00000E+00    0.00000E+00
    4.65953E+04    5.61585E-09    0.00000E+00    0.00000E+00    0.00000E+00    0.00000E+00
    4.88025E+04    5.52505E-09    0.00000E+00    0.00000E+00    0.00000E+00    0.00000E+00
    5.11143E+04    5.25138E-09    0.00000E+00    0.00000E+00    0.00000E+00    0.00000E+00
    5.35357E+04    5.64842E-09    0.00000E+00    0.00000E+00    0.00000E+00    0.00000E+00
    5.60717E+04    1.08784E-08    0.00000E+00    0.00000E+00    0.00000E+00    0.00000E+00
    5.87279E+04    9.45536E-09    0.00000E+00    0.00000E+00    0.00000E+00    0.00000E+00
    6.15099E+04    8.84561E-09    0.00000E+00    0.00000E+00    0.00000E+00    0.00000E+00
    6.44236E+04    1.07732E-08    0.00000E+00    0.00000E+00    0.00000E+00    0.00000E+00
    6.74754E+04    1.70151E-08    0.00000E+00    0.00000E+00    0.00000E+00    0.00000E+00
    7.06718E+04    1.81882E-08    0.00000E+00    0.00000E+00    0.00000E+00    0.00000E+00
    7.40196E+04    1.00587E-08    0.00000E+00    0.00000E+00    0.00000E+00    0.00000E+00
    7.75260E+04    3.59903E-09    0.00000E+00    0.00000E+00    0.00000E+00    0.00000E+00
    8.11984E+04    8.09974E-12    0.00000E+00    0.00000E+00    0.00000E+00    0.00000E+00
    8.50449E+04    6.15083E-15    0.00000E+00    0.00000E+00    0.00000E+00    0.00000E+00
    8.90735E+04    2.91666E-16    0.00000E+00    0.00000E+00    0.00000E+00    0.00000E+00
    9.32930E+04    1.91332E-21    0.00000E+00    0.00000E+00    0.00000E+00    0.00000E+00
    9.77124E+04    4.91985E-16    0.00000E+00    0.00000E+00    0.00000E+00    0.00000E+00
    1.02341E+05    2.29026E-17    0.00000E+00    0.00000E+00    0.00000E+00    0.00000E+00
    1.07189E+05    6.21617E-14    0.00000E+00    0.00000E+00    0.00000E+00    0.00000E+00
    1.12267E+05    1.40085E-12    0.00000E+00    0.00000E+00    0.00000E+00    0.00000E+00
    1.17585E+05    1.28220E-11    0.00000E+00    0.00000E+00    0.00000E+00    0.00000E+00
    1.23155E+05    1.80977E-10    0.00000E+00    0.00000E+00    0.00000E+00    0.00000E+00
    1.28989E+05    5.00080E-10    0.00000E+00    0.00000E+00    0.00000E+00    0.00000E+00
    1.35099E+05    2.02334E-09    0.00000E+00    0.00000E+00    0.00000E+00    0.00000E+00
    1.41499E+05    8.44090E-09    0.00000E+00    0.00000E+00    0.00000E+00    0.00000E+00
    1.48202E+05    9.75147E-09    0.00000E+00    0.00000E+00    0.00000E+00    0.00000E+00
    1.55222E+05    4.57267E-09    0.00000E+00    0.00000E+00    0.00000E+00    0.00000E+00
    1.62576E+05    2.25743E-09    0.00000E+00    0.00000E+00    0.00000E+00    0.00000E+00
    1.70277E+05    1.11394E-08    0.00000E+00    0.00000E+00    0.00000E+00    0.00000E+00
    1.78343E+05    2.42819E-09    0.00000E+00    0.00000E+00    0.00000E+00    0.00000E+00
    1.86791E+05    4.14047E-09    0.00000E+00    0.00000E+00    0.00000E+00    0.00000E+00
    1.95640E+05    7.10951E-09    0.00000E+00    0.00000E+00    0.00000E+00    0.00000E+00
    2.04907E+05    8.42377E-09    0.00000E+00    0.00000E+00    0.00000E+00    0.00000E+00
    2.14614E+05    4.22153E-08    0.00000E+00    0.00000E+00    0.00000E+00    0.00000E+00
    2.24781E+05    3.95491E-08    0.00000E+00    0.00000E+00    0.00000E+00    0.00000E+00
    2.35429E+05    5.65286E-08    0.00000E+00    0.00000E+00    0.00000E+00    0.00000E+00
    2.46581E+05    7.98754E-08    0.00000E+00    0.00000E+00    0.00000E+00    0.00000E+00
    2.58262E+05    1.27723E-07    0.00000E+00    0.00000E+00    0.00000E+00    0.00000E+00
    2.70496E+05    1.92181E-07    0.00000E+00    0.00000E+00    0.00000E+00    0.00000E+00
    2.83310E+05    2.06601E-07    0.00000E+00    0.00000E+00    0.00000E+00    0.00000E+00
    2.96730E+05    2.78811E-07    0.00000E+00    0.00000E+00    0.00000E+00    0.00000E+00
    3.10787E+05    3.19794E-07    0.00000E+00    0.00000E+00    0.00000E+00    0.00000E+00
    3.25509E+05    4.61634E-07    0.00000E+00    0.00000E+00    0.00000E+00    0.00000E+00
    3.40929E+05    4.86912E-07    0.00000E+00    0.00000E+00    0.00000E+00    0.00000E+00
    3.57078E+05    5.84923E-07    0.00000E+00    0.00000E+00    0.00000E+00    0.00000E+00
    3.73994E+05    6.18185E-07    0.00000E+00    0.00000E+00    0.00000E+00    0.00000E+00
    3.91710E+05    7.60745E-07    0.00000E+00    0.00000E+00    0.00000E+00    0.00000E+00
    4.10266E+05    7.94635E-07    0.00000E+00    0.00000E+00    0.00000E+00    0.00000E+00
    4.29700E+05    9.11738E-07    0.00000E+00    0.00000E+00    0.00000E+00    0.00000E+00
    4.50056E+05    9.20441E-07    0.00000E+00    0.00000E+00    0.00000E+00    0.00000E+00
    4.71375E+05    9.39230E-07    0.00000E+00    0.00000E+00    0.00000E+00    0.00000E+00
    4.93705E+05    9.83582E-07    0.00000E+00    0.00000E+00    0.00000E+00    0.00000E+00
    5.17092E+05    9.97024E-07    0.00000E+00    0.00000E+00    0.00000E+00    0.00000E+00
    5.41587E+05    9.30946E-07    0.00000E+00    0.00000E+00    0.00000E+00    0.00000E+00
    5.67243E+05    9.33878E-07    0.00000E+00    0.00000E+00    0.00000E+00    0.00000E+00
    5.94113E+05    9.30661E-07    0.00000E+00    0.00000E+00    0.00000E+00    0.00000E+00
    6.22257E+05    8.88710E-07    0.00000E+00    0.00000E+00    0.00000E+00    0.00000E+00
    6.51734E+05    8.83668E-07    0.00000E+00    0.00000E+00    0.00000E+00    0.00000E+00
    6.82607E+05    8.35185E-07    0.00000E+00    0.00000E+00    0.00000E+00    0.00000E+00
    7.14943E+05    7.70735E-07    0.00000E+00    0.00000E+00    0.00000E+00    0.00000E+00
    7.48810E+05    7.19107E-07    0.00000E+00    0.00000E+00    0.00000E+00    0.00000E+00
    7.84282E+05    6.44863E-07    0.00000E+00    0.00000E+00    0.00000E+00    0.00000E+00
    8.21434E+05    6.08620E-07    0.00000E+00    0.00000E+00    0.00000E+00    0.00000E+00
    8.60346E+05    5.34305E-07    0.00000E+00    0.00000E+00    0.00000E+00    0.00000E+00
    9.01102E+05    4.81248E-07    0.00000E+00    0.00000E+00    0.00000E+00    0.00000E+00
    9.43788E+05    4.31578E-07    0.00000E+00    0.00000E+00    0.00000E+00    0.00000E+00
    9.88496E+05    3.85106E-07    0.00000E+00    0.00000E+00    0.00000E+00    0.00000E+00
    1.03532E+06    3.37494E-07    0.00000E+00    0.00000E+00    0.00000E+00    0.00000E+00
    1.08437E+06    2.97436E-07    0.00000E+00    0.00000E+00    0.00000E+00    0.00000E+00
    1.13573E+06    2.60681E-07    0.00000E+00    0.00000E+00    0.00000E+00    0.00000E+00
    1.18953E+06    2.24570E-07    0.00000E+00    0.00000E+00    0.00000E+00    0.00000E+00
    1.24588E+06    1.94245E-07    0.00000E+00    0.00000E+00    0.00000E+00    0.00000E+00
    1.30490E+06    1.70051E-07    0.00000E+00    0.00000E+00    0.00000E+00    0.00000E+00
    1.36672E+06    1.43892E-07    0.00000E+00    0.00000E+00    0.00000E+00    0.00000E+00
    1.43146E+06    1.24488E-07    0.00000E+00    0.00000E+00    0.00000E+00    0.00000E+00
    1.49927E+06    1.05611E-07    0.00000E+00    0.00000E+00    0.00000E+00    0.00000E+00
    1.57029E+06    9.02417E-08    0.00000E+00    0.00000E+00    0.00000E+00    0.00000E+00
    1.64468E+06    7.62891E-08    0.00000E+00    0.00000E+00    0.00000E+00    0.00000E+00
    1.72259E+06    6.48361E-08    0.00000E+00    0.00000E+00    0.00000E+00    0.00000E+00
    1.80419E+06    5.37839E-08    0.00000E+00    0.00000E+00    0.00000E+00    0.00000E+00
    1.88965E+06    4.64242E-08    0.00000E+00    0.00000E+00    0.00000E+00    0.00000E+00
    1.97917E+06    3.85829E-08    0.00000E+00    0.00000E+00    0.00000E+00    0.00000E+00
    2.07292E+06    3.25989E-08    0.00000E+00    0.00000E+00    0.00000E+00    0.00000E+00
    2.17112E+06    2.70240E-08    0.00000E+00    0.00000E+00    0.00000E+00    0.00000E+00
    2.27397E+06    2.24679E-08    0.00000E+00    0.00000E+00    0.00000E+00    0.00000E+00
    2.38169E+06    1.88201E-08    0.00000E+00    0.00000E+00    0.00000E+00    0.00000E+00
    2.49451E+06    1.55366E-08    0.00000E+00    0.00000E+00    0.00000E+00    0.00000E+00
    2.61268E+06    1.27992E-08    0.00000E+00    0.00000E+00    0.00000E+00    0.00000E+00
    2.73644E+06    1.05521E-08    0.00000E+00    0.00000E+00    0.00000E+00    0.00000E+00
    2.86607E+06    8.80982E-09    0.00000E+00    0.00000E+00    0.00000E+00    0.00000E+00
    3.00184E+06    7.24848E-09    0.00000E+00    0.00000E+00    0.00000E+00    0.00000E+00
    3.14404E+06    5.95110E-09    0.00000E+00    0.00000E+00    0.00000E+00    0.00000E+00
    3.29297E+06    4.87629E-09    0.00000E+00    0.00000E+00    0.00000E+00    0.00000E+00
    3.44896E+06    4.03823E-09    0.00000E+00    0.00000E+00    0.00000E+00    0.00000E+00
    3.61234E+06    3.28517E-09    0.00000E+00    0.00000E+00    0.00000E+00    0.00000E+00
    3.78346E+06    2.68527E-09    0.00000E+00    0.00000E+00    0.00000E+00    0.00000E+00
    3.96269E+06    2.19134E-09    0.00000E+00    0.00000E+00    0.00000E+00    0.00000E+00
    4.15040E+06    1.79158E-09    0.00000E+00    0.00000E+00    0.00000E+00    0.00000E+00
    4.34701E+06    1.45721E-09    0.00000E+00    0.00000E+00    0.00000E+00    0.00000E+00
    4.55293E+06    1.18193E-09    0.00000E+00    0.00000E+00    0.00000E+00    0.00000E+00
    4.76861E+06    9.55382E-10    0.00000E+00    0.00000E+00    0.00000E+00    0.00000E+00
    4.99451E+06    7.73006E-10    0.00000E+00    0.00000E+00    0.00000E+00    0.00000E+00
    5.23110E+06    6.31921E-10    0.00000E+00    0.00000E+00    0.00000E+00    0.00000E+00
    5.47890E+06    5.05373E-10    0.00000E+00    0.00000E+00    0.00000E+00    0.00000E+00
    5.73844E+06    4.09462E-10    0.00000E+00    0.00000E+00    0.00000E+00    0.00000E+00
    6.01028E+06    3.30020E-10    0.00000E+00    0.00000E+00    0.00000E+00    0.00000E+00
    6.29499E+06    2.66198E-10    0.00000E+00    0.00000E+00    0.00000E+00    0.00000E+00
    6.59319E+06    2.14054E-10    0.00000E+00    0.00000E+00    0.00000E+00    0.00000E+00
    6.90551E+06    1.72441E-10    0.00000E+00    0.00000E+00    0.00000E+00    0.00000E+00
    7.23264E+06    1.37892E-10    0.00000E+00    0.00000E+00    0.00000E+00    0.00000E+00
    7.57525E+06    1.11032E-10    0.00000E+00    0.00000E+00    0.00000E+00    0.00000E+00
    7.93410E+06    8.87232E-11    0.00000E+00    0.00000E+00    0.00000E+00    0.00000E+00
    8.30994E+06    7.15564E-11    0.00000E+00    0.00000E+00    0.00000E+00    0.00000E+00
    8.70359E+06    5.69850E-11    0.00000E+00    0.00000E+00    0.00000E+00    0.00000E+00
    9.11589E+06    4.56953E-11    0.00000E+00    0.00000E+00    0.00000E+00    0.00000E+00
    9.54771E+06    3.66814E-11    0.00000E+00    0.00000E+00    0.00000E+00    0.00000E+00
    1.00000E+07    2.93597E-11    0.00000E+00    0.00000E+00    0.00000E+00    0.00000E+00
