 # Columns are: Lambda (Angstroms) and Flux (Flux * lambda) (ergs/s/cm^2)
    1.00000E+03    0.00000E+00    0.00000E+00    0.00000E+00    0.00000E+00    0.00000E+00
    1.04737E+03    0.00000E+00    0.00000E+00    0.00000E+00    0.00000E+00    0.00000E+00
    1.09699E+03    0.00000E+00    0.00000E+00    0.00000E+00    0.00000E+00    0.00000E+00
    1.14895E+03    0.00000E+00    0.00000E+00    0.00000E+00    0.00000E+00    0.00000E+00
    1.20338E+03    0.00000E+00    0.00000E+00    0.00000E+00    0.00000E+00    0.00000E+00
    1.26038E+03    0.00000E+00    0.00000E+00    0.00000E+00    0.00000E+00    0.00000E+00
    1.32009E+03    0.00000E+00    0.00000E+00    0.00000E+00    0.00000E+00    0.00000E+00
    1.38262E+03    0.00000E+00    0.00000E+00    0.00000E+00    0.00000E+00    0.00000E+00
    1.44812E+03    0.00000E+00    0.00000E+00    0.00000E+00    0.00000E+00    0.00000E+00
    1.51672E+03    0.00000E+00    0.00000E+00    0.00000E+00    0.00000E+00    0.00000E+00
    1.58857E+03    0.00000E+00    0.00000E+00    0.00000E+00    0.00000E+00    0.00000E+00
    1.66382E+03    0.00000E+00    0.00000E+00    0.00000E+00    0.00000E+00    0.00000E+00
    1.74263E+03    0.00000E+00    0.00000E+00    0.00000E+00    0.00000E+00    0.00000E+00
    1.82518E+03    0.00000E+00    0.00000E+00    0.00000E+00    0.00000E+00    0.00000E+00
    1.91164E+03    0.00000E+00    0.00000E+00    0.00000E+00    0.00000E+00    0.00000E+00
    2.00220E+03    0.00000E+00    0.00000E+00    0.00000E+00    0.00000E+00    0.00000E+00
    2.09705E+03    0.00000E+00    0.00000E+00    0.00000E+00    0.00000E+00    0.00000E+00
    2.19639E+03    0.00000E+00    0.00000E+00    0.00000E+00    0.00000E+00    0.00000E+00
    2.30043E+03    0.00000E+00    0.00000E+00    0.00000E+00    0.00000E+00    0.00000E+00
    2.40940E+03    0.00000E+00    0.00000E+00    0.00000E+00    0.00000E+00    0.00000E+00
    2.52354E+03    0.00000E+00    0.00000E+00    0.00000E+00    0.00000E+00    0.00000E+00
    2.64308E+03    0.00000E+00    0.00000E+00    0.00000E+00    0.00000E+00    0.00000E+00
    2.76829E+03    0.00000E+00    0.00000E+00    0.00000E+00    0.00000E+00    0.00000E+00
    2.89942E+03    0.00000E+00    0.00000E+00    0.00000E+00    0.00000E+00    0.00000E+00
    3.03677E+03    0.00000E+00    0.00000E+00    0.00000E+00    0.00000E+00    0.00000E+00
    3.18063E+03    0.00000E+00    0.00000E+00    0.00000E+00    0.00000E+00    0.00000E+00
    3.33129E+03    0.00000E+00    0.00000E+00    0.00000E+00    0.00000E+00    0.00000E+00
    3.48910E+03    0.00000E+00    0.00000E+00    0.00000E+00    0.00000E+00    0.00000E+00
    3.65438E+03    0.00000E+00    0.00000E+00    0.00000E+00    0.00000E+00    0.00000E+00
    3.82749E+03    0.00000E+00    0.00000E+00    0.00000E+00    0.00000E+00    0.00000E+00
    4.00881E+03    0.00000E+00    0.00000E+00    0.00000E+00    0.00000E+00    0.00000E+00
    4.19871E+03    0.00000E+00    0.00000E+00    0.00000E+00    0.00000E+00    0.00000E+00
    4.39760E+03    0.00000E+00    0.00000E+00    0.00000E+00    0.00000E+00    0.00000E+00
    4.60592E+03    0.00000E+00    0.00000E+00    0.00000E+00    0.00000E+00    0.00000E+00
    4.82411E+03    0.00000E+00    0.00000E+00    0.00000E+00    0.00000E+00    0.00000E+00
    5.05263E+03    0.00000E+00    0.00000E+00    0.00000E+00    0.00000E+00    0.00000E+00
    5.29198E+03    0.00000E+00    0.00000E+00    0.00000E+00    0.00000E+00    0.00000E+00
    5.54266E+03    0.00000E+00    0.00000E+00    0.00000E+00    0.00000E+00    0.00000E+00
    5.80523E+03    0.00000E+00    0.00000E+00    0.00000E+00    0.00000E+00    0.00000E+00
    6.08022E+03    0.00000E+00    0.00000E+00    0.00000E+00    0.00000E+00    0.00000E+00
    6.36825E+03    0.00000E+00    0.00000E+00    0.00000E+00    0.00000E+00    0.00000E+00
    6.66992E+03    0.00000E+00    0.00000E+00    0.00000E+00    0.00000E+00    0.00000E+00
    6.98588E+03    0.00000E+00    0.00000E+00    0.00000E+00    0.00000E+00    0.00000E+00
    7.31681E+03    0.00000E+00    0.00000E+00    0.00000E+00    0.00000E+00    0.00000E+00
    7.66341E+03    0.00000E+00    0.00000E+00    0.00000E+00    0.00000E+00    0.00000E+00
    8.02643E+03    0.00000E+00    0.00000E+00    0.00000E+00    0.00000E+00    0.00000E+00
    8.40665E+03    0.00000E+00    0.00000E+00    0.00000E+00    0.00000E+00    0.00000E+00
    8.80488E+03    0.00000E+00    0.00000E+00    0.00000E+00    0.00000E+00    0.00000E+00
    9.22198E+03    0.00000E+00    0.00000E+00    0.00000E+00    0.00000E+00    0.00000E+00
    9.65883E+03    0.00000E+00    0.00000E+00    0.00000E+00    0.00000E+00    0.00000E+00
    1.01164E+04    0.00000E+00    0.00000E+00    0.00000E+00    0.00000E+00    0.00000E+00
    1.05956E+04    1.54899E-45    0.00000E+00    0.00000E+00    0.00000E+00    0.00000E+00
    1.10975E+04    1.40976E-35    0.00000E+00    0.00000E+00    0.00000E+00    0.00000E+00
    1.16232E+04    3.13292E-36    0.00000E+00    0.00000E+00    0.00000E+00    0.00000E+00
    1.21738E+04    6.25813E-30    0.00000E+00    0.00000E+00    0.00000E+00    0.00000E+00
    1.27505E+04    2.23014E-26    0.00000E+00    0.00000E+00    0.00000E+00    0.00000E+00
    1.33545E+04    1.94415E-23    0.00000E+00    0.00000E+00    0.00000E+00    0.00000E+00
    1.39871E+04    2.02553E-22    0.00000E+00    0.00000E+00    0.00000E+00    0.00000E+00
    1.46497E+04    1.43361E-19    0.00000E+00    0.00000E+00    0.00000E+00    0.00000E+00
    1.53437E+04    7.72212E-19    0.00000E+00    0.00000E+00    0.00000E+00    0.00000E+00
    1.60705E+04    9.48621E-17    0.00000E+00    0.00000E+00    0.00000E+00    0.00000E+00
    1.68318E+04    1.68080E-15    0.00000E+00    0.00000E+00    0.00000E+00    0.00000E+00
    1.76291E+04    3.70767E-15    0.00000E+00    0.00000E+00    0.00000E+00    0.00000E+00
    1.84642E+04    1.94011E-14    0.00000E+00    0.00000E+00    0.00000E+00    0.00000E+00
    1.93389E+04    5.82712E-13    0.00000E+00    0.00000E+00    0.00000E+00    0.00000E+00
    2.02550E+04    1.84841E-12    0.00000E+00    0.00000E+00    0.00000E+00    0.00000E+00
    2.12145E+04    1.02699E-11    0.00000E+00    0.00000E+00    0.00000E+00    0.00000E+00
    2.22195E+04    6.26810E-11    0.00000E+00    0.00000E+00    0.00000E+00    0.00000E+00
    2.32720E+04    1.14119E-10    0.00000E+00    0.00000E+00    0.00000E+00    0.00000E+00
    2.43744E+04    1.89605E-10    0.00000E+00    0.00000E+00    0.00000E+00    0.00000E+00
    2.55291E+04    6.96016E-10    0.00000E+00    0.00000E+00    0.00000E+00    0.00000E+00
    2.67384E+04    1.16662E-09    0.00000E+00    0.00000E+00    0.00000E+00    0.00000E+00
    2.80050E+04    2.06835E-09    0.00000E+00    0.00000E+00    0.00000E+00    0.00000E+00
    2.93317E+04    3.16628E-09    0.00000E+00    0.00000E+00    0.00000E+00    0.00000E+00
    3.07211E+04    4.63080E-09    0.00000E+00    0.00000E+00    0.00000E+00    0.00000E+00
    3.21764E+04    8.90883E-09    0.00000E+00    0.00000E+00    0.00000E+00    0.00000E+00
    3.37006E+04    1.26683E-08    0.00000E+00    0.00000E+00    0.00000E+00    0.00000E+00
    3.52971E+04    2.12419E-08    0.00000E+00    0.00000E+00    0.00000E+00    0.00000E+00
    3.69691E+04    2.94212E-08    0.00000E+00    0.00000E+00    0.00000E+00    0.00000E+00
    3.87204E+04    4.28518E-08    0.00000E+00    0.00000E+00    0.00000E+00    0.00000E+00
    4.05546E+04    5.90501E-08    0.00000E+00    0.00000E+00    0.00000E+00    0.00000E+00
    4.24757E+04    7.81435E-08    0.00000E+00    0.00000E+00    0.00000E+00    0.00000E+00
    4.44878E+04    9.79869E-08    0.00000E+00    0.00000E+00    0.00000E+00    0.00000E+00
    4.65953E+04    1.29225E-07    0.00000E+00    0.00000E+00    0.00000E+00    0.00000E+00
    4.88025E+04    1.49376E-07    0.00000E+00    0.00000E+00    0.00000E+00    0.00000E+00
    5.11143E+04    1.80320E-07    0.00000E+00    0.00000E+00    0.00000E+00    0.00000E+00
    5.35357E+04    1.86138E-07    0.00000E+00    0.00000E+00    0.00000E+00    0.00000E+00
    5.60717E+04    2.31655E-07    0.00000E+00    0.00000E+00    0.00000E+00    0.00000E+00
    5.87279E+04    2.62291E-07    0.00000E+00    0.00000E+00    0.00000E+00    0.00000E+00
    6.15099E+04    2.71706E-07    0.00000E+00    0.00000E+00    0.00000E+00    0.00000E+00
    6.44236E+04    3.25632E-07    0.00000E+00    0.00000E+00    0.00000E+00    0.00000E+00
    6.74754E+04    3.29454E-07    0.00000E+00    0.00000E+00    0.00000E+00    0.00000E+00
    7.06718E+04    3.60267E-07    0.00000E+00    0.00000E+00    0.00000E+00    0.00000E+00
    7.40196E+04    3.24809E-07    0.00000E+00    0.00000E+00    0.00000E+00    0.00000E+00
    7.75260E+04    1.18421E-07    0.00000E+00    0.00000E+00    0.00000E+00    0.00000E+00
    8.11984E+04    1.45241E-08    0.00000E+00    0.00000E+00    0.00000E+00    0.00000E+00
    8.50449E+04    2.34399E-09    0.00000E+00    0.00000E+00    0.00000E+00    0.00000E+00
    8.90735E+04    3.28730E-09    0.00000E+00    0.00000E+00    0.00000E+00    0.00000E+00
    9.32930E+04    4.86973E-09    0.00000E+00    0.00000E+00    0.00000E+00    0.00000E+00
    9.77124E+04    9.69196E-11    0.00000E+00    0.00000E+00    0.00000E+00    0.00000E+00
    1.02341E+05    3.20634E-09    0.00000E+00    0.00000E+00    0.00000E+00    0.00000E+00
    1.07189E+05    5.04414E-09    0.00000E+00    0.00000E+00    0.00000E+00    0.00000E+00
    1.12267E+05    7.33913E-09    0.00000E+00    0.00000E+00    0.00000E+00    0.00000E+00
    1.17585E+05    3.81405E-08    0.00000E+00    0.00000E+00    0.00000E+00    0.00000E+00
    1.23155E+05    1.05051E-07    0.00000E+00    0.00000E+00    0.00000E+00    0.00000E+00
    1.28989E+05    1.35962E-07    0.00000E+00    0.00000E+00    0.00000E+00    0.00000E+00
    1.35099E+05    2.40678E-07    0.00000E+00    0.00000E+00    0.00000E+00    0.00000E+00
    1.41499E+05    3.38643E-07    0.00000E+00    0.00000E+00    0.00000E+00    0.00000E+00
    1.48202E+05    3.14058E-07    0.00000E+00    0.00000E+00    0.00000E+00    0.00000E+00
    1.55222E+05    2.44040E-07    0.00000E+00    0.00000E+00    0.00000E+00    0.00000E+00
    1.62576E+05    2.34059E-07    0.00000E+00    0.00000E+00    0.00000E+00    0.00000E+00
    1.70277E+05    2.44483E-07    0.00000E+00    0.00000E+00    0.00000E+00    0.00000E+00
    1.78343E+05    2.98897E-07    0.00000E+00    0.00000E+00    0.00000E+00    0.00000E+00
    1.86791E+05    3.48492E-07    0.00000E+00    0.00000E+00    0.00000E+00    0.00000E+00
    1.95640E+05    3.43796E-07    0.00000E+00    0.00000E+00    0.00000E+00    0.00000E+00
    2.04907E+05    4.18693E-07    0.00000E+00    0.00000E+00    0.00000E+00    0.00000E+00
    2.14614E+05    4.02708E-07    0.00000E+00    0.00000E+00    0.00000E+00    0.00000E+00
    2.24781E+05    7.43140E-07    0.00000E+00    0.00000E+00    0.00000E+00    0.00000E+00
    2.35429E+05    6.12345E-07    0.00000E+00    0.00000E+00    0.00000E+00    0.00000E+00
    2.46581E+05    8.27107E-07    0.00000E+00    0.00000E+00    0.00000E+00    0.00000E+00
    2.58262E+05    8.48478E-07    0.00000E+00    0.00000E+00    0.00000E+00    0.00000E+00
    2.70496E+05    8.04228E-07    0.00000E+00    0.00000E+00    0.00000E+00    0.00000E+00
    2.83310E+05    9.77569E-07    0.00000E+00    0.00000E+00    0.00000E+00    0.00000E+00
    2.96730E+05    1.01212E-06    0.00000E+00    0.00000E+00    0.00000E+00    0.00000E+00
    3.10787E+05    1.00502E-06    0.00000E+00    0.00000E+00    0.00000E+00    0.00000E+00
    3.25509E+05    1.10454E-06    0.00000E+00    0.00000E+00    0.00000E+00    0.00000E+00
    3.40929E+05    1.11768E-06    0.00000E+00    0.00000E+00    0.00000E+00    0.00000E+00
    3.57078E+05    1.21410E-06    0.00000E+00    0.00000E+00    0.00000E+00    0.00000E+00
    3.73994E+05    1.17688E-06    0.00000E+00    0.00000E+00    0.00000E+00    0.00000E+00
    3.91710E+05    1.12850E-06    0.00000E+00    0.00000E+00    0.00000E+00    0.00000E+00
    4.10266E+05    1.06815E-06    0.00000E+00    0.00000E+00    0.00000E+00    0.00000E+00
    4.29700E+05    1.11552E-06    0.00000E+00    0.00000E+00    0.00000E+00    0.00000E+00
    4.50056E+05    1.06560E-06    0.00000E+00    0.00000E+00    0.00000E+00    0.00000E+00
    4.71375E+05    1.03795E-06    0.00000E+00    0.00000E+00    0.00000E+00    0.00000E+00
    4.93705E+05    1.02311E-06    0.00000E+00    0.00000E+00    0.00000E+00    0.00000E+00
    5.17092E+05    9.70919E-07    0.00000E+00    0.00000E+00    0.00000E+00    0.00000E+00
    5.41587E+05    9.00274E-07    0.00000E+00    0.00000E+00    0.00000E+00    0.00000E+00
    5.67243E+05    8.90552E-07    0.00000E+00    0.00000E+00    0.00000E+00    0.00000E+00
    5.94113E+05    7.99490E-07    0.00000E+00    0.00000E+00    0.00000E+00    0.00000E+00
    6.22257E+05    7.60970E-07    0.00000E+00    0.00000E+00    0.00000E+00    0.00000E+00
    6.51734E+05    7.16186E-07    0.00000E+00    0.00000E+00    0.00000E+00    0.00000E+00
    6.82607E+05    6.57431E-07    0.00000E+00    0.00000E+00    0.00000E+00    0.00000E+00
    7.14943E+05    6.07299E-07    0.00000E+00    0.00000E+00    0.00000E+00    0.00000E+00
    7.48810E+05    5.53061E-07    0.00000E+00    0.00000E+00    0.00000E+00    0.00000E+00
    7.84282E+05    5.06482E-07    0.00000E+00    0.00000E+00    0.00000E+00    0.00000E+00
    8.21434E+05    4.58336E-07    0.00000E+00    0.00000E+00    0.00000E+00    0.00000E+00
    8.60346E+05    4.17314E-07    0.00000E+00    0.00000E+00    0.00000E+00    0.00000E+00
    9.01102E+05    3.73930E-07    0.00000E+00    0.00000E+00    0.00000E+00    0.00000E+00
    9.43788E+05    3.21806E-07    0.00000E+00    0.00000E+00    0.00000E+00    0.00000E+00
    9.88496E+05    2.94288E-07    0.00000E+00    0.00000E+00    0.00000E+00    0.00000E+00
    1.03532E+06    2.66524E-07    0.00000E+00    0.00000E+00    0.00000E+00    0.00000E+00
    1.08437E+06    2.34744E-07    0.00000E+00    0.00000E+00    0.00000E+00    0.00000E+00
    1.13573E+06    2.05616E-07    0.00000E+00    0.00000E+00    0.00000E+00    0.00000E+00
    1.18953E+06    1.81078E-07    0.00000E+00    0.00000E+00    0.00000E+00    0.00000E+00
    1.24588E+06    1.60746E-07    0.00000E+00    0.00000E+00    0.00000E+00    0.00000E+00
    1.30490E+06    1.39892E-07    0.00000E+00    0.00000E+00    0.00000E+00    0.00000E+00
    1.36672E+06    1.19218E-07    0.00000E+00    0.00000E+00    0.00000E+00    0.00000E+00
    1.43146E+06    1.05263E-07    0.00000E+00    0.00000E+00    0.00000E+00    0.00000E+00
    1.49927E+06    8.95489E-08    0.00000E+00    0.00000E+00    0.00000E+00    0.00000E+00
    1.57029E+06    7.63121E-08    0.00000E+00    0.00000E+00    0.00000E+00    0.00000E+00
    1.64468E+06    6.50790E-08    0.00000E+00    0.00000E+00    0.00000E+00    0.00000E+00
    1.72259E+06    5.56541E-08    0.00000E+00    0.00000E+00    0.00000E+00    0.00000E+00
    1.80419E+06    4.76729E-08    0.00000E+00    0.00000E+00    0.00000E+00    0.00000E+00
    1.88965E+06    4.00890E-08    0.00000E+00    0.00000E+00    0.00000E+00    0.00000E+00
    1.97917E+06    3.41754E-08    0.00000E+00    0.00000E+00    0.00000E+00    0.00000E+00
    2.07292E+06    2.86408E-08    0.00000E+00    0.00000E+00    0.00000E+00    0.00000E+00
    2.17112E+06    2.39978E-08    0.00000E+00    0.00000E+00    0.00000E+00    0.00000E+00
    2.27397E+06    2.01596E-08    0.00000E+00    0.00000E+00    0.00000E+00    0.00000E+00
    2.38169E+06    1.67983E-08    0.00000E+00    0.00000E+00    0.00000E+00    0.00000E+00
    2.49451E+06    1.41232E-08    0.00000E+00    0.00000E+00    0.00000E+00    0.00000E+00
    2.61268E+06    1.17675E-08    0.00000E+00    0.00000E+00    0.00000E+00    0.00000E+00
    2.73644E+06    9.78324E-09    0.00000E+00    0.00000E+00    0.00000E+00    0.00000E+00
    2.86607E+06    8.11017E-09    0.00000E+00    0.00000E+00    0.00000E+00    0.00000E+00
    3.00184E+06    6.67696E-09    0.00000E+00    0.00000E+00    0.00000E+00    0.00000E+00
    3.14404E+06    5.53538E-09    0.00000E+00    0.00000E+00    0.00000E+00    0.00000E+00
    3.29297E+06    4.53272E-09    0.00000E+00    0.00000E+00    0.00000E+00    0.00000E+00
    3.44896E+06    3.74441E-09    0.00000E+00    0.00000E+00    0.00000E+00    0.00000E+00
    3.61234E+06    3.07198E-09    0.00000E+00    0.00000E+00    0.00000E+00    0.00000E+00
    3.78346E+06    2.51817E-09    0.00000E+00    0.00000E+00    0.00000E+00    0.00000E+00
    3.96269E+06    2.07329E-09    0.00000E+00    0.00000E+00    0.00000E+00    0.00000E+00
    4.15040E+06    1.69146E-09    0.00000E+00    0.00000E+00    0.00000E+00    0.00000E+00
    4.34701E+06    1.36932E-09    0.00000E+00    0.00000E+00    0.00000E+00    0.00000E+00
    4.55293E+06    1.11605E-09    0.00000E+00    0.00000E+00    0.00000E+00    0.00000E+00
    4.76861E+06    9.11966E-10    0.00000E+00    0.00000E+00    0.00000E+00    0.00000E+00
    4.99451E+06    7.34922E-10    0.00000E+00    0.00000E+00    0.00000E+00    0.00000E+00
    5.23110E+06    6.03321E-10    0.00000E+00    0.00000E+00    0.00000E+00    0.00000E+00
    5.47890E+06    4.86244E-10    0.00000E+00    0.00000E+00    0.00000E+00    0.00000E+00
    5.73844E+06    3.90714E-10    0.00000E+00    0.00000E+00    0.00000E+00    0.00000E+00
    6.01028E+06    3.14559E-10    0.00000E+00    0.00000E+00    0.00000E+00    0.00000E+00
    6.29499E+06    2.55551E-10    0.00000E+00    0.00000E+00    0.00000E+00    0.00000E+00
    6.59319E+06    2.05514E-10    0.00000E+00    0.00000E+00    0.00000E+00    0.00000E+00
    6.90551E+06    1.64571E-10    0.00000E+00    0.00000E+00    0.00000E+00    0.00000E+00
    7.23264E+06    1.33344E-10    0.00000E+00    0.00000E+00    0.00000E+00    0.00000E+00
    7.57525E+06    1.07004E-10    0.00000E+00    0.00000E+00    0.00000E+00    0.00000E+00
    7.93410E+06    8.55824E-11    0.00000E+00    0.00000E+00    0.00000E+00    0.00000E+00
    8.30994E+06    6.85796E-11    0.00000E+00    0.00000E+00    0.00000E+00    0.00000E+00
    8.70359E+06    5.52025E-11    0.00000E+00    0.00000E+00    0.00000E+00    0.00000E+00
    9.11589E+06    4.41267E-11    0.00000E+00    0.00000E+00    0.00000E+00    0.00000E+00
    9.54771E+06    3.53182E-11    0.00000E+00    0.00000E+00    0.00000E+00    0.00000E+00
    1.00000E+07    2.81594E-11    0.00000E+00    0.00000E+00    0.00000E+00    0.00000E+00
