 # Columns are: Lambda (Angstroms) and Flux (Flux * lambda) (ergs/s/cm^2)
    1.00000E+03    0.00000E+00    0.00000E+00    0.00000E+00    0.00000E+00    0.00000E+00
    1.04737E+03    0.00000E+00    0.00000E+00    0.00000E+00    0.00000E+00    0.00000E+00
    1.09699E+03    0.00000E+00    0.00000E+00    0.00000E+00    0.00000E+00    0.00000E+00
    1.14895E+03    0.00000E+00    0.00000E+00    0.00000E+00    0.00000E+00    0.00000E+00
    1.20338E+03    0.00000E+00    0.00000E+00    0.00000E+00    0.00000E+00    0.00000E+00
    1.26038E+03    0.00000E+00    0.00000E+00    0.00000E+00    0.00000E+00    0.00000E+00
    1.32009E+03    0.00000E+00    0.00000E+00    0.00000E+00    0.00000E+00    0.00000E+00
    1.38262E+03    0.00000E+00    0.00000E+00    0.00000E+00    0.00000E+00    0.00000E+00
    1.44812E+03    0.00000E+00    0.00000E+00    0.00000E+00    0.00000E+00    0.00000E+00
    1.51672E+03    0.00000E+00    0.00000E+00    0.00000E+00    0.00000E+00    0.00000E+00
    1.58857E+03    0.00000E+00    0.00000E+00    0.00000E+00    0.00000E+00    0.00000E+00
    1.66382E+03    0.00000E+00    0.00000E+00    0.00000E+00    0.00000E+00    0.00000E+00
    1.74263E+03    0.00000E+00    0.00000E+00    0.00000E+00    0.00000E+00    0.00000E+00
    1.82518E+03    0.00000E+00    0.00000E+00    0.00000E+00    0.00000E+00    0.00000E+00
    1.91164E+03    0.00000E+00    0.00000E+00    0.00000E+00    0.00000E+00    0.00000E+00
    2.00220E+03    0.00000E+00    0.00000E+00    0.00000E+00    0.00000E+00    0.00000E+00
    2.09705E+03    0.00000E+00    0.00000E+00    0.00000E+00    0.00000E+00    0.00000E+00
    2.19639E+03    0.00000E+00    0.00000E+00    0.00000E+00    0.00000E+00    0.00000E+00
    2.30043E+03    0.00000E+00    0.00000E+00    0.00000E+00    0.00000E+00    0.00000E+00
    2.40940E+03    0.00000E+00    0.00000E+00    0.00000E+00    0.00000E+00    0.00000E+00
    2.52354E+03    0.00000E+00    0.00000E+00    0.00000E+00    0.00000E+00    0.00000E+00
    2.64308E+03    0.00000E+00    0.00000E+00    0.00000E+00    0.00000E+00    0.00000E+00
    2.76829E+03    0.00000E+00    0.00000E+00    0.00000E+00    0.00000E+00    0.00000E+00
    2.89942E+03    0.00000E+00    0.00000E+00    0.00000E+00    0.00000E+00    0.00000E+00
    3.03677E+03    0.00000E+00    0.00000E+00    0.00000E+00    0.00000E+00    0.00000E+00
    3.18063E+03    0.00000E+00    0.00000E+00    0.00000E+00    0.00000E+00    0.00000E+00
    3.33129E+03    0.00000E+00    0.00000E+00    0.00000E+00    0.00000E+00    0.00000E+00
    3.48910E+03    0.00000E+00    0.00000E+00    0.00000E+00    0.00000E+00    0.00000E+00
    3.65438E+03    0.00000E+00    0.00000E+00    0.00000E+00    0.00000E+00    0.00000E+00
    3.82749E+03    0.00000E+00    0.00000E+00    0.00000E+00    0.00000E+00    0.00000E+00
    4.00881E+03    0.00000E+00    0.00000E+00    0.00000E+00    0.00000E+00    0.00000E+00
    4.19871E+03    0.00000E+00    0.00000E+00    0.00000E+00    0.00000E+00    0.00000E+00
    4.39760E+03    0.00000E+00    0.00000E+00    0.00000E+00    0.00000E+00    0.00000E+00
    4.60592E+03    0.00000E+00    0.00000E+00    0.00000E+00    0.00000E+00    0.00000E+00
    4.82411E+03    0.00000E+00    0.00000E+00    0.00000E+00    0.00000E+00    0.00000E+00
    5.05263E+03    0.00000E+00    0.00000E+00    0.00000E+00    0.00000E+00    0.00000E+00
    5.29198E+03    0.00000E+00    0.00000E+00    0.00000E+00    0.00000E+00    0.00000E+00
    5.54266E+03    0.00000E+00    0.00000E+00    0.00000E+00    0.00000E+00    0.00000E+00
    5.80523E+03    0.00000E+00    0.00000E+00    0.00000E+00    0.00000E+00    0.00000E+00
    6.08022E+03    0.00000E+00    0.00000E+00    0.00000E+00    0.00000E+00    0.00000E+00
    6.36825E+03    0.00000E+00    0.00000E+00    0.00000E+00    0.00000E+00    0.00000E+00
    6.66992E+03    0.00000E+00    0.00000E+00    0.00000E+00    0.00000E+00    0.00000E+00
    6.98588E+03    0.00000E+00    0.00000E+00    0.00000E+00    0.00000E+00    0.00000E+00
    7.31681E+03    0.00000E+00    0.00000E+00    0.00000E+00    0.00000E+00    0.00000E+00
    7.66341E+03    0.00000E+00    0.00000E+00    0.00000E+00    0.00000E+00    0.00000E+00
    8.02643E+03    0.00000E+00    0.00000E+00    0.00000E+00    0.00000E+00    0.00000E+00
    8.40665E+03    0.00000E+00    0.00000E+00    0.00000E+00    0.00000E+00    0.00000E+00
    8.80488E+03    0.00000E+00    0.00000E+00    0.00000E+00    0.00000E+00    0.00000E+00
    9.22198E+03    0.00000E+00    0.00000E+00    0.00000E+00    0.00000E+00    0.00000E+00
    9.65883E+03    0.00000E+00    0.00000E+00    0.00000E+00    0.00000E+00    0.00000E+00
    1.01164E+04    0.00000E+00    0.00000E+00    0.00000E+00    0.00000E+00    0.00000E+00
    1.05956E+04    0.00000E+00    0.00000E+00    0.00000E+00    0.00000E+00    0.00000E+00
    1.10975E+04    0.00000E+00    0.00000E+00    0.00000E+00    0.00000E+00    0.00000E+00
    1.16232E+04    0.00000E+00    0.00000E+00    0.00000E+00    0.00000E+00    0.00000E+00
    1.21738E+04    0.00000E+00    0.00000E+00    0.00000E+00    0.00000E+00    0.00000E+00
    1.27505E+04    0.00000E+00    0.00000E+00    0.00000E+00    0.00000E+00    0.00000E+00
    1.33545E+04    0.00000E+00    0.00000E+00    0.00000E+00    0.00000E+00    0.00000E+00
    1.39871E+04    0.00000E+00    0.00000E+00    0.00000E+00    0.00000E+00    0.00000E+00
    1.46497E+04    0.00000E+00    0.00000E+00    0.00000E+00    0.00000E+00    0.00000E+00
    1.53437E+04    0.00000E+00    0.00000E+00    0.00000E+00    0.00000E+00    0.00000E+00
    1.60705E+04    0.00000E+00    0.00000E+00    0.00000E+00    0.00000E+00    0.00000E+00
    1.68318E+04    0.00000E+00    0.00000E+00    0.00000E+00    0.00000E+00    0.00000E+00
    1.76291E+04    0.00000E+00    0.00000E+00    0.00000E+00    0.00000E+00    0.00000E+00
    1.84642E+04    0.00000E+00    0.00000E+00    0.00000E+00    0.00000E+00    0.00000E+00
    1.93389E+04    1.45874E-41    0.00000E+00    0.00000E+00    0.00000E+00    0.00000E+00
    2.02550E+04    3.42907E-35    0.00000E+00    0.00000E+00    0.00000E+00    0.00000E+00
    2.12145E+04    1.01733E-35    0.00000E+00    0.00000E+00    0.00000E+00    0.00000E+00
    2.22195E+04    1.47309E-32    0.00000E+00    0.00000E+00    0.00000E+00    0.00000E+00
    2.32720E+04    6.88312E-30    0.00000E+00    0.00000E+00    0.00000E+00    0.00000E+00
    2.43744E+04    8.85083E-21    0.00000E+00    0.00000E+00    0.00000E+00    0.00000E+00
    2.55291E+04    3.08117E-23    0.00000E+00    0.00000E+00    0.00000E+00    0.00000E+00
    2.67384E+04    3.28252E-23    0.00000E+00    0.00000E+00    0.00000E+00    0.00000E+00
    2.80050E+04    1.86451E-21    0.00000E+00    0.00000E+00    0.00000E+00    0.00000E+00
    2.93317E+04    3.79505E-20    0.00000E+00    0.00000E+00    0.00000E+00    0.00000E+00
    3.07211E+04    8.39732E-21    0.00000E+00    0.00000E+00    0.00000E+00    0.00000E+00
    3.21764E+04    3.47175E-18    0.00000E+00    0.00000E+00    0.00000E+00    0.00000E+00
    3.37006E+04    1.14536E-17    0.00000E+00    0.00000E+00    0.00000E+00    0.00000E+00
    3.52971E+04    3.69549E-17    0.00000E+00    0.00000E+00    0.00000E+00    0.00000E+00
    3.69691E+04    8.51685E-16    0.00000E+00    0.00000E+00    0.00000E+00    0.00000E+00
    3.87204E+04    1.03199E-15    0.00000E+00    0.00000E+00    0.00000E+00    0.00000E+00
    4.05546E+04    1.85357E-15    0.00000E+00    0.00000E+00    0.00000E+00    0.00000E+00
    4.24757E+04    4.83236E-15    0.00000E+00    0.00000E+00    0.00000E+00    0.00000E+00
    4.44878E+04    7.94054E-14    0.00000E+00    0.00000E+00    0.00000E+00    0.00000E+00
    4.65953E+04    4.25388E-14    0.00000E+00    0.00000E+00    0.00000E+00    0.00000E+00
    4.88025E+04    2.62408E-13    0.00000E+00    0.00000E+00    0.00000E+00    0.00000E+00
    5.11143E+04    2.47090E-13    0.00000E+00    0.00000E+00    0.00000E+00    0.00000E+00
    5.35357E+04    4.24093E-13    0.00000E+00    0.00000E+00    0.00000E+00    0.00000E+00
    5.60717E+04    7.56769E-13    0.00000E+00    0.00000E+00    0.00000E+00    0.00000E+00
    5.87279E+04    1.37754E-12    0.00000E+00    0.00000E+00    0.00000E+00    0.00000E+00
    6.15099E+04    7.43985E-13    0.00000E+00    0.00000E+00    0.00000E+00    0.00000E+00
    6.44236E+04    1.22449E-12    0.00000E+00    0.00000E+00    0.00000E+00    0.00000E+00
    6.74754E+04    2.38380E-12    0.00000E+00    0.00000E+00    0.00000E+00    0.00000E+00
    7.06718E+04    3.41454E-12    0.00000E+00    0.00000E+00    0.00000E+00    0.00000E+00
    7.40196E+04    8.69705E-13    0.00000E+00    0.00000E+00    0.00000E+00    0.00000E+00
    7.75260E+04    4.09700E-15    0.00000E+00    0.00000E+00    0.00000E+00    0.00000E+00
    8.11984E+04    1.83118E-22    0.00000E+00    0.00000E+00    0.00000E+00    0.00000E+00
    8.50449E+04    2.85295E-28    0.00000E+00    0.00000E+00    0.00000E+00    0.00000E+00
    8.90735E+04    2.51627E-40    0.00000E+00    0.00000E+00    0.00000E+00    0.00000E+00
    9.32930E+04    5.18731E-43    0.00000E+00    0.00000E+00    0.00000E+00    0.00000E+00
    9.77124E+04    0.00000E+00    0.00000E+00    0.00000E+00    0.00000E+00    0.00000E+00
    1.02341E+05    7.12038E-36    0.00000E+00    0.00000E+00    0.00000E+00    0.00000E+00
    1.07189E+05    1.82382E-31    0.00000E+00    0.00000E+00    0.00000E+00    0.00000E+00
    1.12267E+05    2.25308E-30    0.00000E+00    0.00000E+00    0.00000E+00    0.00000E+00
    1.17585E+05    3.10714E-24    0.00000E+00    0.00000E+00    0.00000E+00    0.00000E+00
    1.23155E+05    1.14800E-21    0.00000E+00    0.00000E+00    0.00000E+00    0.00000E+00
    1.28989E+05    1.00743E-18    0.00000E+00    0.00000E+00    0.00000E+00    0.00000E+00
    1.35099E+05    2.41560E-15    0.00000E+00    0.00000E+00    0.00000E+00    0.00000E+00
    1.41499E+05    2.61866E-15    0.00000E+00    0.00000E+00    0.00000E+00    0.00000E+00
    1.48202E+05    4.59282E-15    0.00000E+00    0.00000E+00    0.00000E+00    0.00000E+00
    1.55222E+05    6.22835E-16    0.00000E+00    0.00000E+00    0.00000E+00    0.00000E+00
    1.62576E+05    9.59213E-17    0.00000E+00    0.00000E+00    0.00000E+00    0.00000E+00
    1.70277E+05    5.93950E-16    0.00000E+00    0.00000E+00    0.00000E+00    0.00000E+00
    1.78343E+05    8.80095E-18    0.00000E+00    0.00000E+00    0.00000E+00    0.00000E+00
    1.86791E+05    9.98321E-17    0.00000E+00    0.00000E+00    0.00000E+00    0.00000E+00
    1.95640E+05    2.28359E-15    0.00000E+00    0.00000E+00    0.00000E+00    0.00000E+00
    2.04907E+05    3.75821E-14    0.00000E+00    0.00000E+00    0.00000E+00    0.00000E+00
    2.14614E+05    8.64635E-15    0.00000E+00    0.00000E+00    0.00000E+00    0.00000E+00
    2.24781E+05    3.96694E-14    0.00000E+00    0.00000E+00    0.00000E+00    0.00000E+00
    2.35429E+05    6.08240E-13    0.00000E+00    0.00000E+00    0.00000E+00    0.00000E+00
    2.46581E+05    2.54659E-12    0.00000E+00    0.00000E+00    0.00000E+00    0.00000E+00
    2.58262E+05    5.94414E-12    0.00000E+00    0.00000E+00    0.00000E+00    0.00000E+00
    2.70496E+05    5.23155E-12    0.00000E+00    0.00000E+00    0.00000E+00    0.00000E+00
    2.83310E+05    2.86965E-11    0.00000E+00    0.00000E+00    0.00000E+00    0.00000E+00
    2.96730E+05    8.45902E-11    0.00000E+00    0.00000E+00    0.00000E+00    0.00000E+00
    3.10787E+05    2.04389E-10    0.00000E+00    0.00000E+00    0.00000E+00    0.00000E+00
    3.25509E+05    5.02136E-10    0.00000E+00    0.00000E+00    0.00000E+00    0.00000E+00
    3.40929E+05    6.10596E-10    0.00000E+00    0.00000E+00    0.00000E+00    0.00000E+00
    3.57078E+05    1.17555E-09    0.00000E+00    0.00000E+00    0.00000E+00    0.00000E+00
    3.73994E+05    1.59360E-09    0.00000E+00    0.00000E+00    0.00000E+00    0.00000E+00
    3.91710E+05    2.24647E-09    0.00000E+00    0.00000E+00    0.00000E+00    0.00000E+00
    4.10266E+05    4.29759E-09    0.00000E+00    0.00000E+00    0.00000E+00    0.00000E+00
    4.29700E+05    5.34602E-09    0.00000E+00    0.00000E+00    0.00000E+00    0.00000E+00
    4.50056E+05    8.06329E-09    0.00000E+00    0.00000E+00    0.00000E+00    0.00000E+00
    4.71375E+05    1.01125E-08    0.00000E+00    0.00000E+00    0.00000E+00    0.00000E+00
    4.93705E+05    1.27023E-08    0.00000E+00    0.00000E+00    0.00000E+00    0.00000E+00
    5.17092E+05    1.46195E-08    0.00000E+00    0.00000E+00    0.00000E+00    0.00000E+00
    5.41587E+05    1.79926E-08    0.00000E+00    0.00000E+00    0.00000E+00    0.00000E+00
    5.67243E+05    2.22299E-08    0.00000E+00    0.00000E+00    0.00000E+00    0.00000E+00
    5.94113E+05    2.43419E-08    0.00000E+00    0.00000E+00    0.00000E+00    0.00000E+00
    6.22257E+05    2.64248E-08    0.00000E+00    0.00000E+00    0.00000E+00    0.00000E+00
    6.51734E+05    2.98742E-08    0.00000E+00    0.00000E+00    0.00000E+00    0.00000E+00
    6.82607E+05    3.25537E-08    0.00000E+00    0.00000E+00    0.00000E+00    0.00000E+00
    7.14943E+05    3.41302E-08    0.00000E+00    0.00000E+00    0.00000E+00    0.00000E+00
    7.48810E+05    3.54563E-08    0.00000E+00    0.00000E+00    0.00000E+00    0.00000E+00
    7.84282E+05    3.59578E-08    0.00000E+00    0.00000E+00    0.00000E+00    0.00000E+00
    8.21434E+05    3.59460E-08    0.00000E+00    0.00000E+00    0.00000E+00    0.00000E+00
    8.60346E+05    3.61976E-08    0.00000E+00    0.00000E+00    0.00000E+00    0.00000E+00
    9.01102E+05    3.51463E-08    0.00000E+00    0.00000E+00    0.00000E+00    0.00000E+00
    9.43788E+05    3.46791E-08    0.00000E+00    0.00000E+00    0.00000E+00    0.00000E+00
    9.88496E+05    3.31592E-08    0.00000E+00    0.00000E+00    0.00000E+00    0.00000E+00
    1.03532E+06    3.19709E-08    0.00000E+00    0.00000E+00    0.00000E+00    0.00000E+00
    1.08437E+06    2.94233E-08    0.00000E+00    0.00000E+00    0.00000E+00    0.00000E+00
    1.13573E+06    2.77366E-08    0.00000E+00    0.00000E+00    0.00000E+00    0.00000E+00
    1.18953E+06    2.59515E-08    0.00000E+00    0.00000E+00    0.00000E+00    0.00000E+00
    1.24588E+06    2.35793E-08    0.00000E+00    0.00000E+00    0.00000E+00    0.00000E+00
    1.30490E+06    2.16594E-08    0.00000E+00    0.00000E+00    0.00000E+00    0.00000E+00
    1.36672E+06    1.96204E-08    0.00000E+00    0.00000E+00    0.00000E+00    0.00000E+00
    1.43146E+06    1.78437E-08    0.00000E+00    0.00000E+00    0.00000E+00    0.00000E+00
    1.49927E+06    1.58999E-08    0.00000E+00    0.00000E+00    0.00000E+00    0.00000E+00
    1.57029E+06    1.44126E-08    0.00000E+00    0.00000E+00    0.00000E+00    0.00000E+00
    1.64468E+06    1.26605E-08    0.00000E+00    0.00000E+00    0.00000E+00    0.00000E+00
    1.72259E+06    1.12330E-08    0.00000E+00    0.00000E+00    0.00000E+00    0.00000E+00
    1.80419E+06    9.77751E-09    0.00000E+00    0.00000E+00    0.00000E+00    0.00000E+00
    1.88965E+06    8.52262E-09    0.00000E+00    0.00000E+00    0.00000E+00    0.00000E+00
    1.97917E+06    7.46177E-09    0.00000E+00    0.00000E+00    0.00000E+00    0.00000E+00
    2.07292E+06    6.44429E-09    0.00000E+00    0.00000E+00    0.00000E+00    0.00000E+00
    2.17112E+06    5.55866E-09    0.00000E+00    0.00000E+00    0.00000E+00    0.00000E+00
    2.27397E+06    4.75613E-09    0.00000E+00    0.00000E+00    0.00000E+00    0.00000E+00
    2.38169E+06    4.08422E-09    0.00000E+00    0.00000E+00    0.00000E+00    0.00000E+00
    2.49451E+06    3.46863E-09    0.00000E+00    0.00000E+00    0.00000E+00    0.00000E+00
    2.61268E+06    2.94638E-09    0.00000E+00    0.00000E+00    0.00000E+00    0.00000E+00
    2.73644E+06    2.49287E-09    0.00000E+00    0.00000E+00    0.00000E+00    0.00000E+00
    2.86607E+06    2.10379E-09    0.00000E+00    0.00000E+00    0.00000E+00    0.00000E+00
    3.00184E+06    1.76484E-09    0.00000E+00    0.00000E+00    0.00000E+00    0.00000E+00
    3.14404E+06    1.47679E-09    0.00000E+00    0.00000E+00    0.00000E+00    0.00000E+00
    3.29297E+06    1.23450E-09    0.00000E+00    0.00000E+00    0.00000E+00    0.00000E+00
    3.44896E+06    1.02732E-09    0.00000E+00    0.00000E+00    0.00000E+00    0.00000E+00
    3.61234E+06    8.59903E-10    0.00000E+00    0.00000E+00    0.00000E+00    0.00000E+00
    3.78346E+06    7.13165E-10    0.00000E+00    0.00000E+00    0.00000E+00    0.00000E+00
    3.96269E+06    5.86730E-10    0.00000E+00    0.00000E+00    0.00000E+00    0.00000E+00
    4.15040E+06    4.83411E-10    0.00000E+00    0.00000E+00    0.00000E+00    0.00000E+00
    4.34701E+06    3.97506E-10    0.00000E+00    0.00000E+00    0.00000E+00    0.00000E+00
    4.55293E+06    3.27153E-10    0.00000E+00    0.00000E+00    0.00000E+00    0.00000E+00
    4.76861E+06    2.67938E-10    0.00000E+00    0.00000E+00    0.00000E+00    0.00000E+00
    4.99451E+06    2.19582E-10    0.00000E+00    0.00000E+00    0.00000E+00    0.00000E+00
    5.23110E+06    1.79926E-10    0.00000E+00    0.00000E+00    0.00000E+00    0.00000E+00
    5.47890E+06    1.47192E-10    0.00000E+00    0.00000E+00    0.00000E+00    0.00000E+00
    5.73844E+06    1.20015E-10    0.00000E+00    0.00000E+00    0.00000E+00    0.00000E+00
    6.01028E+06    9.72684E-11    0.00000E+00    0.00000E+00    0.00000E+00    0.00000E+00
    6.29499E+06    7.93710E-11    0.00000E+00    0.00000E+00    0.00000E+00    0.00000E+00
    6.59319E+06    6.41435E-11    0.00000E+00    0.00000E+00    0.00000E+00    0.00000E+00
    6.90551E+06    5.23233E-11    0.00000E+00    0.00000E+00    0.00000E+00    0.00000E+00
    7.23264E+06    4.20620E-11    0.00000E+00    0.00000E+00    0.00000E+00    0.00000E+00
    7.57525E+06    3.39866E-11    0.00000E+00    0.00000E+00    0.00000E+00    0.00000E+00
    7.93410E+06    2.76694E-11    0.00000E+00    0.00000E+00    0.00000E+00    0.00000E+00
    8.30994E+06    2.22697E-11    0.00000E+00    0.00000E+00    0.00000E+00    0.00000E+00
    8.70359E+06    1.80028E-11    0.00000E+00    0.00000E+00    0.00000E+00    0.00000E+00
    9.11589E+06    1.44719E-11    0.00000E+00    0.00000E+00    0.00000E+00    0.00000E+00
    9.54771E+06    1.16872E-11    0.00000E+00    0.00000E+00    0.00000E+00    0.00000E+00
    1.00000E+07    9.41092E-12    0.00000E+00    0.00000E+00    0.00000E+00    0.00000E+00
