 # Columns are: Lambda (Angstroms) and Flux (Flux * lambda) (ergs/s/cm^2)
    1.00000E+03    0.00000E+00    0.00000E+00    0.00000E+00    0.00000E+00    0.00000E+00
    1.04737E+03    0.00000E+00    0.00000E+00    0.00000E+00    0.00000E+00    0.00000E+00
    1.09699E+03    0.00000E+00    0.00000E+00    0.00000E+00    0.00000E+00    0.00000E+00
    1.14895E+03    0.00000E+00    0.00000E+00    0.00000E+00    0.00000E+00    0.00000E+00
    1.20338E+03    0.00000E+00    0.00000E+00    0.00000E+00    0.00000E+00    0.00000E+00
    1.26038E+03    0.00000E+00    0.00000E+00    0.00000E+00    0.00000E+00    0.00000E+00
    1.32009E+03    0.00000E+00    0.00000E+00    0.00000E+00    0.00000E+00    0.00000E+00
    1.38262E+03    0.00000E+00    0.00000E+00    0.00000E+00    0.00000E+00    0.00000E+00
    1.44812E+03    0.00000E+00    0.00000E+00    0.00000E+00    0.00000E+00    0.00000E+00
    1.51672E+03    0.00000E+00    0.00000E+00    0.00000E+00    0.00000E+00    0.00000E+00
    1.58857E+03    0.00000E+00    0.00000E+00    0.00000E+00    0.00000E+00    0.00000E+00
    1.66382E+03    0.00000E+00    0.00000E+00    0.00000E+00    0.00000E+00    0.00000E+00
    1.74263E+03    0.00000E+00    0.00000E+00    0.00000E+00    0.00000E+00    0.00000E+00
    1.82518E+03    0.00000E+00    0.00000E+00    0.00000E+00    0.00000E+00    0.00000E+00
    1.91164E+03    0.00000E+00    0.00000E+00    0.00000E+00    0.00000E+00    0.00000E+00
    2.00220E+03    0.00000E+00    0.00000E+00    0.00000E+00    0.00000E+00    0.00000E+00
    2.09705E+03    0.00000E+00    0.00000E+00    0.00000E+00    0.00000E+00    0.00000E+00
    2.19639E+03    0.00000E+00    0.00000E+00    0.00000E+00    0.00000E+00    0.00000E+00
    2.30043E+03    0.00000E+00    0.00000E+00    0.00000E+00    0.00000E+00    0.00000E+00
    2.40940E+03    0.00000E+00    0.00000E+00    0.00000E+00    0.00000E+00    0.00000E+00
    2.52354E+03    0.00000E+00    0.00000E+00    0.00000E+00    0.00000E+00    0.00000E+00
    2.64308E+03    0.00000E+00    0.00000E+00    0.00000E+00    0.00000E+00    0.00000E+00
    2.76829E+03    0.00000E+00    0.00000E+00    0.00000E+00    0.00000E+00    0.00000E+00
    2.89942E+03    0.00000E+00    0.00000E+00    0.00000E+00    0.00000E+00    0.00000E+00
    3.03677E+03    0.00000E+00    0.00000E+00    0.00000E+00    0.00000E+00    0.00000E+00
    3.18063E+03    0.00000E+00    0.00000E+00    0.00000E+00    0.00000E+00    0.00000E+00
    3.33129E+03    0.00000E+00    0.00000E+00    0.00000E+00    0.00000E+00    0.00000E+00
    3.48910E+03    0.00000E+00    0.00000E+00    0.00000E+00    0.00000E+00    0.00000E+00
    3.65438E+03    0.00000E+00    0.00000E+00    0.00000E+00    0.00000E+00    0.00000E+00
    3.82749E+03    0.00000E+00    0.00000E+00    0.00000E+00    0.00000E+00    0.00000E+00
    4.00881E+03    0.00000E+00    0.00000E+00    0.00000E+00    0.00000E+00    0.00000E+00
    4.19871E+03    0.00000E+00    0.00000E+00    0.00000E+00    0.00000E+00    0.00000E+00
    4.39760E+03    0.00000E+00    0.00000E+00    0.00000E+00    0.00000E+00    0.00000E+00
    4.60592E+03    0.00000E+00    0.00000E+00    0.00000E+00    0.00000E+00    0.00000E+00
    4.82411E+03    0.00000E+00    0.00000E+00    0.00000E+00    0.00000E+00    0.00000E+00
    5.05263E+03    0.00000E+00    0.00000E+00    0.00000E+00    0.00000E+00    0.00000E+00
    5.29198E+03    0.00000E+00    0.00000E+00    0.00000E+00    0.00000E+00    0.00000E+00
    5.54266E+03    0.00000E+00    0.00000E+00    0.00000E+00    0.00000E+00    0.00000E+00
    5.80523E+03    0.00000E+00    0.00000E+00    0.00000E+00    0.00000E+00    0.00000E+00
    6.08022E+03    0.00000E+00    0.00000E+00    0.00000E+00    0.00000E+00    0.00000E+00
    6.36825E+03    0.00000E+00    0.00000E+00    0.00000E+00    0.00000E+00    0.00000E+00
    6.66992E+03    0.00000E+00    0.00000E+00    0.00000E+00    0.00000E+00    0.00000E+00
    6.98588E+03    0.00000E+00    0.00000E+00    0.00000E+00    0.00000E+00    0.00000E+00
    7.31681E+03    0.00000E+00    0.00000E+00    0.00000E+00    0.00000E+00    0.00000E+00
    7.66341E+03    0.00000E+00    0.00000E+00    0.00000E+00    0.00000E+00    0.00000E+00
    8.02643E+03    0.00000E+00    0.00000E+00    0.00000E+00    0.00000E+00    0.00000E+00
    8.40665E+03    1.80522E-48    0.00000E+00    0.00000E+00    0.00000E+00    0.00000E+00
    8.80488E+03    6.46619E-41    0.00000E+00    0.00000E+00    0.00000E+00    0.00000E+00
    9.22198E+03    1.65173E-34    0.00000E+00    0.00000E+00    0.00000E+00    0.00000E+00
    9.65883E+03    9.34790E-32    0.00000E+00    0.00000E+00    0.00000E+00    0.00000E+00
    1.01164E+04    8.86357E-24    0.00000E+00    0.00000E+00    0.00000E+00    0.00000E+00
    1.05956E+04    3.31432E-20    0.00000E+00    0.00000E+00    0.00000E+00    0.00000E+00
    1.10975E+04    2.28402E-21    0.00000E+00    0.00000E+00    0.00000E+00    0.00000E+00
    1.16232E+04    1.77040E-18    0.00000E+00    0.00000E+00    0.00000E+00    0.00000E+00
    1.21738E+04    1.32546E-17    0.00000E+00    0.00000E+00    0.00000E+00    0.00000E+00
    1.27505E+04    6.60022E-17    0.00000E+00    0.00000E+00    0.00000E+00    0.00000E+00
    1.33545E+04    7.75657E-16    0.00000E+00    0.00000E+00    0.00000E+00    0.00000E+00
    1.39871E+04    8.53239E-15    0.00000E+00    0.00000E+00    0.00000E+00    0.00000E+00
    1.46497E+04    8.63742E-14    0.00000E+00    0.00000E+00    0.00000E+00    0.00000E+00
    1.53437E+04    9.67499E-13    0.00000E+00    0.00000E+00    0.00000E+00    0.00000E+00
    1.60705E+04    4.35110E-12    0.00000E+00    0.00000E+00    0.00000E+00    0.00000E+00
    1.68318E+04    2.73704E-11    0.00000E+00    0.00000E+00    0.00000E+00    0.00000E+00
    1.76291E+04    9.30829E-11    0.00000E+00    0.00000E+00    0.00000E+00    0.00000E+00
    1.84642E+04    3.42755E-10    0.00000E+00    0.00000E+00    0.00000E+00    0.00000E+00
    1.93389E+04    6.30816E-10    0.00000E+00    0.00000E+00    0.00000E+00    0.00000E+00
    2.02550E+04    1.76043E-09    0.00000E+00    0.00000E+00    0.00000E+00    0.00000E+00
    2.12145E+04    3.87664E-09    0.00000E+00    0.00000E+00    0.00000E+00    0.00000E+00
    2.22195E+04    6.73731E-09    0.00000E+00    0.00000E+00    0.00000E+00    0.00000E+00
    2.32720E+04    1.47067E-08    0.00000E+00    0.00000E+00    0.00000E+00    0.00000E+00
    2.43744E+04    2.33425E-08    0.00000E+00    0.00000E+00    0.00000E+00    0.00000E+00
    2.55291E+04    3.69282E-08    0.00000E+00    0.00000E+00    0.00000E+00    0.00000E+00
    2.67384E+04    6.12237E-08    0.00000E+00    0.00000E+00    0.00000E+00    0.00000E+00
    2.80050E+04    9.10495E-08    0.00000E+00    0.00000E+00    0.00000E+00    0.00000E+00
    2.93317E+04    1.14674E-07    0.00000E+00    0.00000E+00    0.00000E+00    0.00000E+00
    3.07211E+04    1.71611E-07    0.00000E+00    0.00000E+00    0.00000E+00    0.00000E+00
    3.21764E+04    2.31798E-07    0.00000E+00    0.00000E+00    0.00000E+00    0.00000E+00
    3.37006E+04    3.07490E-07    0.00000E+00    0.00000E+00    0.00000E+00    0.00000E+00
    3.52971E+04    3.90803E-07    0.00000E+00    0.00000E+00    0.00000E+00    0.00000E+00
    3.69691E+04    4.90528E-07    0.00000E+00    0.00000E+00    0.00000E+00    0.00000E+00
    3.87204E+04    5.75588E-07    0.00000E+00    0.00000E+00    0.00000E+00    0.00000E+00
    4.05546E+04    7.89943E-07    0.00000E+00    0.00000E+00    0.00000E+00    0.00000E+00
    4.24757E+04    8.24048E-07    0.00000E+00    0.00000E+00    0.00000E+00    0.00000E+00
    4.44878E+04    1.06871E-06    0.00000E+00    0.00000E+00    0.00000E+00    0.00000E+00
    4.65953E+04    1.22146E-06    0.00000E+00    0.00000E+00    0.00000E+00    0.00000E+00
    4.88025E+04    1.40928E-06    0.00000E+00    0.00000E+00    0.00000E+00    0.00000E+00
    5.11143E+04    1.55875E-06    0.00000E+00    0.00000E+00    0.00000E+00    0.00000E+00
    5.35357E+04    1.65898E-06    0.00000E+00    0.00000E+00    0.00000E+00    0.00000E+00
    5.60717E+04    1.74382E-06    0.00000E+00    0.00000E+00    0.00000E+00    0.00000E+00
    5.87279E+04    1.78213E-06    0.00000E+00    0.00000E+00    0.00000E+00    0.00000E+00
    6.15099E+04    1.94161E-06    0.00000E+00    0.00000E+00    0.00000E+00    0.00000E+00
    6.44236E+04    1.97361E-06    0.00000E+00    0.00000E+00    0.00000E+00    0.00000E+00
    6.74754E+04    2.06369E-06    0.00000E+00    0.00000E+00    0.00000E+00    0.00000E+00
    7.06718E+04    2.23793E-06    0.00000E+00    0.00000E+00    0.00000E+00    0.00000E+00
    7.40196E+04    1.79183E-06    0.00000E+00    0.00000E+00    0.00000E+00    0.00000E+00
    7.75260E+04    8.62267E-07    0.00000E+00    0.00000E+00    0.00000E+00    0.00000E+00
    8.11984E+04    2.49920E-07    0.00000E+00    0.00000E+00    0.00000E+00    0.00000E+00
    8.50449E+04    1.03719E-07    0.00000E+00    0.00000E+00    0.00000E+00    0.00000E+00
    8.90735E+04    1.81644E-08    0.00000E+00    0.00000E+00    0.00000E+00    0.00000E+00
    9.32930E+04    2.06261E-09    0.00000E+00    0.00000E+00    0.00000E+00    0.00000E+00
    9.77124E+04    1.85866E-08    0.00000E+00    0.00000E+00    0.00000E+00    0.00000E+00
    1.02341E+05    1.08387E-08    0.00000E+00    0.00000E+00    0.00000E+00    0.00000E+00
    1.07189E+05    6.48735E-08    0.00000E+00    0.00000E+00    0.00000E+00    0.00000E+00
    1.12267E+05    6.75421E-08    0.00000E+00    0.00000E+00    0.00000E+00    0.00000E+00
    1.17585E+05    1.76329E-07    0.00000E+00    0.00000E+00    0.00000E+00    0.00000E+00
    1.23155E+05    2.88208E-07    0.00000E+00    0.00000E+00    0.00000E+00    0.00000E+00
    1.28989E+05    3.99884E-07    0.00000E+00    0.00000E+00    0.00000E+00    0.00000E+00
    1.35099E+05    7.59711E-07    0.00000E+00    0.00000E+00    0.00000E+00    0.00000E+00
    1.41499E+05    9.08769E-07    0.00000E+00    0.00000E+00    0.00000E+00    0.00000E+00
    1.48202E+05    8.32333E-07    0.00000E+00    0.00000E+00    0.00000E+00    0.00000E+00
    1.55222E+05    6.99381E-07    0.00000E+00    0.00000E+00    0.00000E+00    0.00000E+00
    1.62576E+05    6.21892E-07    0.00000E+00    0.00000E+00    0.00000E+00    0.00000E+00
    1.70277E+05    4.04602E-07    0.00000E+00    0.00000E+00    0.00000E+00    0.00000E+00
    1.78343E+05    5.49063E-07    0.00000E+00    0.00000E+00    0.00000E+00    0.00000E+00
    1.86791E+05    5.20533E-07    0.00000E+00    0.00000E+00    0.00000E+00    0.00000E+00
    1.95640E+05    5.83133E-07    0.00000E+00    0.00000E+00    0.00000E+00    0.00000E+00
    2.04907E+05    7.99356E-07    0.00000E+00    0.00000E+00    0.00000E+00    0.00000E+00
    2.14614E+05    8.36252E-07    0.00000E+00    0.00000E+00    0.00000E+00    0.00000E+00
    2.24781E+05    9.26527E-07    0.00000E+00    0.00000E+00    0.00000E+00    0.00000E+00
    2.35429E+05    1.08807E-06    0.00000E+00    0.00000E+00    0.00000E+00    0.00000E+00
    2.46581E+05    1.12800E-06    0.00000E+00    0.00000E+00    0.00000E+00    0.00000E+00
    2.58262E+05    1.21419E-06    0.00000E+00    0.00000E+00    0.00000E+00    0.00000E+00
    2.70496E+05    1.41452E-06    0.00000E+00    0.00000E+00    0.00000E+00    0.00000E+00
    2.83310E+05    1.51595E-06    0.00000E+00    0.00000E+00    0.00000E+00    0.00000E+00
    2.96730E+05    1.44907E-06    0.00000E+00    0.00000E+00    0.00000E+00    0.00000E+00
    3.10787E+05    1.32243E-06    0.00000E+00    0.00000E+00    0.00000E+00    0.00000E+00
    3.25509E+05    1.58532E-06    0.00000E+00    0.00000E+00    0.00000E+00    0.00000E+00
    3.40929E+05    1.56991E-06    0.00000E+00    0.00000E+00    0.00000E+00    0.00000E+00
    3.57078E+05    1.60574E-06    0.00000E+00    0.00000E+00    0.00000E+00    0.00000E+00
    3.73994E+05    1.54873E-06    0.00000E+00    0.00000E+00    0.00000E+00    0.00000E+00
    3.91710E+05    1.59812E-06    0.00000E+00    0.00000E+00    0.00000E+00    0.00000E+00
    4.10266E+05    1.60434E-06    0.00000E+00    0.00000E+00    0.00000E+00    0.00000E+00
    4.29700E+05    1.56822E-06    0.00000E+00    0.00000E+00    0.00000E+00    0.00000E+00
    4.50056E+05    1.46682E-06    0.00000E+00    0.00000E+00    0.00000E+00    0.00000E+00
    4.71375E+05    1.51532E-06    0.00000E+00    0.00000E+00    0.00000E+00    0.00000E+00
    4.93705E+05    1.46999E-06    0.00000E+00    0.00000E+00    0.00000E+00    0.00000E+00
    5.17092E+05    1.39467E-06    0.00000E+00    0.00000E+00    0.00000E+00    0.00000E+00
    5.41587E+05    1.33200E-06    0.00000E+00    0.00000E+00    0.00000E+00    0.00000E+00
    5.67243E+05    1.29532E-06    0.00000E+00    0.00000E+00    0.00000E+00    0.00000E+00
    5.94113E+05    1.22274E-06    0.00000E+00    0.00000E+00    0.00000E+00    0.00000E+00
    6.22257E+05    1.15148E-06    0.00000E+00    0.00000E+00    0.00000E+00    0.00000E+00
    6.51734E+05    1.05270E-06    0.00000E+00    0.00000E+00    0.00000E+00    0.00000E+00
    6.82607E+05    1.01068E-06    0.00000E+00    0.00000E+00    0.00000E+00    0.00000E+00
    7.14943E+05    9.46422E-07    0.00000E+00    0.00000E+00    0.00000E+00    0.00000E+00
    7.48810E+05    8.28078E-07    0.00000E+00    0.00000E+00    0.00000E+00    0.00000E+00
    7.84282E+05    7.45786E-07    0.00000E+00    0.00000E+00    0.00000E+00    0.00000E+00
    8.21434E+05    6.80034E-07    0.00000E+00    0.00000E+00    0.00000E+00    0.00000E+00
    8.60346E+05    6.30539E-07    0.00000E+00    0.00000E+00    0.00000E+00    0.00000E+00
    9.01102E+05    5.59969E-07    0.00000E+00    0.00000E+00    0.00000E+00    0.00000E+00
    9.43788E+05    5.08275E-07    0.00000E+00    0.00000E+00    0.00000E+00    0.00000E+00
    9.88496E+05    4.45062E-07    0.00000E+00    0.00000E+00    0.00000E+00    0.00000E+00
    1.03532E+06    3.98057E-07    0.00000E+00    0.00000E+00    0.00000E+00    0.00000E+00
    1.08437E+06    3.40861E-07    0.00000E+00    0.00000E+00    0.00000E+00    0.00000E+00
    1.13573E+06    3.01137E-07    0.00000E+00    0.00000E+00    0.00000E+00    0.00000E+00
    1.18953E+06    2.61264E-07    0.00000E+00    0.00000E+00    0.00000E+00    0.00000E+00
    1.24588E+06    2.29555E-07    0.00000E+00    0.00000E+00    0.00000E+00    0.00000E+00
    1.30490E+06    1.95836E-07    0.00000E+00    0.00000E+00    0.00000E+00    0.00000E+00
    1.36672E+06    1.69118E-07    0.00000E+00    0.00000E+00    0.00000E+00    0.00000E+00
    1.43146E+06    1.43661E-07    0.00000E+00    0.00000E+00    0.00000E+00    0.00000E+00
    1.49927E+06    1.22778E-07    0.00000E+00    0.00000E+00    0.00000E+00    0.00000E+00
    1.57029E+06    1.05452E-07    0.00000E+00    0.00000E+00    0.00000E+00    0.00000E+00
    1.64468E+06    8.91233E-08    0.00000E+00    0.00000E+00    0.00000E+00    0.00000E+00
    1.72259E+06    7.52483E-08    0.00000E+00    0.00000E+00    0.00000E+00    0.00000E+00
    1.80419E+06    6.30442E-08    0.00000E+00    0.00000E+00    0.00000E+00    0.00000E+00
    1.88965E+06    5.30748E-08    0.00000E+00    0.00000E+00    0.00000E+00    0.00000E+00
    1.97917E+06    4.44500E-08    0.00000E+00    0.00000E+00    0.00000E+00    0.00000E+00
    2.07292E+06    3.73984E-08    0.00000E+00    0.00000E+00    0.00000E+00    0.00000E+00
    2.17112E+06    3.12838E-08    0.00000E+00    0.00000E+00    0.00000E+00    0.00000E+00
    2.27397E+06    2.59101E-08    0.00000E+00    0.00000E+00    0.00000E+00    0.00000E+00
    2.38169E+06    2.15743E-08    0.00000E+00    0.00000E+00    0.00000E+00    0.00000E+00
    2.49451E+06    1.78470E-08    0.00000E+00    0.00000E+00    0.00000E+00    0.00000E+00
    2.61268E+06    1.47904E-08    0.00000E+00    0.00000E+00    0.00000E+00    0.00000E+00
    2.73644E+06    1.21610E-08    0.00000E+00    0.00000E+00    0.00000E+00    0.00000E+00
    2.86607E+06    1.00430E-08    0.00000E+00    0.00000E+00    0.00000E+00    0.00000E+00
    3.00184E+06    8.20004E-09    0.00000E+00    0.00000E+00    0.00000E+00    0.00000E+00
    3.14404E+06    6.70455E-09    0.00000E+00    0.00000E+00    0.00000E+00    0.00000E+00
    3.29297E+06    5.51939E-09    0.00000E+00    0.00000E+00    0.00000E+00    0.00000E+00
    3.44896E+06    4.48574E-09    0.00000E+00    0.00000E+00    0.00000E+00    0.00000E+00
    3.61234E+06    3.64363E-09    0.00000E+00    0.00000E+00    0.00000E+00    0.00000E+00
    3.78346E+06    2.98505E-09    0.00000E+00    0.00000E+00    0.00000E+00    0.00000E+00
    3.96269E+06    2.43217E-09    0.00000E+00    0.00000E+00    0.00000E+00    0.00000E+00
    4.15040E+06    1.96156E-09    0.00000E+00    0.00000E+00    0.00000E+00    0.00000E+00
    4.34701E+06    1.59265E-09    0.00000E+00    0.00000E+00    0.00000E+00    0.00000E+00
    4.55293E+06    1.28307E-09    0.00000E+00    0.00000E+00    0.00000E+00    0.00000E+00
    4.76861E+06    1.03891E-09    0.00000E+00    0.00000E+00    0.00000E+00    0.00000E+00
    4.99451E+06    8.35632E-10    0.00000E+00    0.00000E+00    0.00000E+00    0.00000E+00
    5.23110E+06    6.76643E-10    0.00000E+00    0.00000E+00    0.00000E+00    0.00000E+00
    5.47890E+06    5.44430E-10    0.00000E+00    0.00000E+00    0.00000E+00    0.00000E+00
    5.73844E+06    4.38579E-10    0.00000E+00    0.00000E+00    0.00000E+00    0.00000E+00
    6.01028E+06    3.52821E-10    0.00000E+00    0.00000E+00    0.00000E+00    0.00000E+00
    6.29499E+06    2.83058E-10    0.00000E+00    0.00000E+00    0.00000E+00    0.00000E+00
    6.59319E+06    2.26611E-10    0.00000E+00    0.00000E+00    0.00000E+00    0.00000E+00
    6.90551E+06    1.83720E-10    0.00000E+00    0.00000E+00    0.00000E+00    0.00000E+00
    7.23264E+06    1.45936E-10    0.00000E+00    0.00000E+00    0.00000E+00    0.00000E+00
    7.57525E+06    1.17276E-10    0.00000E+00    0.00000E+00    0.00000E+00    0.00000E+00
    7.93410E+06    9.36683E-11    0.00000E+00    0.00000E+00    0.00000E+00    0.00000E+00
    8.30994E+06    7.50607E-11    0.00000E+00    0.00000E+00    0.00000E+00    0.00000E+00
    8.70359E+06    6.00536E-11    0.00000E+00    0.00000E+00    0.00000E+00    0.00000E+00
    9.11589E+06    4.78859E-11    0.00000E+00    0.00000E+00    0.00000E+00    0.00000E+00
    9.54771E+06    3.84516E-11    0.00000E+00    0.00000E+00    0.00000E+00    0.00000E+00
    1.00000E+07    3.05846E-11    0.00000E+00    0.00000E+00    0.00000E+00    0.00000E+00
