 # Columns are: Lambda (Angstroms) and Flux (Flux * lambda) (ergs/s/cm^2)
    1.00000E+03    0.00000E+00    0.00000E+00    0.00000E+00    0.00000E+00    0.00000E+00
    1.04737E+03    0.00000E+00    0.00000E+00    0.00000E+00    0.00000E+00    0.00000E+00
    1.09699E+03    0.00000E+00    0.00000E+00    0.00000E+00    0.00000E+00    0.00000E+00
    1.14895E+03    0.00000E+00    0.00000E+00    0.00000E+00    0.00000E+00    0.00000E+00
    1.20338E+03    0.00000E+00    0.00000E+00    0.00000E+00    0.00000E+00    0.00000E+00
    1.26038E+03    0.00000E+00    0.00000E+00    0.00000E+00    0.00000E+00    0.00000E+00
    1.32009E+03    0.00000E+00    0.00000E+00    0.00000E+00    0.00000E+00    0.00000E+00
    1.38262E+03    0.00000E+00    0.00000E+00    0.00000E+00    0.00000E+00    0.00000E+00
    1.44812E+03    0.00000E+00    0.00000E+00    0.00000E+00    0.00000E+00    0.00000E+00
    1.51672E+03    0.00000E+00    0.00000E+00    0.00000E+00    0.00000E+00    0.00000E+00
    1.58857E+03    0.00000E+00    0.00000E+00    0.00000E+00    0.00000E+00    0.00000E+00
    1.66382E+03    0.00000E+00    0.00000E+00    0.00000E+00    0.00000E+00    0.00000E+00
    1.74263E+03    0.00000E+00    0.00000E+00    0.00000E+00    0.00000E+00    0.00000E+00
    1.82518E+03    0.00000E+00    0.00000E+00    0.00000E+00    0.00000E+00    0.00000E+00
    1.91164E+03    0.00000E+00    0.00000E+00    0.00000E+00    0.00000E+00    0.00000E+00
    2.00220E+03    0.00000E+00    0.00000E+00    0.00000E+00    0.00000E+00    0.00000E+00
    2.09705E+03    0.00000E+00    0.00000E+00    0.00000E+00    0.00000E+00    0.00000E+00
    2.19639E+03    0.00000E+00    0.00000E+00    0.00000E+00    0.00000E+00    0.00000E+00
    2.30043E+03    0.00000E+00    0.00000E+00    0.00000E+00    0.00000E+00    0.00000E+00
    2.40940E+03    0.00000E+00    0.00000E+00    0.00000E+00    0.00000E+00    0.00000E+00
    2.52354E+03    0.00000E+00    0.00000E+00    0.00000E+00    0.00000E+00    0.00000E+00
    2.64308E+03    0.00000E+00    0.00000E+00    0.00000E+00    0.00000E+00    0.00000E+00
    2.76829E+03    0.00000E+00    0.00000E+00    0.00000E+00    0.00000E+00    0.00000E+00
    2.89942E+03    0.00000E+00    0.00000E+00    0.00000E+00    0.00000E+00    0.00000E+00
    3.03677E+03    0.00000E+00    0.00000E+00    0.00000E+00    0.00000E+00    0.00000E+00
    3.18063E+03    0.00000E+00    0.00000E+00    0.00000E+00    0.00000E+00    0.00000E+00
    3.33129E+03    0.00000E+00    0.00000E+00    0.00000E+00    0.00000E+00    0.00000E+00
    3.48910E+03    0.00000E+00    0.00000E+00    0.00000E+00    0.00000E+00    0.00000E+00
    3.65438E+03    0.00000E+00    0.00000E+00    0.00000E+00    0.00000E+00    0.00000E+00
    3.82749E+03    0.00000E+00    0.00000E+00    0.00000E+00    0.00000E+00    0.00000E+00
    4.00881E+03    0.00000E+00    0.00000E+00    0.00000E+00    0.00000E+00    0.00000E+00
    4.19871E+03    0.00000E+00    0.00000E+00    0.00000E+00    0.00000E+00    0.00000E+00
    4.39760E+03    0.00000E+00    0.00000E+00    0.00000E+00    0.00000E+00    0.00000E+00
    4.60592E+03    0.00000E+00    0.00000E+00    0.00000E+00    0.00000E+00    0.00000E+00
    4.82411E+03    0.00000E+00    0.00000E+00    0.00000E+00    0.00000E+00    0.00000E+00
    5.05263E+03    0.00000E+00    0.00000E+00    0.00000E+00    0.00000E+00    0.00000E+00
    5.29198E+03    0.00000E+00    0.00000E+00    0.00000E+00    0.00000E+00    0.00000E+00
    5.54266E+03    0.00000E+00    0.00000E+00    0.00000E+00    0.00000E+00    0.00000E+00
    5.80523E+03    0.00000E+00    0.00000E+00    0.00000E+00    0.00000E+00    0.00000E+00
    6.08022E+03    0.00000E+00    0.00000E+00    0.00000E+00    0.00000E+00    0.00000E+00
    6.36825E+03    0.00000E+00    0.00000E+00    0.00000E+00    0.00000E+00    0.00000E+00
    6.66992E+03    0.00000E+00    0.00000E+00    0.00000E+00    0.00000E+00    0.00000E+00
    6.98588E+03    0.00000E+00    0.00000E+00    0.00000E+00    0.00000E+00    0.00000E+00
    7.31681E+03    0.00000E+00    0.00000E+00    0.00000E+00    0.00000E+00    0.00000E+00
    7.66341E+03    0.00000E+00    0.00000E+00    0.00000E+00    0.00000E+00    0.00000E+00
    8.02643E+03    0.00000E+00    0.00000E+00    0.00000E+00    0.00000E+00    0.00000E+00
    8.40665E+03    0.00000E+00    0.00000E+00    0.00000E+00    0.00000E+00    0.00000E+00
    8.80488E+03    0.00000E+00    0.00000E+00    0.00000E+00    0.00000E+00    0.00000E+00
    9.22198E+03    0.00000E+00    0.00000E+00    0.00000E+00    0.00000E+00    0.00000E+00
    9.65883E+03    0.00000E+00    0.00000E+00    0.00000E+00    0.00000E+00    0.00000E+00
    1.01164E+04    0.00000E+00    0.00000E+00    0.00000E+00    0.00000E+00    0.00000E+00
    1.05956E+04    0.00000E+00    0.00000E+00    0.00000E+00    0.00000E+00    0.00000E+00
    1.10975E+04    0.00000E+00    0.00000E+00    0.00000E+00    0.00000E+00    0.00000E+00
    1.16232E+04    0.00000E+00    0.00000E+00    0.00000E+00    0.00000E+00    0.00000E+00
    1.21738E+04    0.00000E+00    0.00000E+00    0.00000E+00    0.00000E+00    0.00000E+00
    1.27505E+04    0.00000E+00    0.00000E+00    0.00000E+00    0.00000E+00    0.00000E+00
    1.33545E+04    0.00000E+00    0.00000E+00    0.00000E+00    0.00000E+00    0.00000E+00
    1.39871E+04    0.00000E+00    0.00000E+00    0.00000E+00    0.00000E+00    0.00000E+00
    1.46497E+04    0.00000E+00    0.00000E+00    0.00000E+00    0.00000E+00    0.00000E+00
    1.53437E+04    0.00000E+00    0.00000E+00    0.00000E+00    0.00000E+00    0.00000E+00
    1.60705E+04    0.00000E+00    0.00000E+00    0.00000E+00    0.00000E+00    0.00000E+00
    1.68318E+04    0.00000E+00    0.00000E+00    0.00000E+00    0.00000E+00    0.00000E+00
    1.76291E+04    0.00000E+00    0.00000E+00    0.00000E+00    0.00000E+00    0.00000E+00
    1.84642E+04    0.00000E+00    0.00000E+00    0.00000E+00    0.00000E+00    0.00000E+00
    1.93389E+04    0.00000E+00    0.00000E+00    0.00000E+00    0.00000E+00    0.00000E+00
    2.02550E+04    2.08936E-46    0.00000E+00    0.00000E+00    0.00000E+00    0.00000E+00
    2.12145E+04    2.56824E-39    0.00000E+00    0.00000E+00    0.00000E+00    0.00000E+00
    2.22195E+04    3.38097E-37    0.00000E+00    0.00000E+00    0.00000E+00    0.00000E+00
    2.32720E+04    1.82406E-38    0.00000E+00    0.00000E+00    0.00000E+00    0.00000E+00
    2.43744E+04    1.74168E-32    0.00000E+00    0.00000E+00    0.00000E+00    0.00000E+00
    2.55291E+04    3.99181E-30    0.00000E+00    0.00000E+00    0.00000E+00    0.00000E+00
    2.67384E+04    1.29131E-29    0.00000E+00    0.00000E+00    0.00000E+00    0.00000E+00
    2.80050E+04    3.31801E-25    0.00000E+00    0.00000E+00    0.00000E+00    0.00000E+00
    2.93317E+04    7.58059E-26    0.00000E+00    0.00000E+00    0.00000E+00    0.00000E+00
    3.07211E+04    6.74121E-23    0.00000E+00    0.00000E+00    0.00000E+00    0.00000E+00
    3.21764E+04    5.55939E-21    0.00000E+00    0.00000E+00    0.00000E+00    0.00000E+00
    3.37006E+04    3.49059E-18    0.00000E+00    0.00000E+00    0.00000E+00    0.00000E+00
    3.52971E+04    1.68578E-18    0.00000E+00    0.00000E+00    0.00000E+00    0.00000E+00
    3.69691E+04    3.76801E-19    0.00000E+00    0.00000E+00    0.00000E+00    0.00000E+00
    3.87204E+04    1.08717E-18    0.00000E+00    0.00000E+00    0.00000E+00    0.00000E+00
    4.05546E+04    2.47565E-17    0.00000E+00    0.00000E+00    0.00000E+00    0.00000E+00
    4.24757E+04    4.05220E-16    0.00000E+00    0.00000E+00    0.00000E+00    0.00000E+00
    4.44878E+04    7.36864E-16    0.00000E+00    0.00000E+00    0.00000E+00    0.00000E+00
    4.65953E+04    3.71396E-16    0.00000E+00    0.00000E+00    0.00000E+00    0.00000E+00
    4.88025E+04    7.15547E-15    0.00000E+00    0.00000E+00    0.00000E+00    0.00000E+00
    5.11143E+04    2.62649E-15    0.00000E+00    0.00000E+00    0.00000E+00    0.00000E+00
    5.35357E+04    1.10524E-14    0.00000E+00    0.00000E+00    0.00000E+00    0.00000E+00
    5.60717E+04    2.01544E-14    0.00000E+00    0.00000E+00    0.00000E+00    0.00000E+00
    5.87279E+04    5.17178E-14    0.00000E+00    0.00000E+00    0.00000E+00    0.00000E+00
    6.15099E+04    5.36733E-14    0.00000E+00    0.00000E+00    0.00000E+00    0.00000E+00
    6.44236E+04    5.39412E-14    0.00000E+00    0.00000E+00    0.00000E+00    0.00000E+00
    6.74754E+04    1.21646E-13    0.00000E+00    0.00000E+00    0.00000E+00    0.00000E+00
    7.06718E+04    8.54594E-14    0.00000E+00    0.00000E+00    0.00000E+00    0.00000E+00
    7.40196E+04    3.86600E-14    0.00000E+00    0.00000E+00    0.00000E+00    0.00000E+00
    7.75260E+04    9.45473E-17    0.00000E+00    0.00000E+00    0.00000E+00    0.00000E+00
    8.11984E+04    4.04334E-25    0.00000E+00    0.00000E+00    0.00000E+00    0.00000E+00
    8.50449E+04    1.58783E-33    0.00000E+00    0.00000E+00    0.00000E+00    0.00000E+00
    8.90735E+04    1.87602E-41    0.00000E+00    0.00000E+00    0.00000E+00    0.00000E+00
    9.32930E+04    0.00000E+00    0.00000E+00    0.00000E+00    0.00000E+00    0.00000E+00
    9.77124E+04    0.00000E+00    0.00000E+00    0.00000E+00    0.00000E+00    0.00000E+00
    1.02341E+05    3.32682E-44    0.00000E+00    0.00000E+00    0.00000E+00    0.00000E+00
    1.07189E+05    2.78990E-37    0.00000E+00    0.00000E+00    0.00000E+00    0.00000E+00
    1.12267E+05    7.63631E-33    0.00000E+00    0.00000E+00    0.00000E+00    0.00000E+00
    1.17585E+05    6.78504E-28    0.00000E+00    0.00000E+00    0.00000E+00    0.00000E+00
    1.23155E+05    7.70795E-23    0.00000E+00    0.00000E+00    0.00000E+00    0.00000E+00
    1.28989E+05    1.15110E-20    0.00000E+00    0.00000E+00    0.00000E+00    0.00000E+00
    1.35099E+05    3.35379E-18    0.00000E+00    0.00000E+00    0.00000E+00    0.00000E+00
    1.41499E+05    4.64536E-16    0.00000E+00    0.00000E+00    0.00000E+00    0.00000E+00
    1.48202E+05    4.67061E-17    0.00000E+00    0.00000E+00    0.00000E+00    0.00000E+00
    1.55222E+05    1.95073E-18    0.00000E+00    0.00000E+00    0.00000E+00    0.00000E+00
    1.62576E+05    2.34012E-18    0.00000E+00    0.00000E+00    0.00000E+00    0.00000E+00
    1.70277E+05    2.02524E-20    0.00000E+00    0.00000E+00    0.00000E+00    0.00000E+00
    1.78343E+05    4.28406E-19    0.00000E+00    0.00000E+00    0.00000E+00    0.00000E+00
    1.86791E+05    9.89529E-20    0.00000E+00    0.00000E+00    0.00000E+00    0.00000E+00
    1.95640E+05    4.57836E-18    0.00000E+00    0.00000E+00    0.00000E+00    0.00000E+00
    2.04907E+05    8.60768E-17    0.00000E+00    0.00000E+00    0.00000E+00    0.00000E+00
    2.14614E+05    7.39298E-16    0.00000E+00    0.00000E+00    0.00000E+00    0.00000E+00
    2.24781E+05    2.67018E-15    0.00000E+00    0.00000E+00    0.00000E+00    0.00000E+00
    2.35429E+05    7.69671E-14    0.00000E+00    0.00000E+00    0.00000E+00    0.00000E+00
    2.46581E+05    6.17615E-14    0.00000E+00    0.00000E+00    0.00000E+00    0.00000E+00
    2.58262E+05    1.16033E-13    0.00000E+00    0.00000E+00    0.00000E+00    0.00000E+00
    2.70496E+05    1.12518E-12    0.00000E+00    0.00000E+00    0.00000E+00    0.00000E+00
    2.83310E+05    8.92795E-12    0.00000E+00    0.00000E+00    0.00000E+00    0.00000E+00
    2.96730E+05    9.58177E-12    0.00000E+00    0.00000E+00    0.00000E+00    0.00000E+00
    3.10787E+05    2.82940E-11    0.00000E+00    0.00000E+00    0.00000E+00    0.00000E+00
    3.25509E+05    6.56823E-11    0.00000E+00    0.00000E+00    0.00000E+00    0.00000E+00
    3.40929E+05    1.00003E-10    0.00000E+00    0.00000E+00    0.00000E+00    0.00000E+00
    3.57078E+05    2.33192E-10    0.00000E+00    0.00000E+00    0.00000E+00    0.00000E+00
    3.73994E+05    4.75125E-10    0.00000E+00    0.00000E+00    0.00000E+00    0.00000E+00
    3.91710E+05    7.91636E-10    0.00000E+00    0.00000E+00    0.00000E+00    0.00000E+00
    4.10266E+05    1.19863E-09    0.00000E+00    0.00000E+00    0.00000E+00    0.00000E+00
    4.29700E+05    1.71992E-09    0.00000E+00    0.00000E+00    0.00000E+00    0.00000E+00
    4.50056E+05    2.50783E-09    0.00000E+00    0.00000E+00    0.00000E+00    0.00000E+00
    4.71375E+05    3.28824E-09    0.00000E+00    0.00000E+00    0.00000E+00    0.00000E+00
    4.93705E+05    4.25069E-09    0.00000E+00    0.00000E+00    0.00000E+00    0.00000E+00
    5.17092E+05    5.45786E-09    0.00000E+00    0.00000E+00    0.00000E+00    0.00000E+00
    5.41587E+05    7.38023E-09    0.00000E+00    0.00000E+00    0.00000E+00    0.00000E+00
    5.67243E+05    9.03518E-09    0.00000E+00    0.00000E+00    0.00000E+00    0.00000E+00
    5.94113E+05    1.06157E-08    0.00000E+00    0.00000E+00    0.00000E+00    0.00000E+00
    6.22257E+05    1.20494E-08    0.00000E+00    0.00000E+00    0.00000E+00    0.00000E+00
    6.51734E+05    1.37776E-08    0.00000E+00    0.00000E+00    0.00000E+00    0.00000E+00
    6.82607E+05    1.54344E-08    0.00000E+00    0.00000E+00    0.00000E+00    0.00000E+00
    7.14943E+05    1.65455E-08    0.00000E+00    0.00000E+00    0.00000E+00    0.00000E+00
    7.48810E+05    1.74105E-08    0.00000E+00    0.00000E+00    0.00000E+00    0.00000E+00
    7.84282E+05    1.85074E-08    0.00000E+00    0.00000E+00    0.00000E+00    0.00000E+00
    8.21434E+05    1.92300E-08    0.00000E+00    0.00000E+00    0.00000E+00    0.00000E+00
    8.60346E+05    1.92175E-08    0.00000E+00    0.00000E+00    0.00000E+00    0.00000E+00
    9.01102E+05    2.00011E-08    0.00000E+00    0.00000E+00    0.00000E+00    0.00000E+00
    9.43788E+05    1.98129E-08    0.00000E+00    0.00000E+00    0.00000E+00    0.00000E+00
    9.88496E+05    1.98003E-08    0.00000E+00    0.00000E+00    0.00000E+00    0.00000E+00
    1.03532E+06    1.85966E-08    0.00000E+00    0.00000E+00    0.00000E+00    0.00000E+00
    1.08437E+06    1.83159E-08    0.00000E+00    0.00000E+00    0.00000E+00    0.00000E+00
    1.13573E+06    1.74263E-08    0.00000E+00    0.00000E+00    0.00000E+00    0.00000E+00
    1.18953E+06    1.66846E-08    0.00000E+00    0.00000E+00    0.00000E+00    0.00000E+00
    1.24588E+06    1.56207E-08    0.00000E+00    0.00000E+00    0.00000E+00    0.00000E+00
    1.30490E+06    1.45483E-08    0.00000E+00    0.00000E+00    0.00000E+00    0.00000E+00
    1.36672E+06    1.34945E-08    0.00000E+00    0.00000E+00    0.00000E+00    0.00000E+00
    1.43146E+06    1.24207E-08    0.00000E+00    0.00000E+00    0.00000E+00    0.00000E+00
    1.49927E+06    1.13150E-08    0.00000E+00    0.00000E+00    0.00000E+00    0.00000E+00
    1.57029E+06    1.01958E-08    0.00000E+00    0.00000E+00    0.00000E+00    0.00000E+00
    1.64468E+06    9.22369E-09    0.00000E+00    0.00000E+00    0.00000E+00    0.00000E+00
    1.72259E+06    8.27172E-09    0.00000E+00    0.00000E+00    0.00000E+00    0.00000E+00
    1.80419E+06    7.35158E-09    0.00000E+00    0.00000E+00    0.00000E+00    0.00000E+00
    1.88965E+06    6.53722E-09    0.00000E+00    0.00000E+00    0.00000E+00    0.00000E+00
    1.97917E+06    5.73101E-09    0.00000E+00    0.00000E+00    0.00000E+00    0.00000E+00
    2.07292E+06    5.02057E-09    0.00000E+00    0.00000E+00    0.00000E+00    0.00000E+00
    2.17112E+06    4.36189E-09    0.00000E+00    0.00000E+00    0.00000E+00    0.00000E+00
    2.27397E+06    3.75190E-09    0.00000E+00    0.00000E+00    0.00000E+00    0.00000E+00
    2.38169E+06    3.25946E-09    0.00000E+00    0.00000E+00    0.00000E+00    0.00000E+00
    2.49451E+06    2.81223E-09    0.00000E+00    0.00000E+00    0.00000E+00    0.00000E+00
    2.61268E+06    2.39318E-09    0.00000E+00    0.00000E+00    0.00000E+00    0.00000E+00
    2.73644E+06    2.04111E-09    0.00000E+00    0.00000E+00    0.00000E+00    0.00000E+00
    2.86607E+06    1.74286E-09    0.00000E+00    0.00000E+00    0.00000E+00    0.00000E+00
    3.00184E+06    1.46503E-09    0.00000E+00    0.00000E+00    0.00000E+00    0.00000E+00
    3.14404E+06    1.24003E-09    0.00000E+00    0.00000E+00    0.00000E+00    0.00000E+00
    3.29297E+06    1.04607E-09    0.00000E+00    0.00000E+00    0.00000E+00    0.00000E+00
    3.44896E+06    8.69846E-10    0.00000E+00    0.00000E+00    0.00000E+00    0.00000E+00
    3.61234E+06    7.28404E-10    0.00000E+00    0.00000E+00    0.00000E+00    0.00000E+00
    3.78346E+06    6.05588E-10    0.00000E+00    0.00000E+00    0.00000E+00    0.00000E+00
    3.96269E+06    5.05318E-10    0.00000E+00    0.00000E+00    0.00000E+00    0.00000E+00
    4.15040E+06    4.18721E-10    0.00000E+00    0.00000E+00    0.00000E+00    0.00000E+00
    4.34701E+06    3.45555E-10    0.00000E+00    0.00000E+00    0.00000E+00    0.00000E+00
    4.55293E+06    2.85688E-10    0.00000E+00    0.00000E+00    0.00000E+00    0.00000E+00
    4.76861E+06    2.35333E-10    0.00000E+00    0.00000E+00    0.00000E+00    0.00000E+00
    4.99451E+06    1.92535E-10    0.00000E+00    0.00000E+00    0.00000E+00    0.00000E+00
    5.23110E+06    1.57790E-10    0.00000E+00    0.00000E+00    0.00000E+00    0.00000E+00
    5.47890E+06    1.29982E-10    0.00000E+00    0.00000E+00    0.00000E+00    0.00000E+00
    5.73844E+06    1.05856E-10    0.00000E+00    0.00000E+00    0.00000E+00    0.00000E+00
    6.01028E+06    8.64360E-11    0.00000E+00    0.00000E+00    0.00000E+00    0.00000E+00
    6.29499E+06    7.04328E-11    0.00000E+00    0.00000E+00    0.00000E+00    0.00000E+00
    6.59319E+06    5.75049E-11    0.00000E+00    0.00000E+00    0.00000E+00    0.00000E+00
    6.90551E+06    4.65289E-11    0.00000E+00    0.00000E+00    0.00000E+00    0.00000E+00
    7.23264E+06    3.79286E-11    0.00000E+00    0.00000E+00    0.00000E+00    0.00000E+00
    7.57525E+06    3.06499E-11    0.00000E+00    0.00000E+00    0.00000E+00    0.00000E+00
    7.93410E+06    2.49065E-11    0.00000E+00    0.00000E+00    0.00000E+00    0.00000E+00
    8.30994E+06    2.00797E-11    0.00000E+00    0.00000E+00    0.00000E+00    0.00000E+00
    8.70359E+06    1.63381E-11    0.00000E+00    0.00000E+00    0.00000E+00    0.00000E+00
    9.11589E+06    1.31210E-11    0.00000E+00    0.00000E+00    0.00000E+00    0.00000E+00
    9.54771E+06    1.06253E-11    0.00000E+00    0.00000E+00    0.00000E+00    0.00000E+00
    1.00000E+07    8.57345E-12    0.00000E+00    0.00000E+00    0.00000E+00    0.00000E+00
