 # Columns are: Lambda (Angstroms) and Flux (Flux * lambda) (ergs/s/cm^2)
    1.00000E+03    0.00000E+00    0.00000E+00    0.00000E+00    0.00000E+00    0.00000E+00
    1.04737E+03    0.00000E+00    0.00000E+00    0.00000E+00    0.00000E+00    0.00000E+00
    1.09699E+03    0.00000E+00    0.00000E+00    0.00000E+00    0.00000E+00    0.00000E+00
    1.14895E+03    0.00000E+00    0.00000E+00    0.00000E+00    0.00000E+00    0.00000E+00
    1.20338E+03    0.00000E+00    0.00000E+00    0.00000E+00    0.00000E+00    0.00000E+00
    1.26038E+03    0.00000E+00    0.00000E+00    0.00000E+00    0.00000E+00    0.00000E+00
    1.32009E+03    0.00000E+00    0.00000E+00    0.00000E+00    0.00000E+00    0.00000E+00
    1.38262E+03    0.00000E+00    0.00000E+00    0.00000E+00    0.00000E+00    0.00000E+00
    1.44812E+03    0.00000E+00    0.00000E+00    0.00000E+00    0.00000E+00    0.00000E+00
    1.51672E+03    0.00000E+00    0.00000E+00    0.00000E+00    0.00000E+00    0.00000E+00
    1.58857E+03    0.00000E+00    0.00000E+00    0.00000E+00    0.00000E+00    0.00000E+00
    1.66382E+03    0.00000E+00    0.00000E+00    0.00000E+00    0.00000E+00    0.00000E+00
    1.74263E+03    0.00000E+00    0.00000E+00    0.00000E+00    0.00000E+00    0.00000E+00
    1.82518E+03    0.00000E+00    0.00000E+00    0.00000E+00    0.00000E+00    0.00000E+00
    1.91164E+03    0.00000E+00    0.00000E+00    0.00000E+00    0.00000E+00    0.00000E+00
    2.00220E+03    0.00000E+00    0.00000E+00    0.00000E+00    0.00000E+00    0.00000E+00
    2.09705E+03    0.00000E+00    0.00000E+00    0.00000E+00    0.00000E+00    0.00000E+00
    2.19639E+03    0.00000E+00    0.00000E+00    0.00000E+00    0.00000E+00    0.00000E+00
    2.30043E+03    0.00000E+00    0.00000E+00    0.00000E+00    0.00000E+00    0.00000E+00
    2.40940E+03    0.00000E+00    0.00000E+00    0.00000E+00    0.00000E+00    0.00000E+00
    2.52354E+03    0.00000E+00    0.00000E+00    0.00000E+00    0.00000E+00    0.00000E+00
    2.64308E+03    0.00000E+00    0.00000E+00    0.00000E+00    0.00000E+00    0.00000E+00
    2.76829E+03    0.00000E+00    0.00000E+00    0.00000E+00    0.00000E+00    0.00000E+00
    2.89942E+03    0.00000E+00    0.00000E+00    0.00000E+00    0.00000E+00    0.00000E+00
    3.03677E+03    0.00000E+00    0.00000E+00    0.00000E+00    0.00000E+00    0.00000E+00
    3.18063E+03    0.00000E+00    0.00000E+00    0.00000E+00    0.00000E+00    0.00000E+00
    3.33129E+03    0.00000E+00    0.00000E+00    0.00000E+00    0.00000E+00    0.00000E+00
    3.48910E+03    0.00000E+00    0.00000E+00    0.00000E+00    0.00000E+00    0.00000E+00
    3.65438E+03    0.00000E+00    0.00000E+00    0.00000E+00    0.00000E+00    0.00000E+00
    3.82749E+03    0.00000E+00    0.00000E+00    0.00000E+00    0.00000E+00    0.00000E+00
    4.00881E+03    0.00000E+00    0.00000E+00    0.00000E+00    0.00000E+00    0.00000E+00
    4.19871E+03    0.00000E+00    0.00000E+00    0.00000E+00    0.00000E+00    0.00000E+00
    4.39760E+03    0.00000E+00    0.00000E+00    0.00000E+00    0.00000E+00    0.00000E+00
    4.60592E+03    0.00000E+00    0.00000E+00    0.00000E+00    0.00000E+00    0.00000E+00
    4.82411E+03    0.00000E+00    0.00000E+00    0.00000E+00    0.00000E+00    0.00000E+00
    5.05263E+03    0.00000E+00    0.00000E+00    0.00000E+00    0.00000E+00    0.00000E+00
    5.29198E+03    0.00000E+00    0.00000E+00    0.00000E+00    0.00000E+00    0.00000E+00
    5.54266E+03    0.00000E+00    0.00000E+00    0.00000E+00    0.00000E+00    0.00000E+00
    5.80523E+03    0.00000E+00    0.00000E+00    0.00000E+00    0.00000E+00    0.00000E+00
    6.08022E+03    0.00000E+00    0.00000E+00    0.00000E+00    0.00000E+00    0.00000E+00
    6.36825E+03    0.00000E+00    0.00000E+00    0.00000E+00    0.00000E+00    0.00000E+00
    6.66992E+03    0.00000E+00    0.00000E+00    0.00000E+00    0.00000E+00    0.00000E+00
    6.98588E+03    0.00000E+00    0.00000E+00    0.00000E+00    0.00000E+00    0.00000E+00
    7.31681E+03    0.00000E+00    0.00000E+00    0.00000E+00    0.00000E+00    0.00000E+00
    7.66341E+03    0.00000E+00    0.00000E+00    0.00000E+00    0.00000E+00    0.00000E+00
    8.02643E+03    0.00000E+00    0.00000E+00    0.00000E+00    0.00000E+00    0.00000E+00
    8.40665E+03    0.00000E+00    0.00000E+00    0.00000E+00    0.00000E+00    0.00000E+00
    8.80488E+03    0.00000E+00    0.00000E+00    0.00000E+00    0.00000E+00    0.00000E+00
    9.22198E+03    0.00000E+00    0.00000E+00    0.00000E+00    0.00000E+00    0.00000E+00
    9.65883E+03    0.00000E+00    0.00000E+00    0.00000E+00    0.00000E+00    0.00000E+00
    1.01164E+04    0.00000E+00    0.00000E+00    0.00000E+00    0.00000E+00    0.00000E+00
    1.05956E+04    0.00000E+00    0.00000E+00    0.00000E+00    0.00000E+00    0.00000E+00
    1.10975E+04    0.00000E+00    0.00000E+00    0.00000E+00    0.00000E+00    0.00000E+00
    1.16232E+04    0.00000E+00    0.00000E+00    0.00000E+00    0.00000E+00    0.00000E+00
    1.21738E+04    0.00000E+00    0.00000E+00    0.00000E+00    0.00000E+00    0.00000E+00
    1.27505E+04    0.00000E+00    0.00000E+00    0.00000E+00    0.00000E+00    0.00000E+00
    1.33545E+04    0.00000E+00    0.00000E+00    0.00000E+00    0.00000E+00    0.00000E+00
    1.39871E+04    0.00000E+00    0.00000E+00    0.00000E+00    0.00000E+00    0.00000E+00
    1.46497E+04    0.00000E+00    0.00000E+00    0.00000E+00    0.00000E+00    0.00000E+00
    1.53437E+04    0.00000E+00    0.00000E+00    0.00000E+00    0.00000E+00    0.00000E+00
    1.60705E+04    0.00000E+00    0.00000E+00    0.00000E+00    0.00000E+00    0.00000E+00
    1.68318E+04    0.00000E+00    0.00000E+00    0.00000E+00    0.00000E+00    0.00000E+00
    1.76291E+04    0.00000E+00    0.00000E+00    0.00000E+00    0.00000E+00    0.00000E+00
    1.84642E+04    0.00000E+00    0.00000E+00    0.00000E+00    0.00000E+00    0.00000E+00
    1.93389E+04    1.34033E-47    0.00000E+00    0.00000E+00    0.00000E+00    0.00000E+00
    2.02550E+04    1.72801E-45    0.00000E+00    0.00000E+00    0.00000E+00    0.00000E+00
    2.12145E+04    4.16538E-43    0.00000E+00    0.00000E+00    0.00000E+00    0.00000E+00
    2.22195E+04    4.11049E-37    0.00000E+00    0.00000E+00    0.00000E+00    0.00000E+00
    2.32720E+04    1.44730E-34    0.00000E+00    0.00000E+00    0.00000E+00    0.00000E+00
    2.43744E+04    1.75533E-30    0.00000E+00    0.00000E+00    0.00000E+00    0.00000E+00
    2.55291E+04    4.10022E-25    0.00000E+00    0.00000E+00    0.00000E+00    0.00000E+00
    2.67384E+04    8.08970E-25    0.00000E+00    0.00000E+00    0.00000E+00    0.00000E+00
    2.80050E+04    1.18969E-24    0.00000E+00    0.00000E+00    0.00000E+00    0.00000E+00
    2.93317E+04    4.86004E-22    0.00000E+00    0.00000E+00    0.00000E+00    0.00000E+00
    3.07211E+04    2.20135E-22    0.00000E+00    0.00000E+00    0.00000E+00    0.00000E+00
    3.21764E+04    6.23897E-20    0.00000E+00    0.00000E+00    0.00000E+00    0.00000E+00
    3.37006E+04    1.86676E-18    0.00000E+00    0.00000E+00    0.00000E+00    0.00000E+00
    3.52971E+04    2.35101E-17    0.00000E+00    0.00000E+00    0.00000E+00    0.00000E+00
    3.69691E+04    8.18673E-18    0.00000E+00    0.00000E+00    0.00000E+00    0.00000E+00
    3.87204E+04    5.05231E-16    0.00000E+00    0.00000E+00    0.00000E+00    0.00000E+00
    4.05546E+04    1.21750E-15    0.00000E+00    0.00000E+00    0.00000E+00    0.00000E+00
    4.24757E+04    1.27842E-15    0.00000E+00    0.00000E+00    0.00000E+00    0.00000E+00
    4.44878E+04    1.42039E-14    0.00000E+00    0.00000E+00    0.00000E+00    0.00000E+00
    4.65953E+04    1.13556E-14    0.00000E+00    0.00000E+00    0.00000E+00    0.00000E+00
    4.88025E+04    2.36893E-14    0.00000E+00    0.00000E+00    0.00000E+00    0.00000E+00
    5.11143E+04    7.20805E-14    0.00000E+00    0.00000E+00    0.00000E+00    0.00000E+00
    5.35357E+04    1.03263E-13    0.00000E+00    0.00000E+00    0.00000E+00    0.00000E+00
    5.60717E+04    1.20970E-13    0.00000E+00    0.00000E+00    0.00000E+00    0.00000E+00
    5.87279E+04    1.78648E-13    0.00000E+00    0.00000E+00    0.00000E+00    0.00000E+00
    6.15099E+04    5.46797E-13    0.00000E+00    0.00000E+00    0.00000E+00    0.00000E+00
    6.44236E+04    7.85879E-13    0.00000E+00    0.00000E+00    0.00000E+00    0.00000E+00
    6.74754E+04    4.85710E-13    0.00000E+00    0.00000E+00    0.00000E+00    0.00000E+00
    7.06718E+04    7.97422E-13    0.00000E+00    0.00000E+00    0.00000E+00    0.00000E+00
    7.40196E+04    1.54575E-13    0.00000E+00    0.00000E+00    0.00000E+00    0.00000E+00
    7.75260E+04    4.52276E-17    0.00000E+00    0.00000E+00    0.00000E+00    0.00000E+00
    8.11984E+04    1.02106E-22    0.00000E+00    0.00000E+00    0.00000E+00    0.00000E+00
    8.50449E+04    1.20286E-31    0.00000E+00    0.00000E+00    0.00000E+00    0.00000E+00
    8.90735E+04    5.13233E-38    0.00000E+00    0.00000E+00    0.00000E+00    0.00000E+00
    9.32930E+04    0.00000E+00    0.00000E+00    0.00000E+00    0.00000E+00    0.00000E+00
    9.77124E+04    0.00000E+00    0.00000E+00    0.00000E+00    0.00000E+00    0.00000E+00
    1.02341E+05    2.65451E-41    0.00000E+00    0.00000E+00    0.00000E+00    0.00000E+00
    1.07189E+05    8.66790E-40    0.00000E+00    0.00000E+00    0.00000E+00    0.00000E+00
    1.12267E+05    6.35770E-28    0.00000E+00    0.00000E+00    0.00000E+00    0.00000E+00
    1.17585E+05    3.25703E-28    0.00000E+00    0.00000E+00    0.00000E+00    0.00000E+00
    1.23155E+05    1.07496E-22    0.00000E+00    0.00000E+00    0.00000E+00    0.00000E+00
    1.28989E+05    4.09838E-19    0.00000E+00    0.00000E+00    0.00000E+00    0.00000E+00
    1.35099E+05    2.40186E-16    0.00000E+00    0.00000E+00    0.00000E+00    0.00000E+00
    1.41499E+05    2.44621E-16    0.00000E+00    0.00000E+00    0.00000E+00    0.00000E+00
    1.48202E+05    6.50718E-16    0.00000E+00    0.00000E+00    0.00000E+00    0.00000E+00
    1.55222E+05    4.39470E-16    0.00000E+00    0.00000E+00    0.00000E+00    0.00000E+00
    1.62576E+05    4.07478E-18    0.00000E+00    0.00000E+00    0.00000E+00    0.00000E+00
    1.70277E+05    1.55862E-19    0.00000E+00    0.00000E+00    0.00000E+00    0.00000E+00
    1.78343E+05    6.48366E-19    0.00000E+00    0.00000E+00    0.00000E+00    0.00000E+00
    1.86791E+05    6.24119E-19    0.00000E+00    0.00000E+00    0.00000E+00    0.00000E+00
    1.95640E+05    1.64508E-17    0.00000E+00    0.00000E+00    0.00000E+00    0.00000E+00
    2.04907E+05    4.54572E-16    0.00000E+00    0.00000E+00    0.00000E+00    0.00000E+00
    2.14614E+05    2.25428E-14    0.00000E+00    0.00000E+00    0.00000E+00    0.00000E+00
    2.24781E+05    1.45744E-13    0.00000E+00    0.00000E+00    0.00000E+00    0.00000E+00
    2.35429E+05    3.29583E-13    0.00000E+00    0.00000E+00    0.00000E+00    0.00000E+00
    2.46581E+05    4.05067E-13    0.00000E+00    0.00000E+00    0.00000E+00    0.00000E+00
    2.58262E+05    1.08918E-12    0.00000E+00    0.00000E+00    0.00000E+00    0.00000E+00
    2.70496E+05    3.77687E-12    0.00000E+00    0.00000E+00    0.00000E+00    0.00000E+00
    2.83310E+05    1.82543E-11    0.00000E+00    0.00000E+00    0.00000E+00    0.00000E+00
    2.96730E+05    4.24464E-11    0.00000E+00    0.00000E+00    0.00000E+00    0.00000E+00
    3.10787E+05    7.72505E-11    0.00000E+00    0.00000E+00    0.00000E+00    0.00000E+00
    3.25509E+05    1.42486E-10    0.00000E+00    0.00000E+00    0.00000E+00    0.00000E+00
    3.40929E+05    3.49643E-10    0.00000E+00    0.00000E+00    0.00000E+00    0.00000E+00
    3.57078E+05    6.13175E-10    0.00000E+00    0.00000E+00    0.00000E+00    0.00000E+00
    3.73994E+05    9.33557E-10    0.00000E+00    0.00000E+00    0.00000E+00    0.00000E+00
    3.91710E+05    1.63035E-09    0.00000E+00    0.00000E+00    0.00000E+00    0.00000E+00
    4.10266E+05    2.33000E-09    0.00000E+00    0.00000E+00    0.00000E+00    0.00000E+00
    4.29700E+05    2.90150E-09    0.00000E+00    0.00000E+00    0.00000E+00    0.00000E+00
    4.50056E+05    4.52876E-09    0.00000E+00    0.00000E+00    0.00000E+00    0.00000E+00
    4.71375E+05    5.95501E-09    0.00000E+00    0.00000E+00    0.00000E+00    0.00000E+00
    4.93705E+05    7.72681E-09    0.00000E+00    0.00000E+00    0.00000E+00    0.00000E+00
    5.17092E+05    9.34808E-09    0.00000E+00    0.00000E+00    0.00000E+00    0.00000E+00
    5.41587E+05    1.28717E-08    0.00000E+00    0.00000E+00    0.00000E+00    0.00000E+00
    5.67243E+05    1.42841E-08    0.00000E+00    0.00000E+00    0.00000E+00    0.00000E+00
    5.94113E+05    1.68471E-08    0.00000E+00    0.00000E+00    0.00000E+00    0.00000E+00
    6.22257E+05    1.91459E-08    0.00000E+00    0.00000E+00    0.00000E+00    0.00000E+00
    6.51734E+05    2.10604E-08    0.00000E+00    0.00000E+00    0.00000E+00    0.00000E+00
    6.82607E+05    2.34719E-08    0.00000E+00    0.00000E+00    0.00000E+00    0.00000E+00
    7.14943E+05    2.40501E-08    0.00000E+00    0.00000E+00    0.00000E+00    0.00000E+00
    7.48810E+05    2.54942E-08    0.00000E+00    0.00000E+00    0.00000E+00    0.00000E+00
    7.84282E+05    2.66199E-08    0.00000E+00    0.00000E+00    0.00000E+00    0.00000E+00
    8.21434E+05    2.64521E-08    0.00000E+00    0.00000E+00    0.00000E+00    0.00000E+00
    8.60346E+05    2.70674E-08    0.00000E+00    0.00000E+00    0.00000E+00    0.00000E+00
    9.01102E+05    2.71020E-08    0.00000E+00    0.00000E+00    0.00000E+00    0.00000E+00
    9.43788E+05    2.70746E-08    0.00000E+00    0.00000E+00    0.00000E+00    0.00000E+00
    9.88496E+05    2.58064E-08    0.00000E+00    0.00000E+00    0.00000E+00    0.00000E+00
    1.03532E+06    2.48576E-08    0.00000E+00    0.00000E+00    0.00000E+00    0.00000E+00
    1.08437E+06    2.34703E-08    0.00000E+00    0.00000E+00    0.00000E+00    0.00000E+00
    1.13573E+06    2.22087E-08    0.00000E+00    0.00000E+00    0.00000E+00    0.00000E+00
    1.18953E+06    2.07285E-08    0.00000E+00    0.00000E+00    0.00000E+00    0.00000E+00
    1.24588E+06    1.95213E-08    0.00000E+00    0.00000E+00    0.00000E+00    0.00000E+00
    1.30490E+06    1.80017E-08    0.00000E+00    0.00000E+00    0.00000E+00    0.00000E+00
    1.36672E+06    1.62382E-08    0.00000E+00    0.00000E+00    0.00000E+00    0.00000E+00
    1.43146E+06    1.50573E-08    0.00000E+00    0.00000E+00    0.00000E+00    0.00000E+00
    1.49927E+06    1.34403E-08    0.00000E+00    0.00000E+00    0.00000E+00    0.00000E+00
    1.57029E+06    1.21577E-08    0.00000E+00    0.00000E+00    0.00000E+00    0.00000E+00
    1.64468E+06    1.08891E-08    0.00000E+00    0.00000E+00    0.00000E+00    0.00000E+00
    1.72259E+06    9.63974E-09    0.00000E+00    0.00000E+00    0.00000E+00    0.00000E+00
    1.80419E+06    8.56590E-09    0.00000E+00    0.00000E+00    0.00000E+00    0.00000E+00
    1.88965E+06    7.47822E-09    0.00000E+00    0.00000E+00    0.00000E+00    0.00000E+00
    1.97917E+06    6.56448E-09    0.00000E+00    0.00000E+00    0.00000E+00    0.00000E+00
    2.07292E+06    5.69763E-09    0.00000E+00    0.00000E+00    0.00000E+00    0.00000E+00
    2.17112E+06    4.91364E-09    0.00000E+00    0.00000E+00    0.00000E+00    0.00000E+00
    2.27397E+06    4.24868E-09    0.00000E+00    0.00000E+00    0.00000E+00    0.00000E+00
    2.38169E+06    3.64816E-09    0.00000E+00    0.00000E+00    0.00000E+00    0.00000E+00
    2.49451E+06    3.12522E-09    0.00000E+00    0.00000E+00    0.00000E+00    0.00000E+00
    2.61268E+06    2.66703E-09    0.00000E+00    0.00000E+00    0.00000E+00    0.00000E+00
    2.73644E+06    2.25775E-09    0.00000E+00    0.00000E+00    0.00000E+00    0.00000E+00
    2.86607E+06    1.91827E-09    0.00000E+00    0.00000E+00    0.00000E+00    0.00000E+00
    3.00184E+06    1.61315E-09    0.00000E+00    0.00000E+00    0.00000E+00    0.00000E+00
    3.14404E+06    1.35469E-09    0.00000E+00    0.00000E+00    0.00000E+00    0.00000E+00
    3.29297E+06    1.13558E-09    0.00000E+00    0.00000E+00    0.00000E+00    0.00000E+00
    3.44896E+06    9.46394E-10    0.00000E+00    0.00000E+00    0.00000E+00    0.00000E+00
    3.61234E+06    7.88345E-10    0.00000E+00    0.00000E+00    0.00000E+00    0.00000E+00
    3.78346E+06    6.56068E-10    0.00000E+00    0.00000E+00    0.00000E+00    0.00000E+00
    3.96269E+06    5.41842E-10    0.00000E+00    0.00000E+00    0.00000E+00    0.00000E+00
    4.15040E+06    4.48299E-10    0.00000E+00    0.00000E+00    0.00000E+00    0.00000E+00
    4.34701E+06    3.71161E-10    0.00000E+00    0.00000E+00    0.00000E+00    0.00000E+00
    4.55293E+06    3.04426E-10    0.00000E+00    0.00000E+00    0.00000E+00    0.00000E+00
    4.76861E+06    2.51879E-10    0.00000E+00    0.00000E+00    0.00000E+00    0.00000E+00
    4.99451E+06    2.05654E-10    0.00000E+00    0.00000E+00    0.00000E+00    0.00000E+00
    5.23110E+06    1.69579E-10    0.00000E+00    0.00000E+00    0.00000E+00    0.00000E+00
    5.47890E+06    1.38061E-10    0.00000E+00    0.00000E+00    0.00000E+00    0.00000E+00
    5.73844E+06    1.12656E-10    0.00000E+00    0.00000E+00    0.00000E+00    0.00000E+00
    6.01028E+06    9.14962E-11    0.00000E+00    0.00000E+00    0.00000E+00    0.00000E+00
    6.29499E+06    7.46116E-11    0.00000E+00    0.00000E+00    0.00000E+00    0.00000E+00
    6.59319E+06    6.06145E-11    0.00000E+00    0.00000E+00    0.00000E+00    0.00000E+00
    6.90551E+06    4.92608E-11    0.00000E+00    0.00000E+00    0.00000E+00    0.00000E+00
    7.23264E+06    4.00847E-11    0.00000E+00    0.00000E+00    0.00000E+00    0.00000E+00
    7.57525E+06    3.25483E-11    0.00000E+00    0.00000E+00    0.00000E+00    0.00000E+00
    7.93410E+06    2.61110E-11    0.00000E+00    0.00000E+00    0.00000E+00    0.00000E+00
    8.30994E+06    2.12607E-11    0.00000E+00    0.00000E+00    0.00000E+00    0.00000E+00
    8.70359E+06    1.71399E-11    0.00000E+00    0.00000E+00    0.00000E+00    0.00000E+00
    9.11589E+06    1.38001E-11    0.00000E+00    0.00000E+00    0.00000E+00    0.00000E+00
    9.54771E+06    1.10924E-11    0.00000E+00    0.00000E+00    0.00000E+00    0.00000E+00
    1.00000E+07    9.01350E-12    0.00000E+00    0.00000E+00    0.00000E+00    0.00000E+00
