 # Columns are: Lambda (Angstroms) and Flux (Flux * lambda) (ergs/s/cm^2)
    1.00000E+03    0.00000E+00    0.00000E+00    0.00000E+00    0.00000E+00    0.00000E+00
    1.04737E+03    0.00000E+00    0.00000E+00    0.00000E+00    0.00000E+00    0.00000E+00
    1.09699E+03    0.00000E+00    0.00000E+00    0.00000E+00    0.00000E+00    0.00000E+00
    1.14895E+03    0.00000E+00    0.00000E+00    0.00000E+00    0.00000E+00    0.00000E+00
    1.20338E+03    0.00000E+00    0.00000E+00    0.00000E+00    0.00000E+00    0.00000E+00
    1.26038E+03    0.00000E+00    0.00000E+00    0.00000E+00    0.00000E+00    0.00000E+00
    1.32009E+03    0.00000E+00    0.00000E+00    0.00000E+00    0.00000E+00    0.00000E+00
    1.38262E+03    0.00000E+00    0.00000E+00    0.00000E+00    0.00000E+00    0.00000E+00
    1.44812E+03    0.00000E+00    0.00000E+00    0.00000E+00    0.00000E+00    0.00000E+00
    1.51672E+03    0.00000E+00    0.00000E+00    0.00000E+00    0.00000E+00    0.00000E+00
    1.58857E+03    0.00000E+00    0.00000E+00    0.00000E+00    0.00000E+00    0.00000E+00
    1.66382E+03    0.00000E+00    0.00000E+00    0.00000E+00    0.00000E+00    0.00000E+00
    1.74263E+03    0.00000E+00    0.00000E+00    0.00000E+00    0.00000E+00    0.00000E+00
    1.82518E+03    0.00000E+00    0.00000E+00    0.00000E+00    0.00000E+00    0.00000E+00
    1.91164E+03    0.00000E+00    0.00000E+00    0.00000E+00    0.00000E+00    0.00000E+00
    2.00220E+03    0.00000E+00    0.00000E+00    0.00000E+00    0.00000E+00    0.00000E+00
    2.09705E+03    0.00000E+00    0.00000E+00    0.00000E+00    0.00000E+00    0.00000E+00
    2.19639E+03    0.00000E+00    0.00000E+00    0.00000E+00    0.00000E+00    0.00000E+00
    2.30043E+03    0.00000E+00    0.00000E+00    0.00000E+00    0.00000E+00    0.00000E+00
    2.40940E+03    0.00000E+00    0.00000E+00    0.00000E+00    0.00000E+00    0.00000E+00
    2.52354E+03    0.00000E+00    0.00000E+00    0.00000E+00    0.00000E+00    0.00000E+00
    2.64308E+03    0.00000E+00    0.00000E+00    0.00000E+00    0.00000E+00    0.00000E+00
    2.76829E+03    0.00000E+00    0.00000E+00    0.00000E+00    0.00000E+00    0.00000E+00
    2.89942E+03    0.00000E+00    0.00000E+00    0.00000E+00    0.00000E+00    0.00000E+00
    3.03677E+03    0.00000E+00    0.00000E+00    0.00000E+00    0.00000E+00    0.00000E+00
    3.18063E+03    0.00000E+00    0.00000E+00    0.00000E+00    0.00000E+00    0.00000E+00
    3.33129E+03    0.00000E+00    0.00000E+00    0.00000E+00    0.00000E+00    0.00000E+00
    3.48910E+03    0.00000E+00    0.00000E+00    0.00000E+00    0.00000E+00    0.00000E+00
    3.65438E+03    0.00000E+00    0.00000E+00    0.00000E+00    0.00000E+00    0.00000E+00
    3.82749E+03    0.00000E+00    0.00000E+00    0.00000E+00    0.00000E+00    0.00000E+00
    4.00881E+03    0.00000E+00    0.00000E+00    0.00000E+00    0.00000E+00    0.00000E+00
    4.19871E+03    0.00000E+00    0.00000E+00    0.00000E+00    0.00000E+00    0.00000E+00
    4.39760E+03    0.00000E+00    0.00000E+00    0.00000E+00    0.00000E+00    0.00000E+00
    4.60592E+03    0.00000E+00    0.00000E+00    0.00000E+00    0.00000E+00    0.00000E+00
    4.82411E+03    0.00000E+00    0.00000E+00    0.00000E+00    0.00000E+00    0.00000E+00
    5.05263E+03    0.00000E+00    0.00000E+00    0.00000E+00    0.00000E+00    0.00000E+00
    5.29198E+03    0.00000E+00    0.00000E+00    0.00000E+00    0.00000E+00    0.00000E+00
    5.54266E+03    0.00000E+00    0.00000E+00    0.00000E+00    0.00000E+00    0.00000E+00
    5.80523E+03    0.00000E+00    0.00000E+00    0.00000E+00    0.00000E+00    0.00000E+00
    6.08022E+03    0.00000E+00    0.00000E+00    0.00000E+00    0.00000E+00    0.00000E+00
    6.36825E+03    0.00000E+00    0.00000E+00    0.00000E+00    0.00000E+00    0.00000E+00
    6.66992E+03    0.00000E+00    0.00000E+00    0.00000E+00    0.00000E+00    0.00000E+00
    6.98588E+03    0.00000E+00    0.00000E+00    0.00000E+00    0.00000E+00    0.00000E+00
    7.31681E+03    0.00000E+00    0.00000E+00    0.00000E+00    0.00000E+00    0.00000E+00
    7.66341E+03    0.00000E+00    0.00000E+00    0.00000E+00    0.00000E+00    0.00000E+00
    8.02643E+03    0.00000E+00    0.00000E+00    0.00000E+00    0.00000E+00    0.00000E+00
    8.40665E+03    0.00000E+00    0.00000E+00    0.00000E+00    0.00000E+00    0.00000E+00
    8.80488E+03    0.00000E+00    0.00000E+00    0.00000E+00    0.00000E+00    0.00000E+00
    9.22198E+03    0.00000E+00    0.00000E+00    0.00000E+00    0.00000E+00    0.00000E+00
    9.65883E+03    0.00000E+00    0.00000E+00    0.00000E+00    0.00000E+00    0.00000E+00
    1.01164E+04    0.00000E+00    0.00000E+00    0.00000E+00    0.00000E+00    0.00000E+00
    1.05956E+04    0.00000E+00    0.00000E+00    0.00000E+00    0.00000E+00    0.00000E+00
    1.10975E+04    0.00000E+00    0.00000E+00    0.00000E+00    0.00000E+00    0.00000E+00
    1.16232E+04    0.00000E+00    0.00000E+00    0.00000E+00    0.00000E+00    0.00000E+00
    1.21738E+04    0.00000E+00    0.00000E+00    0.00000E+00    0.00000E+00    0.00000E+00
    1.27505E+04    0.00000E+00    0.00000E+00    0.00000E+00    0.00000E+00    0.00000E+00
    1.33545E+04    0.00000E+00    0.00000E+00    0.00000E+00    0.00000E+00    0.00000E+00
    1.39871E+04    0.00000E+00    0.00000E+00    0.00000E+00    0.00000E+00    0.00000E+00
    1.46497E+04    0.00000E+00    0.00000E+00    0.00000E+00    0.00000E+00    0.00000E+00
    1.53437E+04    0.00000E+00    0.00000E+00    0.00000E+00    0.00000E+00    0.00000E+00
    1.60705E+04    0.00000E+00    0.00000E+00    0.00000E+00    0.00000E+00    0.00000E+00
    1.68318E+04    0.00000E+00    0.00000E+00    0.00000E+00    0.00000E+00    0.00000E+00
    1.76291E+04    1.87683E-41    0.00000E+00    0.00000E+00    0.00000E+00    0.00000E+00
    1.84642E+04    3.89802E-27    0.00000E+00    0.00000E+00    0.00000E+00    0.00000E+00
    1.93389E+04    8.94746E-28    0.00000E+00    0.00000E+00    0.00000E+00    0.00000E+00
    2.02550E+04    1.99874E-26    0.00000E+00    0.00000E+00    0.00000E+00    0.00000E+00
    2.12145E+04    8.83570E-24    0.00000E+00    0.00000E+00    0.00000E+00    0.00000E+00
    2.22195E+04    3.19515E-21    0.00000E+00    0.00000E+00    0.00000E+00    0.00000E+00
    2.32720E+04    1.02560E-19    0.00000E+00    0.00000E+00    0.00000E+00    0.00000E+00
    2.43744E+04    9.77988E-21    0.00000E+00    0.00000E+00    0.00000E+00    0.00000E+00
    2.55291E+04    2.93951E-17    0.00000E+00    0.00000E+00    0.00000E+00    0.00000E+00
    2.67384E+04    1.47027E-17    0.00000E+00    0.00000E+00    0.00000E+00    0.00000E+00
    2.80050E+04    4.10868E-16    0.00000E+00    0.00000E+00    0.00000E+00    0.00000E+00
    2.93317E+04    7.92547E-15    0.00000E+00    0.00000E+00    0.00000E+00    0.00000E+00
    3.07211E+04    2.12701E-14    0.00000E+00    0.00000E+00    0.00000E+00    0.00000E+00
    3.21764E+04    8.39285E-14    0.00000E+00    0.00000E+00    0.00000E+00    0.00000E+00
    3.37006E+04    1.08499E-13    0.00000E+00    0.00000E+00    0.00000E+00    0.00000E+00
    3.52971E+04    2.57511E-12    0.00000E+00    0.00000E+00    0.00000E+00    0.00000E+00
    3.69691E+04    9.54761E-13    0.00000E+00    0.00000E+00    0.00000E+00    0.00000E+00
    3.87204E+04    2.79084E-12    0.00000E+00    0.00000E+00    0.00000E+00    0.00000E+00
    4.05546E+04    2.22030E-11    0.00000E+00    0.00000E+00    0.00000E+00    0.00000E+00
    4.24757E+04    5.41165E-11    0.00000E+00    0.00000E+00    0.00000E+00    0.00000E+00
    4.44878E+04    3.34578E-11    0.00000E+00    0.00000E+00    0.00000E+00    0.00000E+00
    4.65953E+04    1.72488E-10    0.00000E+00    0.00000E+00    0.00000E+00    0.00000E+00
    4.88025E+04    2.36158E-10    0.00000E+00    0.00000E+00    0.00000E+00    0.00000E+00
    5.11143E+04    1.73996E-10    0.00000E+00    0.00000E+00    0.00000E+00    0.00000E+00
    5.35357E+04    3.30693E-10    0.00000E+00    0.00000E+00    0.00000E+00    0.00000E+00
    5.60717E+04    5.84733E-10    0.00000E+00    0.00000E+00    0.00000E+00    0.00000E+00
    5.87279E+04    5.51555E-10    0.00000E+00    0.00000E+00    0.00000E+00    0.00000E+00
    6.15099E+04    4.31113E-10    0.00000E+00    0.00000E+00    0.00000E+00    0.00000E+00
    6.44236E+04    7.87253E-10    0.00000E+00    0.00000E+00    0.00000E+00    0.00000E+00
    6.74754E+04    1.99710E-09    0.00000E+00    0.00000E+00    0.00000E+00    0.00000E+00
    7.06718E+04    1.68610E-09    0.00000E+00    0.00000E+00    0.00000E+00    0.00000E+00
    7.40196E+04    5.99278E-10    0.00000E+00    0.00000E+00    0.00000E+00    0.00000E+00
    7.75260E+04    1.20524E-11    0.00000E+00    0.00000E+00    0.00000E+00    0.00000E+00
    8.11984E+04    3.99255E-16    0.00000E+00    0.00000E+00    0.00000E+00    0.00000E+00
    8.50449E+04    3.11108E-19    0.00000E+00    0.00000E+00    0.00000E+00    0.00000E+00
    8.90735E+04    1.40809E-20    0.00000E+00    0.00000E+00    0.00000E+00    0.00000E+00
    9.32930E+04    3.84455E-31    0.00000E+00    0.00000E+00    0.00000E+00    0.00000E+00
    9.77124E+04    6.16291E-33    0.00000E+00    0.00000E+00    0.00000E+00    0.00000E+00
    1.02341E+05    7.93931E-23    0.00000E+00    0.00000E+00    0.00000E+00    0.00000E+00
    1.07189E+05    2.36257E-19    0.00000E+00    0.00000E+00    0.00000E+00    0.00000E+00
    1.12267E+05    1.67604E-18    0.00000E+00    0.00000E+00    0.00000E+00    0.00000E+00
    1.17585E+05    4.11515E-16    0.00000E+00    0.00000E+00    0.00000E+00    0.00000E+00
    1.23155E+05    1.32462E-14    0.00000E+00    0.00000E+00    0.00000E+00    0.00000E+00
    1.28989E+05    1.77438E-13    0.00000E+00    0.00000E+00    0.00000E+00    0.00000E+00
    1.35099E+05    7.20017E-11    0.00000E+00    0.00000E+00    0.00000E+00    0.00000E+00
    1.41499E+05    1.64759E-10    0.00000E+00    0.00000E+00    0.00000E+00    0.00000E+00
    1.48202E+05    1.91105E-10    0.00000E+00    0.00000E+00    0.00000E+00    0.00000E+00
    1.55222E+05    4.01224E-11    0.00000E+00    0.00000E+00    0.00000E+00    0.00000E+00
    1.62576E+05    1.03304E-11    0.00000E+00    0.00000E+00    0.00000E+00    0.00000E+00
    1.70277E+05    2.37593E-12    0.00000E+00    0.00000E+00    0.00000E+00    0.00000E+00
    1.78343E+05    5.38125E-12    0.00000E+00    0.00000E+00    0.00000E+00    0.00000E+00
    1.86791E+05    6.22481E-11    0.00000E+00    0.00000E+00    0.00000E+00    0.00000E+00
    1.95640E+05    3.62765E-11    0.00000E+00    0.00000E+00    0.00000E+00    0.00000E+00
    2.04907E+05    1.14160E-10    0.00000E+00    0.00000E+00    0.00000E+00    0.00000E+00
    2.14614E+05    1.04240E-09    0.00000E+00    0.00000E+00    0.00000E+00    0.00000E+00
    2.24781E+05    1.99722E-09    0.00000E+00    0.00000E+00    0.00000E+00    0.00000E+00
    2.35429E+05    5.81517E-09    0.00000E+00    0.00000E+00    0.00000E+00    0.00000E+00
    2.46581E+05    9.33869E-09    0.00000E+00    0.00000E+00    0.00000E+00    0.00000E+00
    2.58262E+05    2.34995E-08    0.00000E+00    0.00000E+00    0.00000E+00    0.00000E+00
    2.70496E+05    2.16786E-08    0.00000E+00    0.00000E+00    0.00000E+00    0.00000E+00
    2.83310E+05    2.03798E-08    0.00000E+00    0.00000E+00    0.00000E+00    0.00000E+00
    2.96730E+05    3.46324E-08    0.00000E+00    0.00000E+00    0.00000E+00    0.00000E+00
    3.10787E+05    4.98712E-08    0.00000E+00    0.00000E+00    0.00000E+00    0.00000E+00
    3.25509E+05    7.83400E-08    0.00000E+00    0.00000E+00    0.00000E+00    0.00000E+00
    3.40929E+05    9.63555E-08    0.00000E+00    0.00000E+00    0.00000E+00    0.00000E+00
    3.57078E+05    1.41004E-07    0.00000E+00    0.00000E+00    0.00000E+00    0.00000E+00
    3.73994E+05    1.68434E-07    0.00000E+00    0.00000E+00    0.00000E+00    0.00000E+00
    3.91710E+05    2.17370E-07    0.00000E+00    0.00000E+00    0.00000E+00    0.00000E+00
    4.10266E+05    2.44097E-07    0.00000E+00    0.00000E+00    0.00000E+00    0.00000E+00
    4.29700E+05    2.82637E-07    0.00000E+00    0.00000E+00    0.00000E+00    0.00000E+00
    4.50056E+05    3.16221E-07    0.00000E+00    0.00000E+00    0.00000E+00    0.00000E+00
    4.71375E+05    3.74242E-07    0.00000E+00    0.00000E+00    0.00000E+00    0.00000E+00
    4.93705E+05    3.77647E-07    0.00000E+00    0.00000E+00    0.00000E+00    0.00000E+00
    5.17092E+05    4.24543E-07    0.00000E+00    0.00000E+00    0.00000E+00    0.00000E+00
    5.41587E+05    4.18852E-07    0.00000E+00    0.00000E+00    0.00000E+00    0.00000E+00
    5.67243E+05    4.33974E-07    0.00000E+00    0.00000E+00    0.00000E+00    0.00000E+00
    5.94113E+05    4.38913E-07    0.00000E+00    0.00000E+00    0.00000E+00    0.00000E+00
    6.22257E+05    4.21824E-07    0.00000E+00    0.00000E+00    0.00000E+00    0.00000E+00
    6.51734E+05    4.35530E-07    0.00000E+00    0.00000E+00    0.00000E+00    0.00000E+00
    6.82607E+05    4.16791E-07    0.00000E+00    0.00000E+00    0.00000E+00    0.00000E+00
    7.14943E+05    4.10427E-07    0.00000E+00    0.00000E+00    0.00000E+00    0.00000E+00
    7.48810E+05    3.92044E-07    0.00000E+00    0.00000E+00    0.00000E+00    0.00000E+00
    7.84282E+05    3.67713E-07    0.00000E+00    0.00000E+00    0.00000E+00    0.00000E+00
    8.21434E+05    3.42950E-07    0.00000E+00    0.00000E+00    0.00000E+00    0.00000E+00
    8.60346E+05    3.14089E-07    0.00000E+00    0.00000E+00    0.00000E+00    0.00000E+00
    9.01102E+05    2.95046E-07    0.00000E+00    0.00000E+00    0.00000E+00    0.00000E+00
    9.43788E+05    2.63208E-07    0.00000E+00    0.00000E+00    0.00000E+00    0.00000E+00
    9.88496E+05    2.38857E-07    0.00000E+00    0.00000E+00    0.00000E+00    0.00000E+00
    1.03532E+06    2.12866E-07    0.00000E+00    0.00000E+00    0.00000E+00    0.00000E+00
    1.08437E+06    1.91263E-07    0.00000E+00    0.00000E+00    0.00000E+00    0.00000E+00
    1.13573E+06    1.68475E-07    0.00000E+00    0.00000E+00    0.00000E+00    0.00000E+00
    1.18953E+06    1.50800E-07    0.00000E+00    0.00000E+00    0.00000E+00    0.00000E+00
    1.24588E+06    1.29212E-07    0.00000E+00    0.00000E+00    0.00000E+00    0.00000E+00
    1.30490E+06    1.13960E-07    0.00000E+00    0.00000E+00    0.00000E+00    0.00000E+00
    1.36672E+06    9.87103E-08    0.00000E+00    0.00000E+00    0.00000E+00    0.00000E+00
    1.43146E+06    8.52940E-08    0.00000E+00    0.00000E+00    0.00000E+00    0.00000E+00
    1.49927E+06    7.26155E-08    0.00000E+00    0.00000E+00    0.00000E+00    0.00000E+00
    1.57029E+06    6.28938E-08    0.00000E+00    0.00000E+00    0.00000E+00    0.00000E+00
    1.64468E+06    5.34415E-08    0.00000E+00    0.00000E+00    0.00000E+00    0.00000E+00
    1.72259E+06    4.56861E-08    0.00000E+00    0.00000E+00    0.00000E+00    0.00000E+00
    1.80419E+06    3.86100E-08    0.00000E+00    0.00000E+00    0.00000E+00    0.00000E+00
    1.88965E+06    3.27560E-08    0.00000E+00    0.00000E+00    0.00000E+00    0.00000E+00
    1.97917E+06    2.77431E-08    0.00000E+00    0.00000E+00    0.00000E+00    0.00000E+00
    2.07292E+06    2.33105E-08    0.00000E+00    0.00000E+00    0.00000E+00    0.00000E+00
    2.17112E+06    1.95435E-08    0.00000E+00    0.00000E+00    0.00000E+00    0.00000E+00
    2.27397E+06    1.62582E-08    0.00000E+00    0.00000E+00    0.00000E+00    0.00000E+00
    2.38169E+06    1.36351E-08    0.00000E+00    0.00000E+00    0.00000E+00    0.00000E+00
    2.49451E+06    1.13246E-08    0.00000E+00    0.00000E+00    0.00000E+00    0.00000E+00
    2.61268E+06    9.34426E-09    0.00000E+00    0.00000E+00    0.00000E+00    0.00000E+00
    2.73644E+06    7.81524E-09    0.00000E+00    0.00000E+00    0.00000E+00    0.00000E+00
    2.86607E+06    6.46998E-09    0.00000E+00    0.00000E+00    0.00000E+00    0.00000E+00
    3.00184E+06    5.33229E-09    0.00000E+00    0.00000E+00    0.00000E+00    0.00000E+00
    3.14404E+06    4.37549E-09    0.00000E+00    0.00000E+00    0.00000E+00    0.00000E+00
    3.29297E+06    3.59448E-09    0.00000E+00    0.00000E+00    0.00000E+00    0.00000E+00
    3.44896E+06    2.95339E-09    0.00000E+00    0.00000E+00    0.00000E+00    0.00000E+00
    3.61234E+06    2.41927E-09    0.00000E+00    0.00000E+00    0.00000E+00    0.00000E+00
    3.78346E+06    1.98143E-09    0.00000E+00    0.00000E+00    0.00000E+00    0.00000E+00
    3.96269E+06    1.62152E-09    0.00000E+00    0.00000E+00    0.00000E+00    0.00000E+00
    4.15040E+06    1.31340E-09    0.00000E+00    0.00000E+00    0.00000E+00    0.00000E+00
    4.34701E+06    1.07620E-09    0.00000E+00    0.00000E+00    0.00000E+00    0.00000E+00
    4.55293E+06    8.71737E-10    0.00000E+00    0.00000E+00    0.00000E+00    0.00000E+00
    4.76861E+06    7.04797E-10    0.00000E+00    0.00000E+00    0.00000E+00    0.00000E+00
    4.99451E+06    5.71318E-10    0.00000E+00    0.00000E+00    0.00000E+00    0.00000E+00
    5.23110E+06    4.60469E-10    0.00000E+00    0.00000E+00    0.00000E+00    0.00000E+00
    5.47890E+06    3.72933E-10    0.00000E+00    0.00000E+00    0.00000E+00    0.00000E+00
    5.73844E+06    3.01764E-10    0.00000E+00    0.00000E+00    0.00000E+00    0.00000E+00
    6.01028E+06    2.42820E-10    0.00000E+00    0.00000E+00    0.00000E+00    0.00000E+00
    6.29499E+06    1.96799E-10    0.00000E+00    0.00000E+00    0.00000E+00    0.00000E+00
    6.59319E+06    1.57234E-10    0.00000E+00    0.00000E+00    0.00000E+00    0.00000E+00
    6.90551E+06    1.27069E-10    0.00000E+00    0.00000E+00    0.00000E+00    0.00000E+00
    7.23264E+06    1.02459E-10    0.00000E+00    0.00000E+00    0.00000E+00    0.00000E+00
    7.57525E+06    8.17401E-11    0.00000E+00    0.00000E+00    0.00000E+00    0.00000E+00
    7.93410E+06    6.57600E-11    0.00000E+00    0.00000E+00    0.00000E+00    0.00000E+00
    8.30994E+06    5.26245E-11    0.00000E+00    0.00000E+00    0.00000E+00    0.00000E+00
    8.70359E+06    4.24037E-11    0.00000E+00    0.00000E+00    0.00000E+00    0.00000E+00
    9.11589E+06    3.39671E-11    0.00000E+00    0.00000E+00    0.00000E+00    0.00000E+00
    9.54771E+06    2.70752E-11    0.00000E+00    0.00000E+00    0.00000E+00    0.00000E+00
    1.00000E+07    2.16852E-11    0.00000E+00    0.00000E+00    0.00000E+00    0.00000E+00
