 # Columns are: Lambda (Angstroms) and Flux (Flux * lambda) (ergs/s/cm^2)
    1.00000E+03    0.00000E+00    0.00000E+00    0.00000E+00    0.00000E+00    0.00000E+00
    1.04737E+03    0.00000E+00    0.00000E+00    0.00000E+00    0.00000E+00    0.00000E+00
    1.09699E+03    0.00000E+00    0.00000E+00    0.00000E+00    0.00000E+00    0.00000E+00
    1.14895E+03    0.00000E+00    0.00000E+00    0.00000E+00    0.00000E+00    0.00000E+00
    1.20338E+03    0.00000E+00    0.00000E+00    0.00000E+00    0.00000E+00    0.00000E+00
    1.26038E+03    0.00000E+00    0.00000E+00    0.00000E+00    0.00000E+00    0.00000E+00
    1.32009E+03    0.00000E+00    0.00000E+00    0.00000E+00    0.00000E+00    0.00000E+00
    1.38262E+03    0.00000E+00    0.00000E+00    0.00000E+00    0.00000E+00    0.00000E+00
    1.44812E+03    0.00000E+00    0.00000E+00    0.00000E+00    0.00000E+00    0.00000E+00
    1.51672E+03    0.00000E+00    0.00000E+00    0.00000E+00    0.00000E+00    0.00000E+00
    1.58857E+03    0.00000E+00    0.00000E+00    0.00000E+00    0.00000E+00    0.00000E+00
    1.66382E+03    0.00000E+00    0.00000E+00    0.00000E+00    0.00000E+00    0.00000E+00
    1.74263E+03    0.00000E+00    0.00000E+00    0.00000E+00    0.00000E+00    0.00000E+00
    1.82518E+03    0.00000E+00    0.00000E+00    0.00000E+00    0.00000E+00    0.00000E+00
    1.91164E+03    0.00000E+00    0.00000E+00    0.00000E+00    0.00000E+00    0.00000E+00
    2.00220E+03    0.00000E+00    0.00000E+00    0.00000E+00    0.00000E+00    0.00000E+00
    2.09705E+03    0.00000E+00    0.00000E+00    0.00000E+00    0.00000E+00    0.00000E+00
    2.19639E+03    0.00000E+00    0.00000E+00    0.00000E+00    0.00000E+00    0.00000E+00
    2.30043E+03    0.00000E+00    0.00000E+00    0.00000E+00    0.00000E+00    0.00000E+00
    2.40940E+03    0.00000E+00    0.00000E+00    0.00000E+00    0.00000E+00    0.00000E+00
    2.52354E+03    0.00000E+00    0.00000E+00    0.00000E+00    0.00000E+00    0.00000E+00
    2.64308E+03    0.00000E+00    0.00000E+00    0.00000E+00    0.00000E+00    0.00000E+00
    2.76829E+03    0.00000E+00    0.00000E+00    0.00000E+00    0.00000E+00    0.00000E+00
    2.89942E+03    0.00000E+00    0.00000E+00    0.00000E+00    0.00000E+00    0.00000E+00
    3.03677E+03    0.00000E+00    0.00000E+00    0.00000E+00    0.00000E+00    0.00000E+00
    3.18063E+03    0.00000E+00    0.00000E+00    0.00000E+00    0.00000E+00    0.00000E+00
    3.33129E+03    0.00000E+00    0.00000E+00    0.00000E+00    0.00000E+00    0.00000E+00
    3.48910E+03    0.00000E+00    0.00000E+00    0.00000E+00    0.00000E+00    0.00000E+00
    3.65438E+03    0.00000E+00    0.00000E+00    0.00000E+00    0.00000E+00    0.00000E+00
    3.82749E+03    0.00000E+00    0.00000E+00    0.00000E+00    0.00000E+00    0.00000E+00
    4.00881E+03    0.00000E+00    0.00000E+00    0.00000E+00    0.00000E+00    0.00000E+00
    4.19871E+03    0.00000E+00    0.00000E+00    0.00000E+00    0.00000E+00    0.00000E+00
    4.39760E+03    0.00000E+00    0.00000E+00    0.00000E+00    0.00000E+00    0.00000E+00
    4.60592E+03    0.00000E+00    0.00000E+00    0.00000E+00    0.00000E+00    0.00000E+00
    4.82411E+03    0.00000E+00    0.00000E+00    0.00000E+00    0.00000E+00    0.00000E+00
    5.05263E+03    0.00000E+00    0.00000E+00    0.00000E+00    0.00000E+00    0.00000E+00
    5.29198E+03    0.00000E+00    0.00000E+00    0.00000E+00    0.00000E+00    0.00000E+00
    5.54266E+03    0.00000E+00    0.00000E+00    0.00000E+00    0.00000E+00    0.00000E+00
    5.80523E+03    0.00000E+00    0.00000E+00    0.00000E+00    0.00000E+00    0.00000E+00
    6.08022E+03    0.00000E+00    0.00000E+00    0.00000E+00    0.00000E+00    0.00000E+00
    6.36825E+03    0.00000E+00    0.00000E+00    0.00000E+00    0.00000E+00    0.00000E+00
    6.66992E+03    0.00000E+00    0.00000E+00    0.00000E+00    0.00000E+00    0.00000E+00
    6.98588E+03    0.00000E+00    0.00000E+00    0.00000E+00    0.00000E+00    0.00000E+00
    7.31681E+03    0.00000E+00    0.00000E+00    0.00000E+00    0.00000E+00    0.00000E+00
    7.66341E+03    0.00000E+00    0.00000E+00    0.00000E+00    0.00000E+00    0.00000E+00
    8.02643E+03    0.00000E+00    0.00000E+00    0.00000E+00    0.00000E+00    0.00000E+00
    8.40665E+03    0.00000E+00    0.00000E+00    0.00000E+00    0.00000E+00    0.00000E+00
    8.80488E+03    0.00000E+00    0.00000E+00    0.00000E+00    0.00000E+00    0.00000E+00
    9.22198E+03    0.00000E+00    0.00000E+00    0.00000E+00    0.00000E+00    0.00000E+00
    9.65883E+03    0.00000E+00    0.00000E+00    0.00000E+00    0.00000E+00    0.00000E+00
    1.01164E+04    0.00000E+00    0.00000E+00    0.00000E+00    0.00000E+00    0.00000E+00
    1.05956E+04    0.00000E+00    0.00000E+00    0.00000E+00    0.00000E+00    0.00000E+00
    1.10975E+04    0.00000E+00    0.00000E+00    0.00000E+00    0.00000E+00    0.00000E+00
    1.16232E+04    0.00000E+00    0.00000E+00    0.00000E+00    0.00000E+00    0.00000E+00
    1.21738E+04    0.00000E+00    0.00000E+00    0.00000E+00    0.00000E+00    0.00000E+00
    1.27505E+04    0.00000E+00    0.00000E+00    0.00000E+00    0.00000E+00    0.00000E+00
    1.33545E+04    0.00000E+00    0.00000E+00    0.00000E+00    0.00000E+00    0.00000E+00
    1.39871E+04    0.00000E+00    0.00000E+00    0.00000E+00    0.00000E+00    0.00000E+00
    1.46497E+04    0.00000E+00    0.00000E+00    0.00000E+00    0.00000E+00    0.00000E+00
    1.53437E+04    4.18092E-37    0.00000E+00    0.00000E+00    0.00000E+00    0.00000E+00
    1.60705E+04    0.00000E+00    0.00000E+00    0.00000E+00    0.00000E+00    0.00000E+00
    1.68318E+04    4.89326E-11    0.00000E+00    0.00000E+00    0.00000E+00    0.00000E+00
    1.76291E+04    6.87805E-18    0.00000E+00    0.00000E+00    0.00000E+00    0.00000E+00
    1.84642E+04    1.74858E-28    0.00000E+00    0.00000E+00    0.00000E+00    0.00000E+00
    1.93389E+04    2.71711E-26    0.00000E+00    0.00000E+00    0.00000E+00    0.00000E+00
    2.02550E+04    1.55672E-11    0.00000E+00    0.00000E+00    0.00000E+00    0.00000E+00
    2.12145E+04    2.43409E-14    0.00000E+00    0.00000E+00    0.00000E+00    0.00000E+00
    2.22195E+04    1.56535E-16    0.00000E+00    0.00000E+00    0.00000E+00    0.00000E+00
    2.32720E+04    1.16308E-09    0.00000E+00    0.00000E+00    0.00000E+00    0.00000E+00
    2.43744E+04    7.57155E-10    0.00000E+00    0.00000E+00    0.00000E+00    0.00000E+00
    2.55291E+04    2.09084E-09    0.00000E+00    0.00000E+00    0.00000E+00    0.00000E+00
    2.67384E+04    1.65830E-12    0.00000E+00    0.00000E+00    0.00000E+00    0.00000E+00
    2.80050E+04    1.85099E-12    0.00000E+00    0.00000E+00    0.00000E+00    0.00000E+00
    2.93317E+04    2.68779E-11    0.00000E+00    0.00000E+00    0.00000E+00    0.00000E+00
    3.07211E+04    4.34039E-09    0.00000E+00    0.00000E+00    0.00000E+00    0.00000E+00
    3.21764E+04    2.89718E-09    0.00000E+00    0.00000E+00    0.00000E+00    0.00000E+00
    3.37006E+04    3.08695E-09    0.00000E+00    0.00000E+00    0.00000E+00    0.00000E+00
    3.52971E+04    8.81986E-29    0.00000E+00    0.00000E+00    0.00000E+00    0.00000E+00
    3.69691E+04    8.24144E-09    0.00000E+00    0.00000E+00    0.00000E+00    0.00000E+00
    3.87204E+04    3.38860E-11    0.00000E+00    0.00000E+00    0.00000E+00    0.00000E+00
    4.05546E+04    7.14634E-09    0.00000E+00    0.00000E+00    0.00000E+00    0.00000E+00
    4.24757E+04    1.81188E-12    0.00000E+00    0.00000E+00    0.00000E+00    0.00000E+00
    4.44878E+04    8.83780E-10    0.00000E+00    0.00000E+00    0.00000E+00    0.00000E+00
    4.65953E+04    5.04208E-09    0.00000E+00    0.00000E+00    0.00000E+00    0.00000E+00
    4.88025E+04    1.42524E-08    0.00000E+00    0.00000E+00    0.00000E+00    0.00000E+00
    5.11143E+04    2.62523E-12    0.00000E+00    0.00000E+00    0.00000E+00    0.00000E+00
    5.35357E+04    7.58586E-09    0.00000E+00    0.00000E+00    0.00000E+00    0.00000E+00
    5.60717E+04    2.30292E-10    0.00000E+00    0.00000E+00    0.00000E+00    0.00000E+00
    5.87279E+04    2.65578E-10    0.00000E+00    0.00000E+00    0.00000E+00    0.00000E+00
    6.15099E+04    2.77663E-12    0.00000E+00    0.00000E+00    0.00000E+00    0.00000E+00
    6.44236E+04    1.22354E-11    0.00000E+00    0.00000E+00    0.00000E+00    0.00000E+00
    6.74754E+04    1.77058E-11    0.00000E+00    0.00000E+00    0.00000E+00    0.00000E+00
    7.06718E+04    1.66681E-11    0.00000E+00    0.00000E+00    0.00000E+00    0.00000E+00
    7.40196E+04    5.10025E-12    0.00000E+00    0.00000E+00    0.00000E+00    0.00000E+00
    7.75260E+04    7.99732E-15    0.00000E+00    0.00000E+00    0.00000E+00    0.00000E+00
    8.11984E+04    4.05795E-14    0.00000E+00    0.00000E+00    0.00000E+00    0.00000E+00
    8.50449E+04    2.44765E-18    0.00000E+00    0.00000E+00    0.00000E+00    0.00000E+00
    8.90735E+04    2.05400E-24    0.00000E+00    0.00000E+00    0.00000E+00    0.00000E+00
    9.32930E+04    2.33921E-17    0.00000E+00    0.00000E+00    0.00000E+00    0.00000E+00
    9.77124E+04    8.75669E-14    0.00000E+00    0.00000E+00    0.00000E+00    0.00000E+00
    1.02341E+05    6.45798E-12    0.00000E+00    0.00000E+00    0.00000E+00    0.00000E+00
    1.07189E+05    1.52511E-13    0.00000E+00    0.00000E+00    0.00000E+00    0.00000E+00
    1.12267E+05    1.15622E-12    0.00000E+00    0.00000E+00    0.00000E+00    0.00000E+00
    1.17585E+05    5.19981E-09    0.00000E+00    0.00000E+00    0.00000E+00    0.00000E+00
    1.23155E+05    1.31605E-08    0.00000E+00    0.00000E+00    0.00000E+00    0.00000E+00
    1.28989E+05    1.53740E-09    0.00000E+00    0.00000E+00    0.00000E+00    0.00000E+00
    1.35099E+05    1.57813E-08    0.00000E+00    0.00000E+00    0.00000E+00    0.00000E+00
    1.41499E+05    1.82780E-08    0.00000E+00    0.00000E+00    0.00000E+00    0.00000E+00
    1.48202E+05    1.26921E-08    0.00000E+00    0.00000E+00    0.00000E+00    0.00000E+00
    1.55222E+05    1.03903E-08    0.00000E+00    0.00000E+00    0.00000E+00    0.00000E+00
    1.62576E+05    3.11652E-08    0.00000E+00    0.00000E+00    0.00000E+00    0.00000E+00
    1.70277E+05    5.72225E-08    0.00000E+00    0.00000E+00    0.00000E+00    0.00000E+00
    1.78343E+05    4.06838E-08    0.00000E+00    0.00000E+00    0.00000E+00    0.00000E+00
    1.86791E+05    4.45719E-08    0.00000E+00    0.00000E+00    0.00000E+00    0.00000E+00
    1.95640E+05    1.21674E-07    0.00000E+00    0.00000E+00    0.00000E+00    0.00000E+00
    2.04907E+05    1.11573E-07    0.00000E+00    0.00000E+00    0.00000E+00    0.00000E+00
    2.14614E+05    1.53329E-07    0.00000E+00    0.00000E+00    0.00000E+00    0.00000E+00
    2.24781E+05    2.12539E-07    0.00000E+00    0.00000E+00    0.00000E+00    0.00000E+00
    2.35429E+05    3.23588E-07    0.00000E+00    0.00000E+00    0.00000E+00    0.00000E+00
    2.46581E+05    2.20545E-07    0.00000E+00    0.00000E+00    0.00000E+00    0.00000E+00
    2.58262E+05    3.37022E-07    0.00000E+00    0.00000E+00    0.00000E+00    0.00000E+00
    2.70496E+05    2.97005E-07    0.00000E+00    0.00000E+00    0.00000E+00    0.00000E+00
    2.83310E+05    3.85874E-07    0.00000E+00    0.00000E+00    0.00000E+00    0.00000E+00
    2.96730E+05    4.42599E-07    0.00000E+00    0.00000E+00    0.00000E+00    0.00000E+00
    3.10787E+05    3.88917E-07    0.00000E+00    0.00000E+00    0.00000E+00    0.00000E+00
    3.25509E+05    5.75464E-07    0.00000E+00    0.00000E+00    0.00000E+00    0.00000E+00
    3.40929E+05    5.54349E-07    0.00000E+00    0.00000E+00    0.00000E+00    0.00000E+00
    3.57078E+05    5.44780E-07    0.00000E+00    0.00000E+00    0.00000E+00    0.00000E+00
    3.73994E+05    6.29096E-07    0.00000E+00    0.00000E+00    0.00000E+00    0.00000E+00
    3.91710E+05    6.48496E-07    0.00000E+00    0.00000E+00    0.00000E+00    0.00000E+00
    4.10266E+05    5.68236E-07    0.00000E+00    0.00000E+00    0.00000E+00    0.00000E+00
    4.29700E+05    6.32385E-07    0.00000E+00    0.00000E+00    0.00000E+00    0.00000E+00
    4.50056E+05    5.64273E-07    0.00000E+00    0.00000E+00    0.00000E+00    0.00000E+00
    4.71375E+05    6.22594E-07    0.00000E+00    0.00000E+00    0.00000E+00    0.00000E+00
    4.93705E+05    5.95103E-07    0.00000E+00    0.00000E+00    0.00000E+00    0.00000E+00
    5.17092E+05    5.74675E-07    0.00000E+00    0.00000E+00    0.00000E+00    0.00000E+00
    5.41587E+05    5.63184E-07    0.00000E+00    0.00000E+00    0.00000E+00    0.00000E+00
    5.67243E+05    5.53032E-07    0.00000E+00    0.00000E+00    0.00000E+00    0.00000E+00
    5.94113E+05    4.96242E-07    0.00000E+00    0.00000E+00    0.00000E+00    0.00000E+00
    6.22257E+05    4.85313E-07    0.00000E+00    0.00000E+00    0.00000E+00    0.00000E+00
    6.51734E+05    4.18238E-07    0.00000E+00    0.00000E+00    0.00000E+00    0.00000E+00
    6.82607E+05    3.96599E-07    0.00000E+00    0.00000E+00    0.00000E+00    0.00000E+00
    7.14943E+05    3.59487E-07    0.00000E+00    0.00000E+00    0.00000E+00    0.00000E+00
    7.48810E+05    3.41325E-07    0.00000E+00    0.00000E+00    0.00000E+00    0.00000E+00
    7.84282E+05    3.29240E-07    0.00000E+00    0.00000E+00    0.00000E+00    0.00000E+00
    8.21434E+05    2.79442E-07    0.00000E+00    0.00000E+00    0.00000E+00    0.00000E+00
    8.60346E+05    2.67160E-07    0.00000E+00    0.00000E+00    0.00000E+00    0.00000E+00
    9.01102E+05    2.26558E-07    0.00000E+00    0.00000E+00    0.00000E+00    0.00000E+00
    9.43788E+05    2.05654E-07    0.00000E+00    0.00000E+00    0.00000E+00    0.00000E+00
    9.88496E+05    1.78114E-07    0.00000E+00    0.00000E+00    0.00000E+00    0.00000E+00
    1.03532E+06    1.61599E-07    0.00000E+00    0.00000E+00    0.00000E+00    0.00000E+00
    1.08437E+06    1.40177E-07    0.00000E+00    0.00000E+00    0.00000E+00    0.00000E+00
    1.13573E+06    1.23696E-07    0.00000E+00    0.00000E+00    0.00000E+00    0.00000E+00
    1.18953E+06    1.09650E-07    0.00000E+00    0.00000E+00    0.00000E+00    0.00000E+00
    1.24588E+06    9.66738E-08    0.00000E+00    0.00000E+00    0.00000E+00    0.00000E+00
    1.30490E+06    8.10320E-08    0.00000E+00    0.00000E+00    0.00000E+00    0.00000E+00
    1.36672E+06    7.15132E-08    0.00000E+00    0.00000E+00    0.00000E+00    0.00000E+00
    1.43146E+06    6.09656E-08    0.00000E+00    0.00000E+00    0.00000E+00    0.00000E+00
    1.49927E+06    5.36291E-08    0.00000E+00    0.00000E+00    0.00000E+00    0.00000E+00
    1.57029E+06    4.59596E-08    0.00000E+00    0.00000E+00    0.00000E+00    0.00000E+00
    1.64468E+06    3.87798E-08    0.00000E+00    0.00000E+00    0.00000E+00    0.00000E+00
    1.72259E+06    3.35819E-08    0.00000E+00    0.00000E+00    0.00000E+00    0.00000E+00
    1.80419E+06    2.85236E-08    0.00000E+00    0.00000E+00    0.00000E+00    0.00000E+00
    1.88965E+06    2.45151E-08    0.00000E+00    0.00000E+00    0.00000E+00    0.00000E+00
    1.97917E+06    2.09861E-08    0.00000E+00    0.00000E+00    0.00000E+00    0.00000E+00
    2.07292E+06    1.78628E-08    0.00000E+00    0.00000E+00    0.00000E+00    0.00000E+00
    2.17112E+06    1.53391E-08    0.00000E+00    0.00000E+00    0.00000E+00    0.00000E+00
    2.27397E+06    1.26229E-08    0.00000E+00    0.00000E+00    0.00000E+00    0.00000E+00
    2.38169E+06    1.08640E-08    0.00000E+00    0.00000E+00    0.00000E+00    0.00000E+00
    2.49451E+06    9.10926E-09    0.00000E+00    0.00000E+00    0.00000E+00    0.00000E+00
    2.61268E+06    7.64418E-09    0.00000E+00    0.00000E+00    0.00000E+00    0.00000E+00
    2.73644E+06    6.33861E-09    0.00000E+00    0.00000E+00    0.00000E+00    0.00000E+00
    2.86607E+06    5.42398E-09    0.00000E+00    0.00000E+00    0.00000E+00    0.00000E+00
    3.00184E+06    4.49008E-09    0.00000E+00    0.00000E+00    0.00000E+00    0.00000E+00
    3.14404E+06    3.71628E-09    0.00000E+00    0.00000E+00    0.00000E+00    0.00000E+00
    3.29297E+06    3.10903E-09    0.00000E+00    0.00000E+00    0.00000E+00    0.00000E+00
    3.44896E+06    2.58083E-09    0.00000E+00    0.00000E+00    0.00000E+00    0.00000E+00
    3.61234E+06    2.16275E-09    0.00000E+00    0.00000E+00    0.00000E+00    0.00000E+00
    3.78346E+06    1.76799E-09    0.00000E+00    0.00000E+00    0.00000E+00    0.00000E+00
    3.96269E+06    1.47858E-09    0.00000E+00    0.00000E+00    0.00000E+00    0.00000E+00
    4.15040E+06    1.21551E-09    0.00000E+00    0.00000E+00    0.00000E+00    0.00000E+00
    4.34701E+06    1.01453E-09    0.00000E+00    0.00000E+00    0.00000E+00    0.00000E+00
    4.55293E+06    8.34898E-10    0.00000E+00    0.00000E+00    0.00000E+00    0.00000E+00
    4.76861E+06    6.88426E-10    0.00000E+00    0.00000E+00    0.00000E+00    0.00000E+00
    4.99451E+06    5.63256E-10    0.00000E+00    0.00000E+00    0.00000E+00    0.00000E+00
    5.23110E+06    4.63751E-10    0.00000E+00    0.00000E+00    0.00000E+00    0.00000E+00
    5.47890E+06    3.76596E-10    0.00000E+00    0.00000E+00    0.00000E+00    0.00000E+00
    5.73844E+06    3.13934E-10    0.00000E+00    0.00000E+00    0.00000E+00    0.00000E+00
    6.01028E+06    2.51750E-10    0.00000E+00    0.00000E+00    0.00000E+00    0.00000E+00
    6.29499E+06    2.07310E-10    0.00000E+00    0.00000E+00    0.00000E+00    0.00000E+00
    6.59319E+06    1.69473E-10    0.00000E+00    0.00000E+00    0.00000E+00    0.00000E+00
    6.90551E+06    1.38016E-10    0.00000E+00    0.00000E+00    0.00000E+00    0.00000E+00
    7.23264E+06    1.12461E-10    0.00000E+00    0.00000E+00    0.00000E+00    0.00000E+00
    7.57525E+06    9.10417E-11    0.00000E+00    0.00000E+00    0.00000E+00    0.00000E+00
    7.93410E+06    7.41265E-11    0.00000E+00    0.00000E+00    0.00000E+00    0.00000E+00
    8.30994E+06    6.04707E-11    0.00000E+00    0.00000E+00    0.00000E+00    0.00000E+00
    8.70359E+06    4.88652E-11    0.00000E+00    0.00000E+00    0.00000E+00    0.00000E+00
    9.11589E+06    3.93905E-11    0.00000E+00    0.00000E+00    0.00000E+00    0.00000E+00
    9.54771E+06    3.19814E-11    0.00000E+00    0.00000E+00    0.00000E+00    0.00000E+00
    1.00000E+07    2.58371E-11    0.00000E+00    0.00000E+00    0.00000E+00    0.00000E+00
