 # Columns are: Lambda (Angstroms) and Flux (Flux * lambda) (ergs/s/cm^2)
    1.00000E+03    0.00000E+00    0.00000E+00    0.00000E+00    0.00000E+00    0.00000E+00
    1.04737E+03    0.00000E+00    0.00000E+00    0.00000E+00    0.00000E+00    0.00000E+00
    1.09699E+03    0.00000E+00    0.00000E+00    0.00000E+00    0.00000E+00    0.00000E+00
    1.14895E+03    0.00000E+00    0.00000E+00    0.00000E+00    0.00000E+00    0.00000E+00
    1.20338E+03    0.00000E+00    0.00000E+00    0.00000E+00    0.00000E+00    0.00000E+00
    1.26038E+03    0.00000E+00    0.00000E+00    0.00000E+00    0.00000E+00    0.00000E+00
    1.32009E+03    0.00000E+00    0.00000E+00    0.00000E+00    0.00000E+00    0.00000E+00
    1.38262E+03    0.00000E+00    0.00000E+00    0.00000E+00    0.00000E+00    0.00000E+00
    1.44812E+03    0.00000E+00    0.00000E+00    0.00000E+00    0.00000E+00    0.00000E+00
    1.51672E+03    0.00000E+00    0.00000E+00    0.00000E+00    0.00000E+00    0.00000E+00
    1.58857E+03    0.00000E+00    0.00000E+00    0.00000E+00    0.00000E+00    0.00000E+00
    1.66382E+03    0.00000E+00    0.00000E+00    0.00000E+00    0.00000E+00    0.00000E+00
    1.74263E+03    0.00000E+00    0.00000E+00    0.00000E+00    0.00000E+00    0.00000E+00
    1.82518E+03    0.00000E+00    0.00000E+00    0.00000E+00    0.00000E+00    0.00000E+00
    1.91164E+03    0.00000E+00    0.00000E+00    0.00000E+00    0.00000E+00    0.00000E+00
    2.00220E+03    0.00000E+00    0.00000E+00    0.00000E+00    0.00000E+00    0.00000E+00
    2.09705E+03    0.00000E+00    0.00000E+00    0.00000E+00    0.00000E+00    0.00000E+00
    2.19639E+03    0.00000E+00    0.00000E+00    0.00000E+00    0.00000E+00    0.00000E+00
    2.30043E+03    0.00000E+00    0.00000E+00    0.00000E+00    0.00000E+00    0.00000E+00
    2.40940E+03    0.00000E+00    0.00000E+00    0.00000E+00    0.00000E+00    0.00000E+00
    2.52354E+03    0.00000E+00    0.00000E+00    0.00000E+00    0.00000E+00    0.00000E+00
    2.64308E+03    0.00000E+00    0.00000E+00    0.00000E+00    0.00000E+00    0.00000E+00
    2.76829E+03    0.00000E+00    0.00000E+00    0.00000E+00    0.00000E+00    0.00000E+00
    2.89942E+03    0.00000E+00    0.00000E+00    0.00000E+00    0.00000E+00    0.00000E+00
    3.03677E+03    0.00000E+00    0.00000E+00    0.00000E+00    0.00000E+00    0.00000E+00
    3.18063E+03    0.00000E+00    0.00000E+00    0.00000E+00    0.00000E+00    0.00000E+00
    3.33129E+03    0.00000E+00    0.00000E+00    0.00000E+00    0.00000E+00    0.00000E+00
    3.48910E+03    0.00000E+00    0.00000E+00    0.00000E+00    0.00000E+00    0.00000E+00
    3.65438E+03    0.00000E+00    0.00000E+00    0.00000E+00    0.00000E+00    0.00000E+00
    3.82749E+03    0.00000E+00    0.00000E+00    0.00000E+00    0.00000E+00    0.00000E+00
    4.00881E+03    0.00000E+00    0.00000E+00    0.00000E+00    0.00000E+00    0.00000E+00
    4.19871E+03    0.00000E+00    0.00000E+00    0.00000E+00    0.00000E+00    0.00000E+00
    4.39760E+03    0.00000E+00    0.00000E+00    0.00000E+00    0.00000E+00    0.00000E+00
    4.60592E+03    0.00000E+00    0.00000E+00    0.00000E+00    0.00000E+00    0.00000E+00
    4.82411E+03    0.00000E+00    0.00000E+00    0.00000E+00    0.00000E+00    0.00000E+00
    5.05263E+03    0.00000E+00    0.00000E+00    0.00000E+00    0.00000E+00    0.00000E+00
    5.29198E+03    0.00000E+00    0.00000E+00    0.00000E+00    0.00000E+00    0.00000E+00
    5.54266E+03    0.00000E+00    0.00000E+00    0.00000E+00    0.00000E+00    0.00000E+00
    5.80523E+03    0.00000E+00    0.00000E+00    0.00000E+00    0.00000E+00    0.00000E+00
    6.08022E+03    0.00000E+00    0.00000E+00    0.00000E+00    0.00000E+00    0.00000E+00
    6.36825E+03    0.00000E+00    0.00000E+00    0.00000E+00    0.00000E+00    0.00000E+00
    6.66992E+03    0.00000E+00    0.00000E+00    0.00000E+00    0.00000E+00    0.00000E+00
    6.98588E+03    0.00000E+00    0.00000E+00    0.00000E+00    0.00000E+00    0.00000E+00
    7.31681E+03    0.00000E+00    0.00000E+00    0.00000E+00    0.00000E+00    0.00000E+00
    7.66341E+03    0.00000E+00    0.00000E+00    0.00000E+00    0.00000E+00    0.00000E+00
    8.02643E+03    0.00000E+00    0.00000E+00    0.00000E+00    0.00000E+00    0.00000E+00
    8.40665E+03    0.00000E+00    0.00000E+00    0.00000E+00    0.00000E+00    0.00000E+00
    8.80488E+03    3.91406E-42    0.00000E+00    0.00000E+00    0.00000E+00    0.00000E+00
    9.22198E+03    0.00000E+00    0.00000E+00    0.00000E+00    0.00000E+00    0.00000E+00
    9.65883E+03    7.12729E-35    0.00000E+00    0.00000E+00    0.00000E+00    0.00000E+00
    1.01164E+04    5.36737E-30    0.00000E+00    0.00000E+00    0.00000E+00    0.00000E+00
    1.05956E+04    8.47931E-29    0.00000E+00    0.00000E+00    0.00000E+00    0.00000E+00
    1.10975E+04    7.34055E-26    0.00000E+00    0.00000E+00    0.00000E+00    0.00000E+00
    1.16232E+04    3.94538E-21    0.00000E+00    0.00000E+00    0.00000E+00    0.00000E+00
    1.21738E+04    1.37647E-21    0.00000E+00    0.00000E+00    0.00000E+00    0.00000E+00
    1.27505E+04    4.48433E-20    0.00000E+00    0.00000E+00    0.00000E+00    0.00000E+00
    1.33545E+04    2.88625E-18    0.00000E+00    0.00000E+00    0.00000E+00    0.00000E+00
    1.39871E+04    7.92806E-17    0.00000E+00    0.00000E+00    0.00000E+00    0.00000E+00
    1.46497E+04    1.16030E-15    0.00000E+00    0.00000E+00    0.00000E+00    0.00000E+00
    1.53437E+04    3.81679E-14    0.00000E+00    0.00000E+00    0.00000E+00    0.00000E+00
    1.60705E+04    7.92139E-14    0.00000E+00    0.00000E+00    0.00000E+00    0.00000E+00
    1.68318E+04    9.56900E-13    0.00000E+00    0.00000E+00    0.00000E+00    0.00000E+00
    1.76291E+04    2.16616E-12    0.00000E+00    0.00000E+00    0.00000E+00    0.00000E+00
    1.84642E+04    1.21612E-11    0.00000E+00    0.00000E+00    0.00000E+00    0.00000E+00
    1.93389E+04    3.22227E-11    0.00000E+00    0.00000E+00    0.00000E+00    0.00000E+00
    2.02550E+04    9.65559E-11    0.00000E+00    0.00000E+00    0.00000E+00    0.00000E+00
    2.12145E+04    2.62710E-10    0.00000E+00    0.00000E+00    0.00000E+00    0.00000E+00
    2.22195E+04    8.46271E-10    0.00000E+00    0.00000E+00    0.00000E+00    0.00000E+00
    2.32720E+04    1.23889E-09    0.00000E+00    0.00000E+00    0.00000E+00    0.00000E+00
    2.43744E+04    2.94662E-09    0.00000E+00    0.00000E+00    0.00000E+00    0.00000E+00
    2.55291E+04    5.35851E-09    0.00000E+00    0.00000E+00    0.00000E+00    0.00000E+00
    2.67384E+04    9.33916E-09    0.00000E+00    0.00000E+00    0.00000E+00    0.00000E+00
    2.80050E+04    1.46061E-08    0.00000E+00    0.00000E+00    0.00000E+00    0.00000E+00
    2.93317E+04    2.36367E-08    0.00000E+00    0.00000E+00    0.00000E+00    0.00000E+00
    3.07211E+04    4.02164E-08    0.00000E+00    0.00000E+00    0.00000E+00    0.00000E+00
    3.21764E+04    4.12366E-08    0.00000E+00    0.00000E+00    0.00000E+00    0.00000E+00
    3.37006E+04    6.32008E-08    0.00000E+00    0.00000E+00    0.00000E+00    0.00000E+00
    3.52971E+04    8.42878E-08    0.00000E+00    0.00000E+00    0.00000E+00    0.00000E+00
    3.69691E+04    1.15699E-07    0.00000E+00    0.00000E+00    0.00000E+00    0.00000E+00
    3.87204E+04    1.61495E-07    0.00000E+00    0.00000E+00    0.00000E+00    0.00000E+00
    4.05546E+04    2.03969E-07    0.00000E+00    0.00000E+00    0.00000E+00    0.00000E+00
    4.24757E+04    2.47965E-07    0.00000E+00    0.00000E+00    0.00000E+00    0.00000E+00
    4.44878E+04    3.01601E-07    0.00000E+00    0.00000E+00    0.00000E+00    0.00000E+00
    4.65953E+04    3.50983E-07    0.00000E+00    0.00000E+00    0.00000E+00    0.00000E+00
    4.88025E+04    4.65290E-07    0.00000E+00    0.00000E+00    0.00000E+00    0.00000E+00
    5.11143E+04    5.28804E-07    0.00000E+00    0.00000E+00    0.00000E+00    0.00000E+00
    5.35357E+04    5.51555E-07    0.00000E+00    0.00000E+00    0.00000E+00    0.00000E+00
    5.60717E+04    6.29761E-07    0.00000E+00    0.00000E+00    0.00000E+00    0.00000E+00
    5.87279E+04    6.62508E-07    0.00000E+00    0.00000E+00    0.00000E+00    0.00000E+00
    6.15099E+04    6.13176E-07    0.00000E+00    0.00000E+00    0.00000E+00    0.00000E+00
    6.44236E+04    7.65126E-07    0.00000E+00    0.00000E+00    0.00000E+00    0.00000E+00
    6.74754E+04    7.04519E-07    0.00000E+00    0.00000E+00    0.00000E+00    0.00000E+00
    7.06718E+04    7.31293E-07    0.00000E+00    0.00000E+00    0.00000E+00    0.00000E+00
    7.40196E+04    6.10684E-07    0.00000E+00    0.00000E+00    0.00000E+00    0.00000E+00
    7.75260E+04    1.19676E-07    0.00000E+00    0.00000E+00    0.00000E+00    0.00000E+00
    8.11984E+04    5.99879E-09    0.00000E+00    0.00000E+00    0.00000E+00    0.00000E+00
    8.50449E+04    2.42297E-10    0.00000E+00    0.00000E+00    0.00000E+00    0.00000E+00
    8.90735E+04    5.36075E-12    0.00000E+00    0.00000E+00    0.00000E+00    0.00000E+00
    9.32930E+04    5.20851E-12    0.00000E+00    0.00000E+00    0.00000E+00    0.00000E+00
    9.77124E+04    5.89443E-13    0.00000E+00    0.00000E+00    0.00000E+00    0.00000E+00
    1.02341E+05    3.47082E-12    0.00000E+00    0.00000E+00    0.00000E+00    0.00000E+00
    1.07189E+05    9.79819E-12    0.00000E+00    0.00000E+00    0.00000E+00    0.00000E+00
    1.12267E+05    1.66663E-10    0.00000E+00    0.00000E+00    0.00000E+00    0.00000E+00
    1.17585E+05    1.03171E-09    0.00000E+00    0.00000E+00    0.00000E+00    0.00000E+00
    1.23155E+05    3.60810E-09    0.00000E+00    0.00000E+00    0.00000E+00    0.00000E+00
    1.28989E+05    1.58420E-08    0.00000E+00    0.00000E+00    0.00000E+00    0.00000E+00
    1.35099E+05    3.91558E-08    0.00000E+00    0.00000E+00    0.00000E+00    0.00000E+00
    1.41499E+05    7.13998E-08    0.00000E+00    0.00000E+00    0.00000E+00    0.00000E+00
    1.48202E+05    5.83978E-08    0.00000E+00    0.00000E+00    0.00000E+00    0.00000E+00
    1.55222E+05    2.76569E-08    0.00000E+00    0.00000E+00    0.00000E+00    0.00000E+00
    1.62576E+05    1.43505E-08    0.00000E+00    0.00000E+00    0.00000E+00    0.00000E+00
    1.70277E+05    8.75546E-09    0.00000E+00    0.00000E+00    0.00000E+00    0.00000E+00
    1.78343E+05    7.58575E-09    0.00000E+00    0.00000E+00    0.00000E+00    0.00000E+00
    1.86791E+05    1.49573E-08    0.00000E+00    0.00000E+00    0.00000E+00    0.00000E+00
    1.95640E+05    3.18791E-08    0.00000E+00    0.00000E+00    0.00000E+00    0.00000E+00
    2.04907E+05    1.80954E-08    0.00000E+00    0.00000E+00    0.00000E+00    0.00000E+00
    2.14614E+05    5.87758E-08    0.00000E+00    0.00000E+00    0.00000E+00    0.00000E+00
    2.24781E+05    5.87774E-08    0.00000E+00    0.00000E+00    0.00000E+00    0.00000E+00
    2.35429E+05    1.05265E-07    0.00000E+00    0.00000E+00    0.00000E+00    0.00000E+00
    2.46581E+05    1.70251E-07    0.00000E+00    0.00000E+00    0.00000E+00    0.00000E+00
    2.58262E+05    2.09974E-07    0.00000E+00    0.00000E+00    0.00000E+00    0.00000E+00
    2.70496E+05    3.16359E-07    0.00000E+00    0.00000E+00    0.00000E+00    0.00000E+00
    2.83310E+05    3.45041E-07    0.00000E+00    0.00000E+00    0.00000E+00    0.00000E+00
    2.96730E+05    3.97662E-07    0.00000E+00    0.00000E+00    0.00000E+00    0.00000E+00
    3.10787E+05    5.10035E-07    0.00000E+00    0.00000E+00    0.00000E+00    0.00000E+00
    3.25509E+05    6.65438E-07    0.00000E+00    0.00000E+00    0.00000E+00    0.00000E+00
    3.40929E+05    6.01179E-07    0.00000E+00    0.00000E+00    0.00000E+00    0.00000E+00
    3.57078E+05    7.66205E-07    0.00000E+00    0.00000E+00    0.00000E+00    0.00000E+00
    3.73994E+05    8.17257E-07    0.00000E+00    0.00000E+00    0.00000E+00    0.00000E+00
    3.91710E+05    9.13151E-07    0.00000E+00    0.00000E+00    0.00000E+00    0.00000E+00
    4.10266E+05    9.80030E-07    0.00000E+00    0.00000E+00    0.00000E+00    0.00000E+00
    4.29700E+05    1.05028E-06    0.00000E+00    0.00000E+00    0.00000E+00    0.00000E+00
    4.50056E+05    1.08106E-06    0.00000E+00    0.00000E+00    0.00000E+00    0.00000E+00
    4.71375E+05    1.17595E-06    0.00000E+00    0.00000E+00    0.00000E+00    0.00000E+00
    4.93705E+05    1.12964E-06    0.00000E+00    0.00000E+00    0.00000E+00    0.00000E+00
    5.17092E+05    1.13035E-06    0.00000E+00    0.00000E+00    0.00000E+00    0.00000E+00
    5.41587E+05    1.14091E-06    0.00000E+00    0.00000E+00    0.00000E+00    0.00000E+00
    5.67243E+05    1.11066E-06    0.00000E+00    0.00000E+00    0.00000E+00    0.00000E+00
    5.94113E+05    1.05307E-06    0.00000E+00    0.00000E+00    0.00000E+00    0.00000E+00
    6.22257E+05    1.00377E-06    0.00000E+00    0.00000E+00    0.00000E+00    0.00000E+00
    6.51734E+05    9.89394E-07    0.00000E+00    0.00000E+00    0.00000E+00    0.00000E+00
    6.82607E+05    9.46668E-07    0.00000E+00    0.00000E+00    0.00000E+00    0.00000E+00
    7.14943E+05    8.87713E-07    0.00000E+00    0.00000E+00    0.00000E+00    0.00000E+00
    7.48810E+05    8.02633E-07    0.00000E+00    0.00000E+00    0.00000E+00    0.00000E+00
    7.84282E+05    7.51958E-07    0.00000E+00    0.00000E+00    0.00000E+00    0.00000E+00
    8.21434E+05    6.81599E-07    0.00000E+00    0.00000E+00    0.00000E+00    0.00000E+00
    8.60346E+05    6.08637E-07    0.00000E+00    0.00000E+00    0.00000E+00    0.00000E+00
    9.01102E+05    5.54394E-07    0.00000E+00    0.00000E+00    0.00000E+00    0.00000E+00
    9.43788E+05    4.96474E-07    0.00000E+00    0.00000E+00    0.00000E+00    0.00000E+00
    9.88496E+05    4.35144E-07    0.00000E+00    0.00000E+00    0.00000E+00    0.00000E+00
    1.03532E+06    3.88115E-07    0.00000E+00    0.00000E+00    0.00000E+00    0.00000E+00
    1.08437E+06    3.44904E-07    0.00000E+00    0.00000E+00    0.00000E+00    0.00000E+00
    1.13573E+06    3.01610E-07    0.00000E+00    0.00000E+00    0.00000E+00    0.00000E+00
    1.18953E+06    2.63113E-07    0.00000E+00    0.00000E+00    0.00000E+00    0.00000E+00
    1.24588E+06    2.28664E-07    0.00000E+00    0.00000E+00    0.00000E+00    0.00000E+00
    1.30490E+06    1.99652E-07    0.00000E+00    0.00000E+00    0.00000E+00    0.00000E+00
    1.36672E+06    1.69836E-07    0.00000E+00    0.00000E+00    0.00000E+00    0.00000E+00
    1.43146E+06    1.45581E-07    0.00000E+00    0.00000E+00    0.00000E+00    0.00000E+00
    1.49927E+06    1.23926E-07    0.00000E+00    0.00000E+00    0.00000E+00    0.00000E+00
    1.57029E+06    1.05125E-07    0.00000E+00    0.00000E+00    0.00000E+00    0.00000E+00
    1.64468E+06    8.93132E-08    0.00000E+00    0.00000E+00    0.00000E+00    0.00000E+00
    1.72259E+06    7.60911E-08    0.00000E+00    0.00000E+00    0.00000E+00    0.00000E+00
    1.80419E+06    6.42524E-08    0.00000E+00    0.00000E+00    0.00000E+00    0.00000E+00
    1.88965E+06    5.31767E-08    0.00000E+00    0.00000E+00    0.00000E+00    0.00000E+00
    1.97917E+06    4.50288E-08    0.00000E+00    0.00000E+00    0.00000E+00    0.00000E+00
    2.07292E+06    3.74616E-08    0.00000E+00    0.00000E+00    0.00000E+00    0.00000E+00
    2.17112E+06    3.14741E-08    0.00000E+00    0.00000E+00    0.00000E+00    0.00000E+00
    2.27397E+06    2.63524E-08    0.00000E+00    0.00000E+00    0.00000E+00    0.00000E+00
    2.38169E+06    2.15488E-08    0.00000E+00    0.00000E+00    0.00000E+00    0.00000E+00
    2.49451E+06    1.79353E-08    0.00000E+00    0.00000E+00    0.00000E+00    0.00000E+00
    2.61268E+06    1.48312E-08    0.00000E+00    0.00000E+00    0.00000E+00    0.00000E+00
    2.73644E+06    1.21160E-08    0.00000E+00    0.00000E+00    0.00000E+00    0.00000E+00
    2.86607E+06    1.00079E-08    0.00000E+00    0.00000E+00    0.00000E+00    0.00000E+00
    3.00184E+06    8.27953E-09    0.00000E+00    0.00000E+00    0.00000E+00    0.00000E+00
    3.14404E+06    6.76286E-09    0.00000E+00    0.00000E+00    0.00000E+00    0.00000E+00
    3.29297E+06    5.52880E-09    0.00000E+00    0.00000E+00    0.00000E+00    0.00000E+00
    3.44896E+06    4.50918E-09    0.00000E+00    0.00000E+00    0.00000E+00    0.00000E+00
    3.61234E+06    3.67495E-09    0.00000E+00    0.00000E+00    0.00000E+00    0.00000E+00
    3.78346E+06    3.00428E-09    0.00000E+00    0.00000E+00    0.00000E+00    0.00000E+00
    3.96269E+06    2.43662E-09    0.00000E+00    0.00000E+00    0.00000E+00    0.00000E+00
    4.15040E+06    1.96876E-09    0.00000E+00    0.00000E+00    0.00000E+00    0.00000E+00
    4.34701E+06    1.60054E-09    0.00000E+00    0.00000E+00    0.00000E+00    0.00000E+00
    4.55293E+06    1.29252E-09    0.00000E+00    0.00000E+00    0.00000E+00    0.00000E+00
    4.76861E+06    1.04605E-09    0.00000E+00    0.00000E+00    0.00000E+00    0.00000E+00
    4.99451E+06    8.41663E-10    0.00000E+00    0.00000E+00    0.00000E+00    0.00000E+00
    5.23110E+06    6.80722E-10    0.00000E+00    0.00000E+00    0.00000E+00    0.00000E+00
    5.47890E+06    5.48715E-10    0.00000E+00    0.00000E+00    0.00000E+00    0.00000E+00
    5.73844E+06    4.41127E-10    0.00000E+00    0.00000E+00    0.00000E+00    0.00000E+00
    6.01028E+06    3.53947E-10    0.00000E+00    0.00000E+00    0.00000E+00    0.00000E+00
    6.29499E+06    2.83382E-10    0.00000E+00    0.00000E+00    0.00000E+00    0.00000E+00
    6.59319E+06    2.27969E-10    0.00000E+00    0.00000E+00    0.00000E+00    0.00000E+00
    6.90551E+06    1.83333E-10    0.00000E+00    0.00000E+00    0.00000E+00    0.00000E+00
    7.23264E+06    1.45782E-10    0.00000E+00    0.00000E+00    0.00000E+00    0.00000E+00
    7.57525E+06    1.17318E-10    0.00000E+00    0.00000E+00    0.00000E+00    0.00000E+00
    7.93410E+06    9.37494E-11    0.00000E+00    0.00000E+00    0.00000E+00    0.00000E+00
    8.30994E+06    7.53108E-11    0.00000E+00    0.00000E+00    0.00000E+00    0.00000E+00
    8.70359E+06    6.03335E-11    0.00000E+00    0.00000E+00    0.00000E+00    0.00000E+00
    9.11589E+06    4.79199E-11    0.00000E+00    0.00000E+00    0.00000E+00    0.00000E+00
    9.54771E+06    3.85042E-11    0.00000E+00    0.00000E+00    0.00000E+00    0.00000E+00
    1.00000E+07    3.06983E-11    0.00000E+00    0.00000E+00    0.00000E+00    0.00000E+00
