 # Columns are: Lambda (Angstroms) and Flux (Flux * lambda) (ergs/s/cm^2)
    1.00000E+03    0.00000E+00    0.00000E+00    0.00000E+00    0.00000E+00    0.00000E+00
    1.04737E+03    0.00000E+00    0.00000E+00    0.00000E+00    0.00000E+00    0.00000E+00
    1.09699E+03    0.00000E+00    0.00000E+00    0.00000E+00    0.00000E+00    0.00000E+00
    1.14895E+03    0.00000E+00    0.00000E+00    0.00000E+00    0.00000E+00    0.00000E+00
    1.20338E+03    0.00000E+00    0.00000E+00    0.00000E+00    0.00000E+00    0.00000E+00
    1.26038E+03    0.00000E+00    0.00000E+00    0.00000E+00    0.00000E+00    0.00000E+00
    1.32009E+03    0.00000E+00    0.00000E+00    0.00000E+00    0.00000E+00    0.00000E+00
    1.38262E+03    0.00000E+00    0.00000E+00    0.00000E+00    0.00000E+00    0.00000E+00
    1.44812E+03    0.00000E+00    0.00000E+00    0.00000E+00    0.00000E+00    0.00000E+00
    1.51672E+03    0.00000E+00    0.00000E+00    0.00000E+00    0.00000E+00    0.00000E+00
    1.58857E+03    0.00000E+00    0.00000E+00    0.00000E+00    0.00000E+00    0.00000E+00
    1.66382E+03    0.00000E+00    0.00000E+00    0.00000E+00    0.00000E+00    0.00000E+00
    1.74263E+03    0.00000E+00    0.00000E+00    0.00000E+00    0.00000E+00    0.00000E+00
    1.82518E+03    0.00000E+00    0.00000E+00    0.00000E+00    0.00000E+00    0.00000E+00
    1.91164E+03    0.00000E+00    0.00000E+00    0.00000E+00    0.00000E+00    0.00000E+00
    2.00220E+03    0.00000E+00    0.00000E+00    0.00000E+00    0.00000E+00    0.00000E+00
    2.09705E+03    0.00000E+00    0.00000E+00    0.00000E+00    0.00000E+00    0.00000E+00
    2.19639E+03    0.00000E+00    0.00000E+00    0.00000E+00    0.00000E+00    0.00000E+00
    2.30043E+03    0.00000E+00    0.00000E+00    0.00000E+00    0.00000E+00    0.00000E+00
    2.40940E+03    0.00000E+00    0.00000E+00    0.00000E+00    0.00000E+00    0.00000E+00
    2.52354E+03    0.00000E+00    0.00000E+00    0.00000E+00    0.00000E+00    0.00000E+00
    2.64308E+03    0.00000E+00    0.00000E+00    0.00000E+00    0.00000E+00    0.00000E+00
    2.76829E+03    0.00000E+00    0.00000E+00    0.00000E+00    0.00000E+00    0.00000E+00
    2.89942E+03    0.00000E+00    0.00000E+00    0.00000E+00    0.00000E+00    0.00000E+00
    3.03677E+03    0.00000E+00    0.00000E+00    0.00000E+00    0.00000E+00    0.00000E+00
    3.18063E+03    0.00000E+00    0.00000E+00    0.00000E+00    0.00000E+00    0.00000E+00
    3.33129E+03    0.00000E+00    0.00000E+00    0.00000E+00    0.00000E+00    0.00000E+00
    3.48910E+03    0.00000E+00    0.00000E+00    0.00000E+00    0.00000E+00    0.00000E+00
    3.65438E+03    0.00000E+00    0.00000E+00    0.00000E+00    0.00000E+00    0.00000E+00
    3.82749E+03    0.00000E+00    0.00000E+00    0.00000E+00    0.00000E+00    0.00000E+00
    4.00881E+03    0.00000E+00    0.00000E+00    0.00000E+00    0.00000E+00    0.00000E+00
    4.19871E+03    0.00000E+00    0.00000E+00    0.00000E+00    0.00000E+00    0.00000E+00
    4.39760E+03    0.00000E+00    0.00000E+00    0.00000E+00    0.00000E+00    0.00000E+00
    4.60592E+03    0.00000E+00    0.00000E+00    0.00000E+00    0.00000E+00    0.00000E+00
    4.82411E+03    0.00000E+00    0.00000E+00    0.00000E+00    0.00000E+00    0.00000E+00
    5.05263E+03    0.00000E+00    0.00000E+00    0.00000E+00    0.00000E+00    0.00000E+00
    5.29198E+03    0.00000E+00    0.00000E+00    0.00000E+00    0.00000E+00    0.00000E+00
    5.54266E+03    0.00000E+00    0.00000E+00    0.00000E+00    0.00000E+00    0.00000E+00
    5.80523E+03    7.88000E-48    0.00000E+00    0.00000E+00    0.00000E+00    0.00000E+00
    6.08022E+03    7.69313E-46    0.00000E+00    0.00000E+00    0.00000E+00    0.00000E+00
    6.36825E+03    2.27699E-42    0.00000E+00    0.00000E+00    0.00000E+00    0.00000E+00
    6.66992E+03    2.88128E-39    0.00000E+00    0.00000E+00    0.00000E+00    0.00000E+00
    6.98588E+03    3.84667E-35    0.00000E+00    0.00000E+00    0.00000E+00    0.00000E+00
    7.31681E+03    5.21368E-32    0.00000E+00    0.00000E+00    0.00000E+00    0.00000E+00
    7.66341E+03    1.61153E-29    0.00000E+00    0.00000E+00    0.00000E+00    0.00000E+00
    8.02643E+03    3.15756E-27    0.00000E+00    0.00000E+00    0.00000E+00    0.00000E+00
    8.40665E+03    2.47257E-24    0.00000E+00    0.00000E+00    0.00000E+00    0.00000E+00
    8.80488E+03    1.95650E-22    0.00000E+00    0.00000E+00    0.00000E+00    0.00000E+00
    9.22198E+03    2.46979E-20    0.00000E+00    0.00000E+00    0.00000E+00    0.00000E+00
    9.65883E+03    3.29001E-19    0.00000E+00    0.00000E+00    0.00000E+00    0.00000E+00
    1.01164E+04    1.50625E-17    0.00000E+00    0.00000E+00    0.00000E+00    0.00000E+00
    1.05956E+04    4.27924E-16    0.00000E+00    0.00000E+00    0.00000E+00    0.00000E+00
    1.10975E+04    5.71935E-15    0.00000E+00    0.00000E+00    0.00000E+00    0.00000E+00
    1.16232E+04    5.72353E-14    0.00000E+00    0.00000E+00    0.00000E+00    0.00000E+00
    1.21738E+04    4.46116E-13    0.00000E+00    0.00000E+00    0.00000E+00    0.00000E+00
    1.27505E+04    1.33110E-11    0.00000E+00    0.00000E+00    0.00000E+00    0.00000E+00
    1.33545E+04    1.32116E-11    0.00000E+00    0.00000E+00    0.00000E+00    0.00000E+00
    1.39871E+04    5.14796E-11    0.00000E+00    0.00000E+00    0.00000E+00    0.00000E+00
    1.46497E+04    2.14096E-10    0.00000E+00    0.00000E+00    0.00000E+00    0.00000E+00
    1.53437E+04    4.57499E-10    0.00000E+00    0.00000E+00    0.00000E+00    0.00000E+00
    1.60705E+04    1.36620E-09    0.00000E+00    0.00000E+00    0.00000E+00    0.00000E+00
    1.68318E+04    2.72617E-09    0.00000E+00    0.00000E+00    0.00000E+00    0.00000E+00
    1.76291E+04    6.96156E-09    0.00000E+00    0.00000E+00    0.00000E+00    0.00000E+00
    1.84642E+04    1.19548E-08    0.00000E+00    0.00000E+00    0.00000E+00    0.00000E+00
    1.93389E+04    2.06426E-08    0.00000E+00    0.00000E+00    0.00000E+00    0.00000E+00
    2.02550E+04    3.38550E-08    0.00000E+00    0.00000E+00    0.00000E+00    0.00000E+00
    2.12145E+04    5.67123E-08    0.00000E+00    0.00000E+00    0.00000E+00    0.00000E+00
    2.22195E+04    7.76809E-08    0.00000E+00    0.00000E+00    0.00000E+00    0.00000E+00
    2.32720E+04    1.15957E-07    0.00000E+00    0.00000E+00    0.00000E+00    0.00000E+00
    2.43744E+04    1.49877E-07    0.00000E+00    0.00000E+00    0.00000E+00    0.00000E+00
    2.55291E+04    1.93479E-07    0.00000E+00    0.00000E+00    0.00000E+00    0.00000E+00
    2.67384E+04    2.73457E-07    0.00000E+00    0.00000E+00    0.00000E+00    0.00000E+00
    2.80050E+04    3.08459E-07    0.00000E+00    0.00000E+00    0.00000E+00    0.00000E+00
    2.93317E+04    3.96059E-07    0.00000E+00    0.00000E+00    0.00000E+00    0.00000E+00
    3.07211E+04    5.18695E-07    0.00000E+00    0.00000E+00    0.00000E+00    0.00000E+00
    3.21764E+04    6.01246E-07    0.00000E+00    0.00000E+00    0.00000E+00    0.00000E+00
    3.37006E+04    7.47234E-07    0.00000E+00    0.00000E+00    0.00000E+00    0.00000E+00
    3.52971E+04    8.59982E-07    0.00000E+00    0.00000E+00    0.00000E+00    0.00000E+00
    3.69691E+04    1.04622E-06    0.00000E+00    0.00000E+00    0.00000E+00    0.00000E+00
    3.87204E+04    1.09662E-06    0.00000E+00    0.00000E+00    0.00000E+00    0.00000E+00
    4.05546E+04    1.28893E-06    0.00000E+00    0.00000E+00    0.00000E+00    0.00000E+00
    4.24757E+04    1.35789E-06    0.00000E+00    0.00000E+00    0.00000E+00    0.00000E+00
    4.44878E+04    1.65923E-06    0.00000E+00    0.00000E+00    0.00000E+00    0.00000E+00
    4.65953E+04    1.70056E-06    0.00000E+00    0.00000E+00    0.00000E+00    0.00000E+00
    4.88025E+04    2.10141E-06    0.00000E+00    0.00000E+00    0.00000E+00    0.00000E+00
    5.11143E+04    2.12762E-06    0.00000E+00    0.00000E+00    0.00000E+00    0.00000E+00
    5.35357E+04    2.22542E-06    0.00000E+00    0.00000E+00    0.00000E+00    0.00000E+00
    5.60717E+04    2.38616E-06    0.00000E+00    0.00000E+00    0.00000E+00    0.00000E+00
    5.87279E+04    2.53994E-06    0.00000E+00    0.00000E+00    0.00000E+00    0.00000E+00
    6.15099E+04    2.54635E-06    0.00000E+00    0.00000E+00    0.00000E+00    0.00000E+00
    6.44236E+04    2.83078E-06    0.00000E+00    0.00000E+00    0.00000E+00    0.00000E+00
    6.74754E+04    2.84602E-06    0.00000E+00    0.00000E+00    0.00000E+00    0.00000E+00
    7.06718E+04    2.79757E-06    0.00000E+00    0.00000E+00    0.00000E+00    0.00000E+00
    7.40196E+04    2.46759E-06    0.00000E+00    0.00000E+00    0.00000E+00    0.00000E+00
    7.75260E+04    1.51897E-06    0.00000E+00    0.00000E+00    0.00000E+00    0.00000E+00
    8.11984E+04    4.16373E-07    0.00000E+00    0.00000E+00    0.00000E+00    0.00000E+00
    8.50449E+04    1.51260E-07    0.00000E+00    0.00000E+00    0.00000E+00    0.00000E+00
    8.90735E+04    4.82098E-08    0.00000E+00    0.00000E+00    0.00000E+00    0.00000E+00
    9.32930E+04    7.68244E-08    0.00000E+00    0.00000E+00    0.00000E+00    0.00000E+00
    9.77124E+04    3.04335E-08    0.00000E+00    0.00000E+00    0.00000E+00    0.00000E+00
    1.02341E+05    6.60165E-08    0.00000E+00    0.00000E+00    0.00000E+00    0.00000E+00
    1.07189E+05    1.26500E-07    0.00000E+00    0.00000E+00    0.00000E+00    0.00000E+00
    1.12267E+05    1.84764E-07    0.00000E+00    0.00000E+00    0.00000E+00    0.00000E+00
    1.17585E+05    2.92030E-07    0.00000E+00    0.00000E+00    0.00000E+00    0.00000E+00
    1.23155E+05    6.57271E-07    0.00000E+00    0.00000E+00    0.00000E+00    0.00000E+00
    1.28989E+05    8.28251E-07    0.00000E+00    0.00000E+00    0.00000E+00    0.00000E+00
    1.35099E+05    1.00417E-06    0.00000E+00    0.00000E+00    0.00000E+00    0.00000E+00
    1.41499E+05    1.12589E-06    0.00000E+00    0.00000E+00    0.00000E+00    0.00000E+00
    1.48202E+05    1.21129E-06    0.00000E+00    0.00000E+00    0.00000E+00    0.00000E+00
    1.55222E+05    1.14352E-06    0.00000E+00    0.00000E+00    0.00000E+00    0.00000E+00
    1.62576E+05    8.83964E-07    0.00000E+00    0.00000E+00    0.00000E+00    0.00000E+00
    1.70277E+05    8.33005E-07    0.00000E+00    0.00000E+00    0.00000E+00    0.00000E+00
    1.78343E+05    8.47649E-07    0.00000E+00    0.00000E+00    0.00000E+00    0.00000E+00
    1.86791E+05    8.42776E-07    0.00000E+00    0.00000E+00    0.00000E+00    0.00000E+00
    1.95640E+05    1.11503E-06    0.00000E+00    0.00000E+00    0.00000E+00    0.00000E+00
    2.04907E+05    1.13512E-06    0.00000E+00    0.00000E+00    0.00000E+00    0.00000E+00
    2.14614E+05    1.15332E-06    0.00000E+00    0.00000E+00    0.00000E+00    0.00000E+00
    2.24781E+05    1.37383E-06    0.00000E+00    0.00000E+00    0.00000E+00    0.00000E+00
    2.35429E+05    1.45951E-06    0.00000E+00    0.00000E+00    0.00000E+00    0.00000E+00
    2.46581E+05    1.58959E-06    0.00000E+00    0.00000E+00    0.00000E+00    0.00000E+00
    2.58262E+05    1.70504E-06    0.00000E+00    0.00000E+00    0.00000E+00    0.00000E+00
    2.70496E+05    1.81552E-06    0.00000E+00    0.00000E+00    0.00000E+00    0.00000E+00
    2.83310E+05    1.76702E-06    0.00000E+00    0.00000E+00    0.00000E+00    0.00000E+00
    2.96730E+05    1.77288E-06    0.00000E+00    0.00000E+00    0.00000E+00    0.00000E+00
    3.10787E+05    1.83326E-06    0.00000E+00    0.00000E+00    0.00000E+00    0.00000E+00
    3.25509E+05    2.04009E-06    0.00000E+00    0.00000E+00    0.00000E+00    0.00000E+00
    3.40929E+05    1.91903E-06    0.00000E+00    0.00000E+00    0.00000E+00    0.00000E+00
    3.57078E+05    1.91245E-06    0.00000E+00    0.00000E+00    0.00000E+00    0.00000E+00
    3.73994E+05    1.83505E-06    0.00000E+00    0.00000E+00    0.00000E+00    0.00000E+00
    3.91710E+05    1.77337E-06    0.00000E+00    0.00000E+00    0.00000E+00    0.00000E+00
    4.10266E+05    1.81499E-06    0.00000E+00    0.00000E+00    0.00000E+00    0.00000E+00
    4.29700E+05    1.68875E-06    0.00000E+00    0.00000E+00    0.00000E+00    0.00000E+00
    4.50056E+05    1.60460E-06    0.00000E+00    0.00000E+00    0.00000E+00    0.00000E+00
    4.71375E+05    1.62818E-06    0.00000E+00    0.00000E+00    0.00000E+00    0.00000E+00
    4.93705E+05    1.59293E-06    0.00000E+00    0.00000E+00    0.00000E+00    0.00000E+00
    5.17092E+05    1.43511E-06    0.00000E+00    0.00000E+00    0.00000E+00    0.00000E+00
    5.41587E+05    1.38803E-06    0.00000E+00    0.00000E+00    0.00000E+00    0.00000E+00
    5.67243E+05    1.29513E-06    0.00000E+00    0.00000E+00    0.00000E+00    0.00000E+00
    5.94113E+05    1.21535E-06    0.00000E+00    0.00000E+00    0.00000E+00    0.00000E+00
    6.22257E+05    1.12170E-06    0.00000E+00    0.00000E+00    0.00000E+00    0.00000E+00
    6.51734E+05    1.05964E-06    0.00000E+00    0.00000E+00    0.00000E+00    0.00000E+00
    6.82607E+05    9.92673E-07    0.00000E+00    0.00000E+00    0.00000E+00    0.00000E+00
    7.14943E+05    9.02670E-07    0.00000E+00    0.00000E+00    0.00000E+00    0.00000E+00
    7.48810E+05    8.05585E-07    0.00000E+00    0.00000E+00    0.00000E+00    0.00000E+00
    7.84282E+05    7.39287E-07    0.00000E+00    0.00000E+00    0.00000E+00    0.00000E+00
    8.21434E+05    6.75077E-07    0.00000E+00    0.00000E+00    0.00000E+00    0.00000E+00
    8.60346E+05    6.16377E-07    0.00000E+00    0.00000E+00    0.00000E+00    0.00000E+00
    9.01102E+05    5.46680E-07    0.00000E+00    0.00000E+00    0.00000E+00    0.00000E+00
    9.43788E+05    4.82571E-07    0.00000E+00    0.00000E+00    0.00000E+00    0.00000E+00
    9.88496E+05    4.32346E-07    0.00000E+00    0.00000E+00    0.00000E+00    0.00000E+00
    1.03532E+06    3.81010E-07    0.00000E+00    0.00000E+00    0.00000E+00    0.00000E+00
    1.08437E+06    3.30172E-07    0.00000E+00    0.00000E+00    0.00000E+00    0.00000E+00
    1.13573E+06    2.90533E-07    0.00000E+00    0.00000E+00    0.00000E+00    0.00000E+00
    1.18953E+06    2.49138E-07    0.00000E+00    0.00000E+00    0.00000E+00    0.00000E+00
    1.24588E+06    2.19901E-07    0.00000E+00    0.00000E+00    0.00000E+00    0.00000E+00
    1.30490E+06    1.89258E-07    0.00000E+00    0.00000E+00    0.00000E+00    0.00000E+00
    1.36672E+06    1.62883E-07    0.00000E+00    0.00000E+00    0.00000E+00    0.00000E+00
    1.43146E+06    1.37726E-07    0.00000E+00    0.00000E+00    0.00000E+00    0.00000E+00
    1.49927E+06    1.18009E-07    0.00000E+00    0.00000E+00    0.00000E+00    0.00000E+00
    1.57029E+06    1.01550E-07    0.00000E+00    0.00000E+00    0.00000E+00    0.00000E+00
    1.64468E+06    8.52576E-08    0.00000E+00    0.00000E+00    0.00000E+00    0.00000E+00
    1.72259E+06    7.22747E-08    0.00000E+00    0.00000E+00    0.00000E+00    0.00000E+00
    1.80419E+06    6.07747E-08    0.00000E+00    0.00000E+00    0.00000E+00    0.00000E+00
    1.88965E+06    5.12041E-08    0.00000E+00    0.00000E+00    0.00000E+00    0.00000E+00
    1.97917E+06    4.29468E-08    0.00000E+00    0.00000E+00    0.00000E+00    0.00000E+00
    2.07292E+06    3.58676E-08    0.00000E+00    0.00000E+00    0.00000E+00    0.00000E+00
    2.17112E+06    2.99857E-08    0.00000E+00    0.00000E+00    0.00000E+00    0.00000E+00
    2.27397E+06    2.49124E-08    0.00000E+00    0.00000E+00    0.00000E+00    0.00000E+00
    2.38169E+06    2.05346E-08    0.00000E+00    0.00000E+00    0.00000E+00    0.00000E+00
    2.49451E+06    1.71555E-08    0.00000E+00    0.00000E+00    0.00000E+00    0.00000E+00
    2.61268E+06    1.41317E-08    0.00000E+00    0.00000E+00    0.00000E+00    0.00000E+00
    2.73644E+06    1.16300E-08    0.00000E+00    0.00000E+00    0.00000E+00    0.00000E+00
    2.86607E+06    9.58317E-09    0.00000E+00    0.00000E+00    0.00000E+00    0.00000E+00
    3.00184E+06    7.87033E-09    0.00000E+00    0.00000E+00    0.00000E+00    0.00000E+00
    3.14404E+06    6.42711E-09    0.00000E+00    0.00000E+00    0.00000E+00    0.00000E+00
    3.29297E+06    5.25457E-09    0.00000E+00    0.00000E+00    0.00000E+00    0.00000E+00
    3.44896E+06    4.31829E-09    0.00000E+00    0.00000E+00    0.00000E+00    0.00000E+00
    3.61234E+06    3.50560E-09    0.00000E+00    0.00000E+00    0.00000E+00    0.00000E+00
    3.78346E+06    2.85581E-09    0.00000E+00    0.00000E+00    0.00000E+00    0.00000E+00
    3.96269E+06    2.30817E-09    0.00000E+00    0.00000E+00    0.00000E+00    0.00000E+00
    4.15040E+06    1.87814E-09    0.00000E+00    0.00000E+00    0.00000E+00    0.00000E+00
    4.34701E+06    1.52063E-09    0.00000E+00    0.00000E+00    0.00000E+00    0.00000E+00
    4.55293E+06    1.22940E-09    0.00000E+00    0.00000E+00    0.00000E+00    0.00000E+00
    4.76861E+06    9.95143E-10    0.00000E+00    0.00000E+00    0.00000E+00    0.00000E+00
    4.99451E+06    8.00454E-10    0.00000E+00    0.00000E+00    0.00000E+00    0.00000E+00
    5.23110E+06    6.47804E-10    0.00000E+00    0.00000E+00    0.00000E+00    0.00000E+00
    5.47890E+06    5.19746E-10    0.00000E+00    0.00000E+00    0.00000E+00    0.00000E+00
    5.73844E+06    4.18418E-10    0.00000E+00    0.00000E+00    0.00000E+00    0.00000E+00
    6.01028E+06    3.37113E-10    0.00000E+00    0.00000E+00    0.00000E+00    0.00000E+00
    6.29499E+06    2.69756E-10    0.00000E+00    0.00000E+00    0.00000E+00    0.00000E+00
    6.59319E+06    2.16622E-10    0.00000E+00    0.00000E+00    0.00000E+00    0.00000E+00
    6.90551E+06    1.73671E-10    0.00000E+00    0.00000E+00    0.00000E+00    0.00000E+00
    7.23264E+06    1.39694E-10    0.00000E+00    0.00000E+00    0.00000E+00    0.00000E+00
    7.57525E+06    1.12251E-10    0.00000E+00    0.00000E+00    0.00000E+00    0.00000E+00
    7.93410E+06    8.93318E-11    0.00000E+00    0.00000E+00    0.00000E+00    0.00000E+00
    8.30994E+06    7.15391E-11    0.00000E+00    0.00000E+00    0.00000E+00    0.00000E+00
    8.70359E+06    5.68826E-11    0.00000E+00    0.00000E+00    0.00000E+00    0.00000E+00
    9.11589E+06    4.57296E-11    0.00000E+00    0.00000E+00    0.00000E+00    0.00000E+00
    9.54771E+06    3.65050E-11    0.00000E+00    0.00000E+00    0.00000E+00    0.00000E+00
    1.00000E+07    2.91816E-11    0.00000E+00    0.00000E+00    0.00000E+00    0.00000E+00
