 # Columns are: Lambda (Angstroms) and Flux (Flux * lambda) (ergs/s/cm^2)
    1.00000E+03    0.00000E+00    0.00000E+00    0.00000E+00    0.00000E+00    0.00000E+00
    1.04737E+03    0.00000E+00    0.00000E+00    0.00000E+00    0.00000E+00    0.00000E+00
    1.09699E+03    0.00000E+00    0.00000E+00    0.00000E+00    0.00000E+00    0.00000E+00
    1.14895E+03    0.00000E+00    0.00000E+00    0.00000E+00    0.00000E+00    0.00000E+00
    1.20338E+03    0.00000E+00    0.00000E+00    0.00000E+00    0.00000E+00    0.00000E+00
    1.26038E+03    0.00000E+00    0.00000E+00    0.00000E+00    0.00000E+00    0.00000E+00
    1.32009E+03    0.00000E+00    0.00000E+00    0.00000E+00    0.00000E+00    0.00000E+00
    1.38262E+03    0.00000E+00    0.00000E+00    0.00000E+00    0.00000E+00    0.00000E+00
    1.44812E+03    0.00000E+00    0.00000E+00    0.00000E+00    0.00000E+00    0.00000E+00
    1.51672E+03    0.00000E+00    0.00000E+00    0.00000E+00    0.00000E+00    0.00000E+00
    1.58857E+03    0.00000E+00    0.00000E+00    0.00000E+00    0.00000E+00    0.00000E+00
    1.66382E+03    0.00000E+00    0.00000E+00    0.00000E+00    0.00000E+00    0.00000E+00
    1.74263E+03    0.00000E+00    0.00000E+00    0.00000E+00    0.00000E+00    0.00000E+00
    1.82518E+03    0.00000E+00    0.00000E+00    0.00000E+00    0.00000E+00    0.00000E+00
    1.91164E+03    0.00000E+00    0.00000E+00    0.00000E+00    0.00000E+00    0.00000E+00
    2.00220E+03    0.00000E+00    0.00000E+00    0.00000E+00    0.00000E+00    0.00000E+00
    2.09705E+03    0.00000E+00    0.00000E+00    0.00000E+00    0.00000E+00    0.00000E+00
    2.19639E+03    0.00000E+00    0.00000E+00    0.00000E+00    0.00000E+00    0.00000E+00
    2.30043E+03    0.00000E+00    0.00000E+00    0.00000E+00    0.00000E+00    0.00000E+00
    2.40940E+03    0.00000E+00    0.00000E+00    0.00000E+00    0.00000E+00    0.00000E+00
    2.52354E+03    0.00000E+00    0.00000E+00    0.00000E+00    0.00000E+00    0.00000E+00
    2.64308E+03    0.00000E+00    0.00000E+00    0.00000E+00    0.00000E+00    0.00000E+00
    2.76829E+03    0.00000E+00    0.00000E+00    0.00000E+00    0.00000E+00    0.00000E+00
    2.89942E+03    0.00000E+00    0.00000E+00    0.00000E+00    0.00000E+00    0.00000E+00
    3.03677E+03    0.00000E+00    0.00000E+00    0.00000E+00    0.00000E+00    0.00000E+00
    3.18063E+03    0.00000E+00    0.00000E+00    0.00000E+00    0.00000E+00    0.00000E+00
    3.33129E+03    0.00000E+00    0.00000E+00    0.00000E+00    0.00000E+00    0.00000E+00
    3.48910E+03    0.00000E+00    0.00000E+00    0.00000E+00    0.00000E+00    0.00000E+00
    3.65438E+03    0.00000E+00    0.00000E+00    0.00000E+00    0.00000E+00    0.00000E+00
    3.82749E+03    0.00000E+00    0.00000E+00    0.00000E+00    0.00000E+00    0.00000E+00
    4.00881E+03    0.00000E+00    0.00000E+00    0.00000E+00    0.00000E+00    0.00000E+00
    4.19871E+03    0.00000E+00    0.00000E+00    0.00000E+00    0.00000E+00    0.00000E+00
    4.39760E+03    0.00000E+00    0.00000E+00    0.00000E+00    0.00000E+00    0.00000E+00
    4.60592E+03    0.00000E+00    0.00000E+00    0.00000E+00    0.00000E+00    0.00000E+00
    4.82411E+03    0.00000E+00    0.00000E+00    0.00000E+00    0.00000E+00    0.00000E+00
    5.05263E+03    0.00000E+00    0.00000E+00    0.00000E+00    0.00000E+00    0.00000E+00
    5.29198E+03    0.00000E+00    0.00000E+00    0.00000E+00    0.00000E+00    0.00000E+00
    5.54266E+03    0.00000E+00    0.00000E+00    0.00000E+00    0.00000E+00    0.00000E+00
    5.80523E+03    0.00000E+00    0.00000E+00    0.00000E+00    0.00000E+00    0.00000E+00
    6.08022E+03    0.00000E+00    0.00000E+00    0.00000E+00    0.00000E+00    0.00000E+00
    6.36825E+03    0.00000E+00    0.00000E+00    0.00000E+00    0.00000E+00    0.00000E+00
    6.66992E+03    0.00000E+00    0.00000E+00    0.00000E+00    0.00000E+00    0.00000E+00
    6.98588E+03    0.00000E+00    0.00000E+00    0.00000E+00    0.00000E+00    0.00000E+00
    7.31681E+03    0.00000E+00    0.00000E+00    0.00000E+00    0.00000E+00    0.00000E+00
    7.66341E+03    0.00000E+00    0.00000E+00    0.00000E+00    0.00000E+00    0.00000E+00
    8.02643E+03    0.00000E+00    0.00000E+00    0.00000E+00    0.00000E+00    0.00000E+00
    8.40665E+03    0.00000E+00    0.00000E+00    0.00000E+00    0.00000E+00    0.00000E+00
    8.80488E+03    0.00000E+00    0.00000E+00    0.00000E+00    0.00000E+00    0.00000E+00
    9.22198E+03    1.80074E-38    0.00000E+00    0.00000E+00    0.00000E+00    0.00000E+00
    9.65883E+03    4.12803E-34    0.00000E+00    0.00000E+00    0.00000E+00    0.00000E+00
    1.01164E+04    1.44188E-30    0.00000E+00    0.00000E+00    0.00000E+00    0.00000E+00
    1.05956E+04    7.43414E-29    0.00000E+00    0.00000E+00    0.00000E+00    0.00000E+00
    1.10975E+04    8.94330E-26    0.00000E+00    0.00000E+00    0.00000E+00    0.00000E+00
    1.16232E+04    3.23912E-24    0.00000E+00    0.00000E+00    0.00000E+00    0.00000E+00
    1.21738E+04    1.15793E-21    0.00000E+00    0.00000E+00    0.00000E+00    0.00000E+00
    1.27505E+04    1.83484E-20    0.00000E+00    0.00000E+00    0.00000E+00    0.00000E+00
    1.33545E+04    3.13395E-18    0.00000E+00    0.00000E+00    0.00000E+00    0.00000E+00
    1.39871E+04    4.10935E-17    0.00000E+00    0.00000E+00    0.00000E+00    0.00000E+00
    1.46497E+04    7.93139E-16    0.00000E+00    0.00000E+00    0.00000E+00    0.00000E+00
    1.53437E+04    1.87901E-14    0.00000E+00    0.00000E+00    0.00000E+00    0.00000E+00
    1.60705E+04    4.59026E-14    0.00000E+00    0.00000E+00    0.00000E+00    0.00000E+00
    1.68318E+04    5.16695E-13    0.00000E+00    0.00000E+00    0.00000E+00    0.00000E+00
    1.76291E+04    5.74932E-12    0.00000E+00    0.00000E+00    0.00000E+00    0.00000E+00
    1.84642E+04    6.27170E-12    0.00000E+00    0.00000E+00    0.00000E+00    0.00000E+00
    1.93389E+04    3.42939E-11    0.00000E+00    0.00000E+00    0.00000E+00    0.00000E+00
    2.02550E+04    7.32611E-11    0.00000E+00    0.00000E+00    0.00000E+00    0.00000E+00
    2.12145E+04    3.45496E-10    0.00000E+00    0.00000E+00    0.00000E+00    0.00000E+00
    2.22195E+04    4.95592E-10    0.00000E+00    0.00000E+00    0.00000E+00    0.00000E+00
    2.32720E+04    1.49323E-09    0.00000E+00    0.00000E+00    0.00000E+00    0.00000E+00
    2.43744E+04    3.02426E-09    0.00000E+00    0.00000E+00    0.00000E+00    0.00000E+00
    2.55291E+04    5.27602E-09    0.00000E+00    0.00000E+00    0.00000E+00    0.00000E+00
    2.67384E+04    7.58931E-09    0.00000E+00    0.00000E+00    0.00000E+00    0.00000E+00
    2.80050E+04    1.30750E-08    0.00000E+00    0.00000E+00    0.00000E+00    0.00000E+00
    2.93317E+04    2.21826E-08    0.00000E+00    0.00000E+00    0.00000E+00    0.00000E+00
    3.07211E+04    3.21002E-08    0.00000E+00    0.00000E+00    0.00000E+00    0.00000E+00
    3.21764E+04    4.47960E-08    0.00000E+00    0.00000E+00    0.00000E+00    0.00000E+00
    3.37006E+04    6.02187E-08    0.00000E+00    0.00000E+00    0.00000E+00    0.00000E+00
    3.52971E+04    9.01984E-08    0.00000E+00    0.00000E+00    0.00000E+00    0.00000E+00
    3.69691E+04    1.18174E-07    0.00000E+00    0.00000E+00    0.00000E+00    0.00000E+00
    3.87204E+04    1.58543E-07    0.00000E+00    0.00000E+00    0.00000E+00    0.00000E+00
    4.05546E+04    1.94853E-07    0.00000E+00    0.00000E+00    0.00000E+00    0.00000E+00
    4.24757E+04    2.60502E-07    0.00000E+00    0.00000E+00    0.00000E+00    0.00000E+00
    4.44878E+04    3.14426E-07    0.00000E+00    0.00000E+00    0.00000E+00    0.00000E+00
    4.65953E+04    3.91840E-07    0.00000E+00    0.00000E+00    0.00000E+00    0.00000E+00
    4.88025E+04    4.31982E-07    0.00000E+00    0.00000E+00    0.00000E+00    0.00000E+00
    5.11143E+04    5.32554E-07    0.00000E+00    0.00000E+00    0.00000E+00    0.00000E+00
    5.35357E+04    6.18812E-07    0.00000E+00    0.00000E+00    0.00000E+00    0.00000E+00
    5.60717E+04    6.27531E-07    0.00000E+00    0.00000E+00    0.00000E+00    0.00000E+00
    5.87279E+04    7.00111E-07    0.00000E+00    0.00000E+00    0.00000E+00    0.00000E+00
    6.15099E+04    7.11582E-07    0.00000E+00    0.00000E+00    0.00000E+00    0.00000E+00
    6.44236E+04    6.90795E-07    0.00000E+00    0.00000E+00    0.00000E+00    0.00000E+00
    6.74754E+04    7.49237E-07    0.00000E+00    0.00000E+00    0.00000E+00    0.00000E+00
    7.06718E+04    7.15267E-07    0.00000E+00    0.00000E+00    0.00000E+00    0.00000E+00
    7.40196E+04    6.12852E-07    0.00000E+00    0.00000E+00    0.00000E+00    0.00000E+00
    7.75260E+04    1.53138E-07    0.00000E+00    0.00000E+00    0.00000E+00    0.00000E+00
    8.11984E+04    5.51924E-09    0.00000E+00    0.00000E+00    0.00000E+00    0.00000E+00
    8.50449E+04    2.71325E-10    0.00000E+00    0.00000E+00    0.00000E+00    0.00000E+00
    8.90735E+04    1.19131E-11    0.00000E+00    0.00000E+00    0.00000E+00    0.00000E+00
    9.32930E+04    1.48901E-13    0.00000E+00    0.00000E+00    0.00000E+00    0.00000E+00
    9.77124E+04    3.35475E-13    0.00000E+00    0.00000E+00    0.00000E+00    0.00000E+00
    1.02341E+05    5.29459E-12    0.00000E+00    0.00000E+00    0.00000E+00    0.00000E+00
    1.07189E+05    9.17184E-12    0.00000E+00    0.00000E+00    0.00000E+00    0.00000E+00
    1.12267E+05    1.56082E-10    0.00000E+00    0.00000E+00    0.00000E+00    0.00000E+00
    1.17585E+05    1.23778E-09    0.00000E+00    0.00000E+00    0.00000E+00    0.00000E+00
    1.23155E+05    5.03411E-09    0.00000E+00    0.00000E+00    0.00000E+00    0.00000E+00
    1.28989E+05    1.73794E-08    0.00000E+00    0.00000E+00    0.00000E+00    0.00000E+00
    1.35099E+05    5.94533E-08    0.00000E+00    0.00000E+00    0.00000E+00    0.00000E+00
    1.41499E+05    6.99652E-08    0.00000E+00    0.00000E+00    0.00000E+00    0.00000E+00
    1.48202E+05    6.71124E-08    0.00000E+00    0.00000E+00    0.00000E+00    0.00000E+00
    1.55222E+05    3.44240E-08    0.00000E+00    0.00000E+00    0.00000E+00    0.00000E+00
    1.62576E+05    2.18929E-08    0.00000E+00    0.00000E+00    0.00000E+00    0.00000E+00
    1.70277E+05    4.10623E-08    0.00000E+00    0.00000E+00    0.00000E+00    0.00000E+00
    1.78343E+05    2.99967E-08    0.00000E+00    0.00000E+00    0.00000E+00    0.00000E+00
    1.86791E+05    1.04822E-08    0.00000E+00    0.00000E+00    0.00000E+00    0.00000E+00
    1.95640E+05    4.87127E-08    0.00000E+00    0.00000E+00    0.00000E+00    0.00000E+00
    2.04907E+05    4.07219E-08    0.00000E+00    0.00000E+00    0.00000E+00    0.00000E+00
    2.14614E+05    8.17488E-08    0.00000E+00    0.00000E+00    0.00000E+00    0.00000E+00
    2.24781E+05    1.32662E-07    0.00000E+00    0.00000E+00    0.00000E+00    0.00000E+00
    2.35429E+05    1.30040E-07    0.00000E+00    0.00000E+00    0.00000E+00    0.00000E+00
    2.46581E+05    2.15017E-07    0.00000E+00    0.00000E+00    0.00000E+00    0.00000E+00
    2.58262E+05    2.37947E-07    0.00000E+00    0.00000E+00    0.00000E+00    0.00000E+00
    2.70496E+05    2.81483E-07    0.00000E+00    0.00000E+00    0.00000E+00    0.00000E+00
    2.83310E+05    3.13655E-07    0.00000E+00    0.00000E+00    0.00000E+00    0.00000E+00
    2.96730E+05    5.02702E-07    0.00000E+00    0.00000E+00    0.00000E+00    0.00000E+00
    3.10787E+05    5.79359E-07    0.00000E+00    0.00000E+00    0.00000E+00    0.00000E+00
    3.25509E+05    6.52795E-07    0.00000E+00    0.00000E+00    0.00000E+00    0.00000E+00
    3.40929E+05    7.66533E-07    0.00000E+00    0.00000E+00    0.00000E+00    0.00000E+00
    3.57078E+05    7.43194E-07    0.00000E+00    0.00000E+00    0.00000E+00    0.00000E+00
    3.73994E+05    9.45503E-07    0.00000E+00    0.00000E+00    0.00000E+00    0.00000E+00
    3.91710E+05    9.04020E-07    0.00000E+00    0.00000E+00    0.00000E+00    0.00000E+00
    4.10266E+05    1.02984E-06    0.00000E+00    0.00000E+00    0.00000E+00    0.00000E+00
    4.29700E+05    1.08050E-06    0.00000E+00    0.00000E+00    0.00000E+00    0.00000E+00
    4.50056E+05    1.08291E-06    0.00000E+00    0.00000E+00    0.00000E+00    0.00000E+00
    4.71375E+05    1.16413E-06    0.00000E+00    0.00000E+00    0.00000E+00    0.00000E+00
    4.93705E+05    1.15488E-06    0.00000E+00    0.00000E+00    0.00000E+00    0.00000E+00
    5.17092E+05    1.13604E-06    0.00000E+00    0.00000E+00    0.00000E+00    0.00000E+00
    5.41587E+05    1.13304E-06    0.00000E+00    0.00000E+00    0.00000E+00    0.00000E+00
    5.67243E+05    1.12211E-06    0.00000E+00    0.00000E+00    0.00000E+00    0.00000E+00
    5.94113E+05    1.10356E-06    0.00000E+00    0.00000E+00    0.00000E+00    0.00000E+00
    6.22257E+05    1.04114E-06    0.00000E+00    0.00000E+00    0.00000E+00    0.00000E+00
    6.51734E+05    1.00410E-06    0.00000E+00    0.00000E+00    0.00000E+00    0.00000E+00
    6.82607E+05    9.32760E-07    0.00000E+00    0.00000E+00    0.00000E+00    0.00000E+00
    7.14943E+05    8.70579E-07    0.00000E+00    0.00000E+00    0.00000E+00    0.00000E+00
    7.48810E+05    8.00628E-07    0.00000E+00    0.00000E+00    0.00000E+00    0.00000E+00
    7.84282E+05    7.43610E-07    0.00000E+00    0.00000E+00    0.00000E+00    0.00000E+00
    8.21434E+05    6.88356E-07    0.00000E+00    0.00000E+00    0.00000E+00    0.00000E+00
    8.60346E+05    6.12574E-07    0.00000E+00    0.00000E+00    0.00000E+00    0.00000E+00
    9.01102E+05    5.64130E-07    0.00000E+00    0.00000E+00    0.00000E+00    0.00000E+00
    9.43788E+05    4.94519E-07    0.00000E+00    0.00000E+00    0.00000E+00    0.00000E+00
    9.88496E+05    4.42727E-07    0.00000E+00    0.00000E+00    0.00000E+00    0.00000E+00
    1.03532E+06    3.88544E-07    0.00000E+00    0.00000E+00    0.00000E+00    0.00000E+00
    1.08437E+06    3.46709E-07    0.00000E+00    0.00000E+00    0.00000E+00    0.00000E+00
    1.13573E+06    3.05638E-07    0.00000E+00    0.00000E+00    0.00000E+00    0.00000E+00
    1.18953E+06    2.57406E-07    0.00000E+00    0.00000E+00    0.00000E+00    0.00000E+00
    1.24588E+06    2.27620E-07    0.00000E+00    0.00000E+00    0.00000E+00    0.00000E+00
    1.30490E+06    1.95920E-07    0.00000E+00    0.00000E+00    0.00000E+00    0.00000E+00
    1.36672E+06    1.67758E-07    0.00000E+00    0.00000E+00    0.00000E+00    0.00000E+00
    1.43146E+06    1.45323E-07    0.00000E+00    0.00000E+00    0.00000E+00    0.00000E+00
    1.49927E+06    1.23864E-07    0.00000E+00    0.00000E+00    0.00000E+00    0.00000E+00
    1.57029E+06    1.05467E-07    0.00000E+00    0.00000E+00    0.00000E+00    0.00000E+00
    1.64468E+06    8.95424E-08    0.00000E+00    0.00000E+00    0.00000E+00    0.00000E+00
    1.72259E+06    7.52609E-08    0.00000E+00    0.00000E+00    0.00000E+00    0.00000E+00
    1.80419E+06    6.38629E-08    0.00000E+00    0.00000E+00    0.00000E+00    0.00000E+00
    1.88965E+06    5.29508E-08    0.00000E+00    0.00000E+00    0.00000E+00    0.00000E+00
    1.97917E+06    4.50767E-08    0.00000E+00    0.00000E+00    0.00000E+00    0.00000E+00
    2.07292E+06    3.77722E-08    0.00000E+00    0.00000E+00    0.00000E+00    0.00000E+00
    2.17112E+06    3.14473E-08    0.00000E+00    0.00000E+00    0.00000E+00    0.00000E+00
    2.27397E+06    2.61924E-08    0.00000E+00    0.00000E+00    0.00000E+00    0.00000E+00
    2.38169E+06    2.15583E-08    0.00000E+00    0.00000E+00    0.00000E+00    0.00000E+00
    2.49451E+06    1.80027E-08    0.00000E+00    0.00000E+00    0.00000E+00    0.00000E+00
    2.61268E+06    1.48863E-08    0.00000E+00    0.00000E+00    0.00000E+00    0.00000E+00
    2.73644E+06    1.21930E-08    0.00000E+00    0.00000E+00    0.00000E+00    0.00000E+00
    2.86607E+06    1.00072E-08    0.00000E+00    0.00000E+00    0.00000E+00    0.00000E+00
    3.00184E+06    8.23548E-09    0.00000E+00    0.00000E+00    0.00000E+00    0.00000E+00
    3.14404E+06    6.74679E-09    0.00000E+00    0.00000E+00    0.00000E+00    0.00000E+00
    3.29297E+06    5.54238E-09    0.00000E+00    0.00000E+00    0.00000E+00    0.00000E+00
    3.44896E+06    4.52100E-09    0.00000E+00    0.00000E+00    0.00000E+00    0.00000E+00
    3.61234E+06    3.68645E-09    0.00000E+00    0.00000E+00    0.00000E+00    0.00000E+00
    3.78346E+06    2.99055E-09    0.00000E+00    0.00000E+00    0.00000E+00    0.00000E+00
    3.96269E+06    2.43485E-09    0.00000E+00    0.00000E+00    0.00000E+00    0.00000E+00
    4.15040E+06    1.97035E-09    0.00000E+00    0.00000E+00    0.00000E+00    0.00000E+00
    4.34701E+06    1.59889E-09    0.00000E+00    0.00000E+00    0.00000E+00    0.00000E+00
    4.55293E+06    1.29450E-09    0.00000E+00    0.00000E+00    0.00000E+00    0.00000E+00
    4.76861E+06    1.04479E-09    0.00000E+00    0.00000E+00    0.00000E+00    0.00000E+00
    4.99451E+06    8.41740E-10    0.00000E+00    0.00000E+00    0.00000E+00    0.00000E+00
    5.23110E+06    6.75442E-10    0.00000E+00    0.00000E+00    0.00000E+00    0.00000E+00
    5.47890E+06    5.44820E-10    0.00000E+00    0.00000E+00    0.00000E+00    0.00000E+00
    5.73844E+06    4.41525E-10    0.00000E+00    0.00000E+00    0.00000E+00    0.00000E+00
    6.01028E+06    3.54984E-10    0.00000E+00    0.00000E+00    0.00000E+00    0.00000E+00
    6.29499E+06    2.84488E-10    0.00000E+00    0.00000E+00    0.00000E+00    0.00000E+00
    6.59319E+06    2.27764E-10    0.00000E+00    0.00000E+00    0.00000E+00    0.00000E+00
    6.90551E+06    1.82399E-10    0.00000E+00    0.00000E+00    0.00000E+00    0.00000E+00
    7.23264E+06    1.46519E-10    0.00000E+00    0.00000E+00    0.00000E+00    0.00000E+00
    7.57525E+06    1.17508E-10    0.00000E+00    0.00000E+00    0.00000E+00    0.00000E+00
    7.93410E+06    9.42214E-11    0.00000E+00    0.00000E+00    0.00000E+00    0.00000E+00
    8.30994E+06    7.50315E-11    0.00000E+00    0.00000E+00    0.00000E+00    0.00000E+00
    8.70359E+06    6.03050E-11    0.00000E+00    0.00000E+00    0.00000E+00    0.00000E+00
    9.11589E+06    4.79611E-11    0.00000E+00    0.00000E+00    0.00000E+00    0.00000E+00
    9.54771E+06    3.83823E-11    0.00000E+00    0.00000E+00    0.00000E+00    0.00000E+00
    1.00000E+07    3.06953E-11    0.00000E+00    0.00000E+00    0.00000E+00    0.00000E+00
