 # Columns are: Lambda (Angstroms) and Flux (Flux * lambda) (ergs/s/cm^2)
    1.00000E+03    0.00000E+00    0.00000E+00    0.00000E+00    0.00000E+00    0.00000E+00
    1.04737E+03    0.00000E+00    0.00000E+00    0.00000E+00    0.00000E+00    0.00000E+00
    1.09699E+03    0.00000E+00    0.00000E+00    0.00000E+00    0.00000E+00    0.00000E+00
    1.14895E+03    0.00000E+00    0.00000E+00    0.00000E+00    0.00000E+00    0.00000E+00
    1.20338E+03    0.00000E+00    0.00000E+00    0.00000E+00    0.00000E+00    0.00000E+00
    1.26038E+03    0.00000E+00    0.00000E+00    0.00000E+00    0.00000E+00    0.00000E+00
    1.32009E+03    0.00000E+00    0.00000E+00    0.00000E+00    0.00000E+00    0.00000E+00
    1.38262E+03    0.00000E+00    0.00000E+00    0.00000E+00    0.00000E+00    0.00000E+00
    1.44812E+03    0.00000E+00    0.00000E+00    0.00000E+00    0.00000E+00    0.00000E+00
    1.51672E+03    0.00000E+00    0.00000E+00    0.00000E+00    0.00000E+00    0.00000E+00
    1.58857E+03    0.00000E+00    0.00000E+00    0.00000E+00    0.00000E+00    0.00000E+00
    1.66382E+03    0.00000E+00    0.00000E+00    0.00000E+00    0.00000E+00    0.00000E+00
    1.74263E+03    0.00000E+00    0.00000E+00    0.00000E+00    0.00000E+00    0.00000E+00
    1.82518E+03    0.00000E+00    0.00000E+00    0.00000E+00    0.00000E+00    0.00000E+00
    1.91164E+03    0.00000E+00    0.00000E+00    0.00000E+00    0.00000E+00    0.00000E+00
    2.00220E+03    0.00000E+00    0.00000E+00    0.00000E+00    0.00000E+00    0.00000E+00
    2.09705E+03    0.00000E+00    0.00000E+00    0.00000E+00    0.00000E+00    0.00000E+00
    2.19639E+03    0.00000E+00    0.00000E+00    0.00000E+00    0.00000E+00    0.00000E+00
    2.30043E+03    0.00000E+00    0.00000E+00    0.00000E+00    0.00000E+00    0.00000E+00
    2.40940E+03    0.00000E+00    0.00000E+00    0.00000E+00    0.00000E+00    0.00000E+00
    2.52354E+03    0.00000E+00    0.00000E+00    0.00000E+00    0.00000E+00    0.00000E+00
    2.64308E+03    0.00000E+00    0.00000E+00    0.00000E+00    0.00000E+00    0.00000E+00
    2.76829E+03    0.00000E+00    0.00000E+00    0.00000E+00    0.00000E+00    0.00000E+00
    2.89942E+03    0.00000E+00    0.00000E+00    0.00000E+00    0.00000E+00    0.00000E+00
    3.03677E+03    0.00000E+00    0.00000E+00    0.00000E+00    0.00000E+00    0.00000E+00
    3.18063E+03    0.00000E+00    0.00000E+00    0.00000E+00    0.00000E+00    0.00000E+00
    3.33129E+03    0.00000E+00    0.00000E+00    0.00000E+00    0.00000E+00    0.00000E+00
    3.48910E+03    0.00000E+00    0.00000E+00    0.00000E+00    0.00000E+00    0.00000E+00
    3.65438E+03    0.00000E+00    0.00000E+00    0.00000E+00    0.00000E+00    0.00000E+00
    3.82749E+03    0.00000E+00    0.00000E+00    0.00000E+00    0.00000E+00    0.00000E+00
    4.00881E+03    0.00000E+00    0.00000E+00    0.00000E+00    0.00000E+00    0.00000E+00
    4.19871E+03    0.00000E+00    0.00000E+00    0.00000E+00    0.00000E+00    0.00000E+00
    4.39760E+03    0.00000E+00    0.00000E+00    0.00000E+00    0.00000E+00    0.00000E+00
    4.60592E+03    0.00000E+00    0.00000E+00    0.00000E+00    0.00000E+00    0.00000E+00
    4.82411E+03    0.00000E+00    0.00000E+00    0.00000E+00    0.00000E+00    0.00000E+00
    5.05263E+03    0.00000E+00    0.00000E+00    0.00000E+00    0.00000E+00    0.00000E+00
    5.29198E+03    0.00000E+00    0.00000E+00    0.00000E+00    0.00000E+00    0.00000E+00
    5.54266E+03    0.00000E+00    0.00000E+00    0.00000E+00    0.00000E+00    0.00000E+00
    5.80523E+03    0.00000E+00    0.00000E+00    0.00000E+00    0.00000E+00    0.00000E+00
    6.08022E+03    0.00000E+00    0.00000E+00    0.00000E+00    0.00000E+00    0.00000E+00
    6.36825E+03    0.00000E+00    0.00000E+00    0.00000E+00    0.00000E+00    0.00000E+00
    6.66992E+03    0.00000E+00    0.00000E+00    0.00000E+00    0.00000E+00    0.00000E+00
    6.98588E+03    0.00000E+00    0.00000E+00    0.00000E+00    0.00000E+00    0.00000E+00
    7.31681E+03    0.00000E+00    0.00000E+00    0.00000E+00    0.00000E+00    0.00000E+00
    7.66341E+03    0.00000E+00    0.00000E+00    0.00000E+00    0.00000E+00    0.00000E+00
    8.02643E+03    0.00000E+00    0.00000E+00    0.00000E+00    0.00000E+00    0.00000E+00
    8.40665E+03    0.00000E+00    0.00000E+00    0.00000E+00    0.00000E+00    0.00000E+00
    8.80488E+03    0.00000E+00    0.00000E+00    0.00000E+00    0.00000E+00    0.00000E+00
    9.22198E+03    0.00000E+00    0.00000E+00    0.00000E+00    0.00000E+00    0.00000E+00
    9.65883E+03    0.00000E+00    0.00000E+00    0.00000E+00    0.00000E+00    0.00000E+00
    1.01164E+04    0.00000E+00    0.00000E+00    0.00000E+00    0.00000E+00    0.00000E+00
    1.05956E+04    0.00000E+00    0.00000E+00    0.00000E+00    0.00000E+00    0.00000E+00
    1.10975E+04    0.00000E+00    0.00000E+00    0.00000E+00    0.00000E+00    0.00000E+00
    1.16232E+04    0.00000E+00    0.00000E+00    0.00000E+00    0.00000E+00    0.00000E+00
    1.21738E+04    0.00000E+00    0.00000E+00    0.00000E+00    0.00000E+00    0.00000E+00
    1.27505E+04    0.00000E+00    0.00000E+00    0.00000E+00    0.00000E+00    0.00000E+00
    1.33545E+04    3.71415E-45    0.00000E+00    0.00000E+00    0.00000E+00    0.00000E+00
    1.39871E+04    0.00000E+00    0.00000E+00    0.00000E+00    0.00000E+00    0.00000E+00
    1.46497E+04    1.99071E-43    0.00000E+00    0.00000E+00    0.00000E+00    0.00000E+00
    1.53437E+04    5.17900E-33    0.00000E+00    0.00000E+00    0.00000E+00    0.00000E+00
    1.60705E+04    2.84591E-28    0.00000E+00    0.00000E+00    0.00000E+00    0.00000E+00
    1.68318E+04    4.71394E-31    0.00000E+00    0.00000E+00    0.00000E+00    0.00000E+00
    1.76291E+04    2.98729E-25    0.00000E+00    0.00000E+00    0.00000E+00    0.00000E+00
    1.84642E+04    1.19241E-21    0.00000E+00    0.00000E+00    0.00000E+00    0.00000E+00
    1.93389E+04    4.81461E-20    0.00000E+00    0.00000E+00    0.00000E+00    0.00000E+00
    2.02550E+04    1.51631E-18    0.00000E+00    0.00000E+00    0.00000E+00    0.00000E+00
    2.12145E+04    1.47157E-18    0.00000E+00    0.00000E+00    0.00000E+00    0.00000E+00
    2.22195E+04    1.95888E-15    0.00000E+00    0.00000E+00    0.00000E+00    0.00000E+00
    2.32720E+04    2.36454E-15    0.00000E+00    0.00000E+00    0.00000E+00    0.00000E+00
    2.43744E+04    5.17506E-14    0.00000E+00    0.00000E+00    0.00000E+00    0.00000E+00
    2.55291E+04    1.02725E-13    0.00000E+00    0.00000E+00    0.00000E+00    0.00000E+00
    2.67384E+04    8.93822E-13    0.00000E+00    0.00000E+00    0.00000E+00    0.00000E+00
    2.80050E+04    1.48727E-12    0.00000E+00    0.00000E+00    0.00000E+00    0.00000E+00
    2.93317E+04    2.07242E-11    0.00000E+00    0.00000E+00    0.00000E+00    0.00000E+00
    3.07211E+04    1.39274E-11    0.00000E+00    0.00000E+00    0.00000E+00    0.00000E+00
    3.21764E+04    3.61719E-11    0.00000E+00    0.00000E+00    0.00000E+00    0.00000E+00
    3.37006E+04    2.55238E-10    0.00000E+00    0.00000E+00    0.00000E+00    0.00000E+00
    3.52971E+04    2.16453E-10    0.00000E+00    0.00000E+00    0.00000E+00    0.00000E+00
    3.69691E+04    4.85411E-10    0.00000E+00    0.00000E+00    0.00000E+00    0.00000E+00
    3.87204E+04    1.27856E-09    0.00000E+00    0.00000E+00    0.00000E+00    0.00000E+00
    4.05546E+04    1.59181E-09    0.00000E+00    0.00000E+00    0.00000E+00    0.00000E+00
    4.24757E+04    1.50148E-09    0.00000E+00    0.00000E+00    0.00000E+00    0.00000E+00
    4.44878E+04    4.47409E-09    0.00000E+00    0.00000E+00    0.00000E+00    0.00000E+00
    4.65953E+04    6.64274E-09    0.00000E+00    0.00000E+00    0.00000E+00    0.00000E+00
    4.88025E+04    7.86693E-09    0.00000E+00    0.00000E+00    0.00000E+00    0.00000E+00
    5.11143E+04    9.57332E-09    0.00000E+00    0.00000E+00    0.00000E+00    0.00000E+00
    5.35357E+04    1.42076E-08    0.00000E+00    0.00000E+00    0.00000E+00    0.00000E+00
    5.60717E+04    1.56565E-08    0.00000E+00    0.00000E+00    0.00000E+00    0.00000E+00
    5.87279E+04    2.25918E-08    0.00000E+00    0.00000E+00    0.00000E+00    0.00000E+00
    6.15099E+04    1.81925E-08    0.00000E+00    0.00000E+00    0.00000E+00    0.00000E+00
    6.44236E+04    2.14286E-08    0.00000E+00    0.00000E+00    0.00000E+00    0.00000E+00
    6.74754E+04    2.85385E-08    0.00000E+00    0.00000E+00    0.00000E+00    0.00000E+00
    7.06718E+04    3.21968E-08    0.00000E+00    0.00000E+00    0.00000E+00    0.00000E+00
    7.40196E+04    1.92814E-08    0.00000E+00    0.00000E+00    0.00000E+00    0.00000E+00
    7.75260E+04    8.35078E-10    0.00000E+00    0.00000E+00    0.00000E+00    0.00000E+00
    8.11984E+04    3.14823E-12    0.00000E+00    0.00000E+00    0.00000E+00    0.00000E+00
    8.50449E+04    5.98916E-16    0.00000E+00    0.00000E+00    0.00000E+00    0.00000E+00
    8.90735E+04    1.91606E-20    0.00000E+00    0.00000E+00    0.00000E+00    0.00000E+00
    9.32930E+04    7.57615E-24    0.00000E+00    0.00000E+00    0.00000E+00    0.00000E+00
    9.77124E+04    5.24319E-21    0.00000E+00    0.00000E+00    0.00000E+00    0.00000E+00
    1.02341E+05    3.29807E-17    0.00000E+00    0.00000E+00    0.00000E+00    0.00000E+00
    1.07189E+05    1.78169E-17    0.00000E+00    0.00000E+00    0.00000E+00    0.00000E+00
    1.12267E+05    1.70391E-15    0.00000E+00    0.00000E+00    0.00000E+00    0.00000E+00
    1.17585E+05    9.92345E-14    0.00000E+00    0.00000E+00    0.00000E+00    0.00000E+00
    1.23155E+05    1.86464E-12    0.00000E+00    0.00000E+00    0.00000E+00    0.00000E+00
    1.28989E+05    6.74269E-11    0.00000E+00    0.00000E+00    0.00000E+00    0.00000E+00
    1.35099E+05    3.29160E-10    0.00000E+00    0.00000E+00    0.00000E+00    0.00000E+00
    1.41499E+05    8.29950E-10    0.00000E+00    0.00000E+00    0.00000E+00    0.00000E+00
    1.48202E+05    7.11030E-10    0.00000E+00    0.00000E+00    0.00000E+00    0.00000E+00
    1.55222E+05    2.89977E-10    0.00000E+00    0.00000E+00    0.00000E+00    0.00000E+00
    1.62576E+05    1.35574E-09    0.00000E+00    0.00000E+00    0.00000E+00    0.00000E+00
    1.70277E+05    4.24925E-11    0.00000E+00    0.00000E+00    0.00000E+00    0.00000E+00
    1.78343E+05    2.49883E-10    0.00000E+00    0.00000E+00    0.00000E+00    0.00000E+00
    1.86791E+05    1.38505E-10    0.00000E+00    0.00000E+00    0.00000E+00    0.00000E+00
    1.95640E+05    1.46251E-10    0.00000E+00    0.00000E+00    0.00000E+00    0.00000E+00
    2.04907E+05    1.08921E-09    0.00000E+00    0.00000E+00    0.00000E+00    0.00000E+00
    2.14614E+05    9.11275E-10    0.00000E+00    0.00000E+00    0.00000E+00    0.00000E+00
    2.24781E+05    5.65792E-09    0.00000E+00    0.00000E+00    0.00000E+00    0.00000E+00
    2.35429E+05    5.38985E-09    0.00000E+00    0.00000E+00    0.00000E+00    0.00000E+00
    2.46581E+05    1.73323E-08    0.00000E+00    0.00000E+00    0.00000E+00    0.00000E+00
    2.58262E+05    2.33597E-08    0.00000E+00    0.00000E+00    0.00000E+00    0.00000E+00
    2.70496E+05    2.27474E-08    0.00000E+00    0.00000E+00    0.00000E+00    0.00000E+00
    2.83310E+05    3.00804E-08    0.00000E+00    0.00000E+00    0.00000E+00    0.00000E+00
    2.96730E+05    4.79524E-08    0.00000E+00    0.00000E+00    0.00000E+00    0.00000E+00
    3.10787E+05    7.94817E-08    0.00000E+00    0.00000E+00    0.00000E+00    0.00000E+00
    3.25509E+05    1.16602E-07    0.00000E+00    0.00000E+00    0.00000E+00    0.00000E+00
    3.40929E+05    1.35387E-07    0.00000E+00    0.00000E+00    0.00000E+00    0.00000E+00
    3.57078E+05    1.68221E-07    0.00000E+00    0.00000E+00    0.00000E+00    0.00000E+00
    3.73994E+05    1.93675E-07    0.00000E+00    0.00000E+00    0.00000E+00    0.00000E+00
    3.91710E+05    2.52735E-07    0.00000E+00    0.00000E+00    0.00000E+00    0.00000E+00
    4.10266E+05    2.67182E-07    0.00000E+00    0.00000E+00    0.00000E+00    0.00000E+00
    4.29700E+05    3.08986E-07    0.00000E+00    0.00000E+00    0.00000E+00    0.00000E+00
    4.50056E+05    3.37970E-07    0.00000E+00    0.00000E+00    0.00000E+00    0.00000E+00
    4.71375E+05    3.55423E-07    0.00000E+00    0.00000E+00    0.00000E+00    0.00000E+00
    4.93705E+05    4.25388E-07    0.00000E+00    0.00000E+00    0.00000E+00    0.00000E+00
    5.17092E+05    4.22074E-07    0.00000E+00    0.00000E+00    0.00000E+00    0.00000E+00
    5.41587E+05    4.45190E-07    0.00000E+00    0.00000E+00    0.00000E+00    0.00000E+00
    5.67243E+05    4.43679E-07    0.00000E+00    0.00000E+00    0.00000E+00    0.00000E+00
    5.94113E+05    4.63518E-07    0.00000E+00    0.00000E+00    0.00000E+00    0.00000E+00
    6.22257E+05    4.51731E-07    0.00000E+00    0.00000E+00    0.00000E+00    0.00000E+00
    6.51734E+05    4.61395E-07    0.00000E+00    0.00000E+00    0.00000E+00    0.00000E+00
    6.82607E+05    4.39464E-07    0.00000E+00    0.00000E+00    0.00000E+00    0.00000E+00
    7.14943E+05    4.17897E-07    0.00000E+00    0.00000E+00    0.00000E+00    0.00000E+00
    7.48810E+05    3.98910E-07    0.00000E+00    0.00000E+00    0.00000E+00    0.00000E+00
    7.84282E+05    3.80730E-07    0.00000E+00    0.00000E+00    0.00000E+00    0.00000E+00
    8.21434E+05    3.50240E-07    0.00000E+00    0.00000E+00    0.00000E+00    0.00000E+00
    8.60346E+05    3.23565E-07    0.00000E+00    0.00000E+00    0.00000E+00    0.00000E+00
    9.01102E+05    2.97010E-07    0.00000E+00    0.00000E+00    0.00000E+00    0.00000E+00
    9.43788E+05    2.78037E-07    0.00000E+00    0.00000E+00    0.00000E+00    0.00000E+00
    9.88496E+05    2.42389E-07    0.00000E+00    0.00000E+00    0.00000E+00    0.00000E+00
    1.03532E+06    2.22313E-07    0.00000E+00    0.00000E+00    0.00000E+00    0.00000E+00
    1.08437E+06    1.97644E-07    0.00000E+00    0.00000E+00    0.00000E+00    0.00000E+00
    1.13573E+06    1.72751E-07    0.00000E+00    0.00000E+00    0.00000E+00    0.00000E+00
    1.18953E+06    1.53726E-07    0.00000E+00    0.00000E+00    0.00000E+00    0.00000E+00
    1.24588E+06    1.33188E-07    0.00000E+00    0.00000E+00    0.00000E+00    0.00000E+00
    1.30490E+06    1.17796E-07    0.00000E+00    0.00000E+00    0.00000E+00    0.00000E+00
    1.36672E+06    1.01124E-07    0.00000E+00    0.00000E+00    0.00000E+00    0.00000E+00
    1.43146E+06    8.76793E-08    0.00000E+00    0.00000E+00    0.00000E+00    0.00000E+00
    1.49927E+06    7.55209E-08    0.00000E+00    0.00000E+00    0.00000E+00    0.00000E+00
    1.57029E+06    6.51136E-08    0.00000E+00    0.00000E+00    0.00000E+00    0.00000E+00
    1.64468E+06    5.52379E-08    0.00000E+00    0.00000E+00    0.00000E+00    0.00000E+00
    1.72259E+06    4.72669E-08    0.00000E+00    0.00000E+00    0.00000E+00    0.00000E+00
    1.80419E+06    3.98567E-08    0.00000E+00    0.00000E+00    0.00000E+00    0.00000E+00
    1.88965E+06    3.38688E-08    0.00000E+00    0.00000E+00    0.00000E+00    0.00000E+00
    1.97917E+06    2.83385E-08    0.00000E+00    0.00000E+00    0.00000E+00    0.00000E+00
    2.07292E+06    2.38635E-08    0.00000E+00    0.00000E+00    0.00000E+00    0.00000E+00
    2.17112E+06    1.99918E-08    0.00000E+00    0.00000E+00    0.00000E+00    0.00000E+00
    2.27397E+06    1.66993E-08    0.00000E+00    0.00000E+00    0.00000E+00    0.00000E+00
    2.38169E+06    1.38698E-08    0.00000E+00    0.00000E+00    0.00000E+00    0.00000E+00
    2.49451E+06    1.15252E-08    0.00000E+00    0.00000E+00    0.00000E+00    0.00000E+00
    2.61268E+06    9.51517E-09    0.00000E+00    0.00000E+00    0.00000E+00    0.00000E+00
    2.73644E+06    7.87163E-09    0.00000E+00    0.00000E+00    0.00000E+00    0.00000E+00
    2.86607E+06    6.53209E-09    0.00000E+00    0.00000E+00    0.00000E+00    0.00000E+00
    3.00184E+06    5.34176E-09    0.00000E+00    0.00000E+00    0.00000E+00    0.00000E+00
    3.14404E+06    4.36100E-09    0.00000E+00    0.00000E+00    0.00000E+00    0.00000E+00
    3.29297E+06    3.57775E-09    0.00000E+00    0.00000E+00    0.00000E+00    0.00000E+00
    3.44896E+06    2.92906E-09    0.00000E+00    0.00000E+00    0.00000E+00    0.00000E+00
    3.61234E+06    2.38976E-09    0.00000E+00    0.00000E+00    0.00000E+00    0.00000E+00
    3.78346E+06    1.94946E-09    0.00000E+00    0.00000E+00    0.00000E+00    0.00000E+00
    3.96269E+06    1.58506E-09    0.00000E+00    0.00000E+00    0.00000E+00    0.00000E+00
    4.15040E+06    1.29014E-09    0.00000E+00    0.00000E+00    0.00000E+00    0.00000E+00
    4.34701E+06    1.03935E-09    0.00000E+00    0.00000E+00    0.00000E+00    0.00000E+00
    4.55293E+06    8.46640E-10    0.00000E+00    0.00000E+00    0.00000E+00    0.00000E+00
    4.76861E+06    6.84203E-10    0.00000E+00    0.00000E+00    0.00000E+00    0.00000E+00
    4.99451E+06    5.52413E-10    0.00000E+00    0.00000E+00    0.00000E+00    0.00000E+00
    5.23110E+06    4.46032E-10    0.00000E+00    0.00000E+00    0.00000E+00    0.00000E+00
    5.47890E+06    3.61082E-10    0.00000E+00    0.00000E+00    0.00000E+00    0.00000E+00
    5.73844E+06    2.90569E-10    0.00000E+00    0.00000E+00    0.00000E+00    0.00000E+00
    6.01028E+06    2.34154E-10    0.00000E+00    0.00000E+00    0.00000E+00    0.00000E+00
    6.29499E+06    1.88307E-10    0.00000E+00    0.00000E+00    0.00000E+00    0.00000E+00
    6.59319E+06    1.51161E-10    0.00000E+00    0.00000E+00    0.00000E+00    0.00000E+00
    6.90551E+06    1.21435E-10    0.00000E+00    0.00000E+00    0.00000E+00    0.00000E+00
    7.23264E+06    9.73933E-11    0.00000E+00    0.00000E+00    0.00000E+00    0.00000E+00
    7.57525E+06    7.78459E-11    0.00000E+00    0.00000E+00    0.00000E+00    0.00000E+00
    7.93410E+06    6.26273E-11    0.00000E+00    0.00000E+00    0.00000E+00    0.00000E+00
    8.30994E+06    5.02444E-11    0.00000E+00    0.00000E+00    0.00000E+00    0.00000E+00
    8.70359E+06    4.02147E-11    0.00000E+00    0.00000E+00    0.00000E+00    0.00000E+00
    9.11589E+06    3.21738E-11    0.00000E+00    0.00000E+00    0.00000E+00    0.00000E+00
    9.54771E+06    2.56470E-11    0.00000E+00    0.00000E+00    0.00000E+00    0.00000E+00
    1.00000E+07    2.06035E-11    0.00000E+00    0.00000E+00    0.00000E+00    0.00000E+00
