 # Columns are: Lambda (Angstroms) and Flux (Flux * lambda) (ergs/s/cm^2)
    1.00000E+03    0.00000E+00    0.00000E+00    0.00000E+00    0.00000E+00    0.00000E+00
    1.04737E+03    0.00000E+00    0.00000E+00    0.00000E+00    0.00000E+00    0.00000E+00
    1.09699E+03    0.00000E+00    0.00000E+00    0.00000E+00    0.00000E+00    0.00000E+00
    1.14895E+03    0.00000E+00    0.00000E+00    0.00000E+00    0.00000E+00    0.00000E+00
    1.20338E+03    0.00000E+00    0.00000E+00    0.00000E+00    0.00000E+00    0.00000E+00
    1.26038E+03    0.00000E+00    0.00000E+00    0.00000E+00    0.00000E+00    0.00000E+00
    1.32009E+03    0.00000E+00    0.00000E+00    0.00000E+00    0.00000E+00    0.00000E+00
    1.38262E+03    0.00000E+00    0.00000E+00    0.00000E+00    0.00000E+00    0.00000E+00
    1.44812E+03    0.00000E+00    0.00000E+00    0.00000E+00    0.00000E+00    0.00000E+00
    1.51672E+03    0.00000E+00    0.00000E+00    0.00000E+00    0.00000E+00    0.00000E+00
    1.58857E+03    0.00000E+00    0.00000E+00    0.00000E+00    0.00000E+00    0.00000E+00
    1.66382E+03    0.00000E+00    0.00000E+00    0.00000E+00    0.00000E+00    0.00000E+00
    1.74263E+03    0.00000E+00    0.00000E+00    0.00000E+00    0.00000E+00    0.00000E+00
    1.82518E+03    0.00000E+00    0.00000E+00    0.00000E+00    0.00000E+00    0.00000E+00
    1.91164E+03    0.00000E+00    0.00000E+00    0.00000E+00    0.00000E+00    0.00000E+00
    2.00220E+03    0.00000E+00    0.00000E+00    0.00000E+00    0.00000E+00    0.00000E+00
    2.09705E+03    0.00000E+00    0.00000E+00    0.00000E+00    0.00000E+00    0.00000E+00
    2.19639E+03    0.00000E+00    0.00000E+00    0.00000E+00    0.00000E+00    0.00000E+00
    2.30043E+03    0.00000E+00    0.00000E+00    0.00000E+00    0.00000E+00    0.00000E+00
    2.40940E+03    0.00000E+00    0.00000E+00    0.00000E+00    0.00000E+00    0.00000E+00
    2.52354E+03    0.00000E+00    0.00000E+00    0.00000E+00    0.00000E+00    0.00000E+00
    2.64308E+03    0.00000E+00    0.00000E+00    0.00000E+00    0.00000E+00    0.00000E+00
    2.76829E+03    0.00000E+00    0.00000E+00    0.00000E+00    0.00000E+00    0.00000E+00
    2.89942E+03    0.00000E+00    0.00000E+00    0.00000E+00    0.00000E+00    0.00000E+00
    3.03677E+03    0.00000E+00    0.00000E+00    0.00000E+00    0.00000E+00    0.00000E+00
    3.18063E+03    0.00000E+00    0.00000E+00    0.00000E+00    0.00000E+00    0.00000E+00
    3.33129E+03    0.00000E+00    0.00000E+00    0.00000E+00    0.00000E+00    0.00000E+00
    3.48910E+03    0.00000E+00    0.00000E+00    0.00000E+00    0.00000E+00    0.00000E+00
    3.65438E+03    0.00000E+00    0.00000E+00    0.00000E+00    0.00000E+00    0.00000E+00
    3.82749E+03    0.00000E+00    0.00000E+00    0.00000E+00    0.00000E+00    0.00000E+00
    4.00881E+03    0.00000E+00    0.00000E+00    0.00000E+00    0.00000E+00    0.00000E+00
    4.19871E+03    0.00000E+00    0.00000E+00    0.00000E+00    0.00000E+00    0.00000E+00
    4.39760E+03    0.00000E+00    0.00000E+00    0.00000E+00    0.00000E+00    0.00000E+00
    4.60592E+03    0.00000E+00    0.00000E+00    0.00000E+00    0.00000E+00    0.00000E+00
    4.82411E+03    0.00000E+00    0.00000E+00    0.00000E+00    0.00000E+00    0.00000E+00
    5.05263E+03    0.00000E+00    0.00000E+00    0.00000E+00    0.00000E+00    0.00000E+00
    5.29198E+03    0.00000E+00    0.00000E+00    0.00000E+00    0.00000E+00    0.00000E+00
    5.54266E+03    0.00000E+00    0.00000E+00    0.00000E+00    0.00000E+00    0.00000E+00
    5.80523E+03    0.00000E+00    0.00000E+00    0.00000E+00    0.00000E+00    0.00000E+00
    6.08022E+03    0.00000E+00    0.00000E+00    0.00000E+00    0.00000E+00    0.00000E+00
    6.36825E+03    0.00000E+00    0.00000E+00    0.00000E+00    0.00000E+00    0.00000E+00
    6.66992E+03    0.00000E+00    0.00000E+00    0.00000E+00    0.00000E+00    0.00000E+00
    6.98588E+03    0.00000E+00    0.00000E+00    0.00000E+00    0.00000E+00    0.00000E+00
    7.31681E+03    0.00000E+00    0.00000E+00    0.00000E+00    0.00000E+00    0.00000E+00
    7.66341E+03    0.00000E+00    0.00000E+00    0.00000E+00    0.00000E+00    0.00000E+00
    8.02643E+03    0.00000E+00    0.00000E+00    0.00000E+00    0.00000E+00    0.00000E+00
    8.40665E+03    0.00000E+00    0.00000E+00    0.00000E+00    0.00000E+00    0.00000E+00
    8.80488E+03    0.00000E+00    0.00000E+00    0.00000E+00    0.00000E+00    0.00000E+00
    9.22198E+03    0.00000E+00    0.00000E+00    0.00000E+00    0.00000E+00    0.00000E+00
    9.65883E+03    0.00000E+00    0.00000E+00    0.00000E+00    0.00000E+00    0.00000E+00
    1.01164E+04    0.00000E+00    0.00000E+00    0.00000E+00    0.00000E+00    0.00000E+00
    1.05956E+04    0.00000E+00    0.00000E+00    0.00000E+00    0.00000E+00    0.00000E+00
    1.10975E+04    0.00000E+00    0.00000E+00    0.00000E+00    0.00000E+00    0.00000E+00
    1.16232E+04    0.00000E+00    0.00000E+00    0.00000E+00    0.00000E+00    0.00000E+00
    1.21738E+04    0.00000E+00    0.00000E+00    0.00000E+00    0.00000E+00    0.00000E+00
    1.27505E+04    0.00000E+00    0.00000E+00    0.00000E+00    0.00000E+00    0.00000E+00
    1.33545E+04    0.00000E+00    0.00000E+00    0.00000E+00    0.00000E+00    0.00000E+00
    1.39871E+04    0.00000E+00    0.00000E+00    0.00000E+00    0.00000E+00    0.00000E+00
    1.46497E+04    0.00000E+00    0.00000E+00    0.00000E+00    0.00000E+00    0.00000E+00
    1.53437E+04    0.00000E+00    0.00000E+00    0.00000E+00    0.00000E+00    0.00000E+00
    1.60705E+04    0.00000E+00    0.00000E+00    0.00000E+00    0.00000E+00    0.00000E+00
    1.68318E+04    0.00000E+00    0.00000E+00    0.00000E+00    0.00000E+00    0.00000E+00
    1.76291E+04    0.00000E+00    0.00000E+00    0.00000E+00    0.00000E+00    0.00000E+00
    1.84642E+04    0.00000E+00    0.00000E+00    0.00000E+00    0.00000E+00    0.00000E+00
    1.93389E+04    0.00000E+00    0.00000E+00    0.00000E+00    0.00000E+00    0.00000E+00
    2.02550E+04    0.00000E+00    0.00000E+00    0.00000E+00    0.00000E+00    0.00000E+00
    2.12145E+04    0.00000E+00    0.00000E+00    0.00000E+00    0.00000E+00    0.00000E+00
    2.22195E+04    0.00000E+00    0.00000E+00    0.00000E+00    0.00000E+00    0.00000E+00
    2.32720E+04    0.00000E+00    0.00000E+00    0.00000E+00    0.00000E+00    0.00000E+00
    2.43744E+04    0.00000E+00    0.00000E+00    0.00000E+00    0.00000E+00    0.00000E+00
    2.55291E+04    0.00000E+00    0.00000E+00    0.00000E+00    0.00000E+00    0.00000E+00
    2.67384E+04    0.00000E+00    0.00000E+00    0.00000E+00    0.00000E+00    0.00000E+00
    2.80050E+04    0.00000E+00    0.00000E+00    0.00000E+00    0.00000E+00    0.00000E+00
    2.93317E+04    4.75712E-47    0.00000E+00    0.00000E+00    0.00000E+00    0.00000E+00
    3.07211E+04    6.06646E-45    0.00000E+00    0.00000E+00    0.00000E+00    0.00000E+00
    3.21764E+04    3.31501E-43    0.00000E+00    0.00000E+00    0.00000E+00    0.00000E+00
    3.37006E+04    1.20660E-41    0.00000E+00    0.00000E+00    0.00000E+00    0.00000E+00
    3.52971E+04    3.59231E-40    0.00000E+00    0.00000E+00    0.00000E+00    0.00000E+00
    3.69691E+04    8.00320E-39    0.00000E+00    0.00000E+00    0.00000E+00    0.00000E+00
    3.87204E+04    1.22664E-37    0.00000E+00    0.00000E+00    0.00000E+00    0.00000E+00
    4.05546E+04    1.48518E-36    0.00000E+00    0.00000E+00    0.00000E+00    0.00000E+00
    4.24757E+04    1.56756E-35    0.00000E+00    0.00000E+00    0.00000E+00    0.00000E+00
    4.44878E+04    1.38110E-34    0.00000E+00    0.00000E+00    0.00000E+00    0.00000E+00
    4.65953E+04    8.63076E-34    0.00000E+00    0.00000E+00    0.00000E+00    0.00000E+00
    4.88025E+04    3.87025E-33    0.00000E+00    0.00000E+00    0.00000E+00    0.00000E+00
    5.11143E+04    1.20264E-32    0.00000E+00    0.00000E+00    0.00000E+00    0.00000E+00
    5.35357E+04    2.21026E-32    0.00000E+00    0.00000E+00    0.00000E+00    0.00000E+00
    5.60717E+04    2.50211E-32    0.00000E+00    0.00000E+00    0.00000E+00    0.00000E+00
    5.87279E+04    1.67470E-32    0.00000E+00    0.00000E+00    0.00000E+00    0.00000E+00
    6.15099E+04    7.07634E-33    0.00000E+00    0.00000E+00    0.00000E+00    0.00000E+00
    6.44236E+04    4.04071E-33    0.00000E+00    0.00000E+00    0.00000E+00    0.00000E+00
    6.74754E+04    3.85030E-33    0.00000E+00    0.00000E+00    0.00000E+00    0.00000E+00
    7.06718E+04    2.50802E-33    0.00000E+00    0.00000E+00    0.00000E+00    0.00000E+00
    7.40196E+04    1.41548E-36    0.00000E+00    0.00000E+00    0.00000E+00    0.00000E+00
    7.75260E+04    0.00000E+00    0.00000E+00    0.00000E+00    0.00000E+00    0.00000E+00
    8.11984E+04    0.00000E+00    0.00000E+00    0.00000E+00    0.00000E+00    0.00000E+00
    8.50449E+04    0.00000E+00    0.00000E+00    0.00000E+00    0.00000E+00    0.00000E+00
    8.90735E+04    0.00000E+00    0.00000E+00    0.00000E+00    0.00000E+00    0.00000E+00
    9.32930E+04    0.00000E+00    0.00000E+00    0.00000E+00    0.00000E+00    0.00000E+00
    9.77124E+04    0.00000E+00    0.00000E+00    0.00000E+00    0.00000E+00    0.00000E+00
    1.02341E+05    0.00000E+00    0.00000E+00    0.00000E+00    0.00000E+00    0.00000E+00
    1.07189E+05    0.00000E+00    0.00000E+00    0.00000E+00    0.00000E+00    0.00000E+00
    1.12267E+05    0.00000E+00    0.00000E+00    0.00000E+00    0.00000E+00    0.00000E+00
    1.17585E+05    0.00000E+00    0.00000E+00    0.00000E+00    0.00000E+00    0.00000E+00
    1.23155E+05    0.00000E+00    0.00000E+00    0.00000E+00    0.00000E+00    0.00000E+00
    1.28989E+05    0.00000E+00    0.00000E+00    0.00000E+00    0.00000E+00    0.00000E+00
    1.35099E+05    0.00000E+00    0.00000E+00    0.00000E+00    0.00000E+00    0.00000E+00
    1.41499E+05    0.00000E+00    0.00000E+00    0.00000E+00    0.00000E+00    0.00000E+00
    1.48202E+05    0.00000E+00    0.00000E+00    0.00000E+00    0.00000E+00    0.00000E+00
    1.55222E+05    0.00000E+00    0.00000E+00    0.00000E+00    0.00000E+00    0.00000E+00
    1.62576E+05    0.00000E+00    0.00000E+00    0.00000E+00    0.00000E+00    0.00000E+00
    1.70277E+05    0.00000E+00    0.00000E+00    0.00000E+00    0.00000E+00    0.00000E+00
    1.78343E+05    0.00000E+00    0.00000E+00    0.00000E+00    0.00000E+00    0.00000E+00
    1.86791E+05    0.00000E+00    0.00000E+00    0.00000E+00    0.00000E+00    0.00000E+00
    1.95640E+05    0.00000E+00    0.00000E+00    0.00000E+00    0.00000E+00    0.00000E+00
    2.04907E+05    0.00000E+00    0.00000E+00    0.00000E+00    0.00000E+00    0.00000E+00
    2.14614E+05    0.00000E+00    0.00000E+00    0.00000E+00    0.00000E+00    0.00000E+00
    2.24781E+05    0.00000E+00    0.00000E+00    0.00000E+00    0.00000E+00    0.00000E+00
    2.35429E+05    0.00000E+00    0.00000E+00    0.00000E+00    0.00000E+00    0.00000E+00
    2.46581E+05    0.00000E+00    0.00000E+00    0.00000E+00    0.00000E+00    0.00000E+00
    2.58262E+05    0.00000E+00    0.00000E+00    0.00000E+00    0.00000E+00    0.00000E+00
    2.70496E+05    0.00000E+00    0.00000E+00    0.00000E+00    0.00000E+00    0.00000E+00
    2.83310E+05    0.00000E+00    0.00000E+00    0.00000E+00    0.00000E+00    0.00000E+00
    2.96730E+05    2.29822E-49    0.00000E+00    0.00000E+00    0.00000E+00    0.00000E+00
    3.10787E+05    5.06284E-46    0.00000E+00    0.00000E+00    0.00000E+00    0.00000E+00
    3.25509E+05    4.56150E-43    0.00000E+00    0.00000E+00    0.00000E+00    0.00000E+00
    3.40929E+05    2.05651E-40    0.00000E+00    0.00000E+00    0.00000E+00    0.00000E+00
    3.57078E+05    3.70204E-38    0.00000E+00    0.00000E+00    0.00000E+00    0.00000E+00
    3.73994E+05    3.96770E-36    0.00000E+00    0.00000E+00    0.00000E+00    0.00000E+00
    3.91710E+05    4.26055E-34    0.00000E+00    0.00000E+00    0.00000E+00    0.00000E+00
    4.10266E+05    2.70262E-32    0.00000E+00    0.00000E+00    0.00000E+00    0.00000E+00
    4.29700E+05    1.24291E-30    0.00000E+00    0.00000E+00    0.00000E+00    0.00000E+00
    4.50056E+05    4.17230E-29    0.00000E+00    0.00000E+00    0.00000E+00    0.00000E+00
    4.71375E+05    1.07020E-27    0.00000E+00    0.00000E+00    0.00000E+00    0.00000E+00
    4.93705E+05    1.91629E-26    0.00000E+00    0.00000E+00    0.00000E+00    0.00000E+00
    5.17092E+05    2.25586E-25    0.00000E+00    0.00000E+00    0.00000E+00    0.00000E+00
    5.41587E+05    2.58800E-24    0.00000E+00    0.00000E+00    0.00000E+00    0.00000E+00
    5.67243E+05    2.21119E-23    0.00000E+00    0.00000E+00    0.00000E+00    0.00000E+00
    5.94113E+05    1.58485E-22    0.00000E+00    0.00000E+00    0.00000E+00    0.00000E+00
    6.22257E+05    8.72356E-22    0.00000E+00    0.00000E+00    0.00000E+00    0.00000E+00
    6.51734E+05    4.54328E-21    0.00000E+00    0.00000E+00    0.00000E+00    0.00000E+00
    6.82607E+05    1.72261E-20    0.00000E+00    0.00000E+00    0.00000E+00    0.00000E+00
    7.14943E+05    6.54138E-20    0.00000E+00    0.00000E+00    0.00000E+00    0.00000E+00
    7.48810E+05    1.96039E-19    0.00000E+00    0.00000E+00    0.00000E+00    0.00000E+00
    7.84282E+05    5.50334E-19    0.00000E+00    0.00000E+00    0.00000E+00    0.00000E+00
    8.21434E+05    1.20763E-18    0.00000E+00    0.00000E+00    0.00000E+00    0.00000E+00
    8.60346E+05    2.81722E-18    0.00000E+00    0.00000E+00    0.00000E+00    0.00000E+00
    9.01102E+05    5.72249E-18    0.00000E+00    0.00000E+00    0.00000E+00    0.00000E+00
    9.43788E+05    1.00419E-17    0.00000E+00    0.00000E+00    0.00000E+00    0.00000E+00
    9.88496E+05    1.78346E-17    0.00000E+00    0.00000E+00    0.00000E+00    0.00000E+00
    1.03532E+06    3.12663E-17    0.00000E+00    0.00000E+00    0.00000E+00    0.00000E+00
    1.08437E+06    4.50961E-17    0.00000E+00    0.00000E+00    0.00000E+00    0.00000E+00
    1.13573E+06    6.45633E-17    0.00000E+00    0.00000E+00    0.00000E+00    0.00000E+00
    1.18953E+06    9.20748E-17    0.00000E+00    0.00000E+00    0.00000E+00    0.00000E+00
    1.24588E+06    1.18696E-16    0.00000E+00    0.00000E+00    0.00000E+00    0.00000E+00
    1.30490E+06    1.60596E-16    0.00000E+00    0.00000E+00    0.00000E+00    0.00000E+00
    1.36672E+06    2.00116E-16    0.00000E+00    0.00000E+00    0.00000E+00    0.00000E+00
    1.43146E+06    2.17286E-16    0.00000E+00    0.00000E+00    0.00000E+00    0.00000E+00
    1.49927E+06    2.62861E-16    0.00000E+00    0.00000E+00    0.00000E+00    0.00000E+00
    1.57029E+06    2.97097E-16    0.00000E+00    0.00000E+00    0.00000E+00    0.00000E+00
    1.64468E+06    3.12866E-16    0.00000E+00    0.00000E+00    0.00000E+00    0.00000E+00
    1.72259E+06    3.47489E-16    0.00000E+00    0.00000E+00    0.00000E+00    0.00000E+00
    1.80419E+06    3.61195E-16    0.00000E+00    0.00000E+00    0.00000E+00    0.00000E+00
    1.88965E+06    3.80451E-16    0.00000E+00    0.00000E+00    0.00000E+00    0.00000E+00
    1.97917E+06    3.62880E-16    0.00000E+00    0.00000E+00    0.00000E+00    0.00000E+00
    2.07292E+06    3.94958E-16    0.00000E+00    0.00000E+00    0.00000E+00    0.00000E+00
    2.17112E+06    3.76891E-16    0.00000E+00    0.00000E+00    0.00000E+00    0.00000E+00
    2.27397E+06    3.56141E-16    0.00000E+00    0.00000E+00    0.00000E+00    0.00000E+00
    2.38169E+06    3.78748E-16    0.00000E+00    0.00000E+00    0.00000E+00    0.00000E+00
    2.49451E+06    3.50944E-16    0.00000E+00    0.00000E+00    0.00000E+00    0.00000E+00
    2.61268E+06    3.28707E-16    0.00000E+00    0.00000E+00    0.00000E+00    0.00000E+00
    2.73644E+06    3.04254E-16    0.00000E+00    0.00000E+00    0.00000E+00    0.00000E+00
    2.86607E+06    2.81020E-16    0.00000E+00    0.00000E+00    0.00000E+00    0.00000E+00
    3.00184E+06    2.79192E-16    0.00000E+00    0.00000E+00    0.00000E+00    0.00000E+00
    3.14404E+06    2.73348E-16    0.00000E+00    0.00000E+00    0.00000E+00    0.00000E+00
    3.29297E+06    2.41415E-16    0.00000E+00    0.00000E+00    0.00000E+00    0.00000E+00
    3.44896E+06    2.09065E-16    0.00000E+00    0.00000E+00    0.00000E+00    0.00000E+00
    3.61234E+06    2.03366E-16    0.00000E+00    0.00000E+00    0.00000E+00    0.00000E+00
    3.78346E+06    1.80661E-16    0.00000E+00    0.00000E+00    0.00000E+00    0.00000E+00
    3.96269E+06    1.64754E-16    0.00000E+00    0.00000E+00    0.00000E+00    0.00000E+00
    4.15040E+06    1.52386E-16    0.00000E+00    0.00000E+00    0.00000E+00    0.00000E+00
    4.34701E+06    1.28254E-16    0.00000E+00    0.00000E+00    0.00000E+00    0.00000E+00
    4.55293E+06    1.18631E-16    0.00000E+00    0.00000E+00    0.00000E+00    0.00000E+00
    4.76861E+06    1.15404E-16    0.00000E+00    0.00000E+00    0.00000E+00    0.00000E+00
    4.99451E+06    9.10055E-17    0.00000E+00    0.00000E+00    0.00000E+00    0.00000E+00
    5.23110E+06    8.56908E-17    0.00000E+00    0.00000E+00    0.00000E+00    0.00000E+00
    5.47890E+06    7.22882E-17    0.00000E+00    0.00000E+00    0.00000E+00    0.00000E+00
    5.73844E+06    6.96175E-17    0.00000E+00    0.00000E+00    0.00000E+00    0.00000E+00
    6.01028E+06    6.07912E-17    0.00000E+00    0.00000E+00    0.00000E+00    0.00000E+00
    6.29499E+06    5.16444E-17    0.00000E+00    0.00000E+00    0.00000E+00    0.00000E+00
    6.59319E+06    4.89512E-17    0.00000E+00    0.00000E+00    0.00000E+00    0.00000E+00
    6.90551E+06    4.08653E-17    0.00000E+00    0.00000E+00    0.00000E+00    0.00000E+00
    7.23264E+06    3.58132E-17    0.00000E+00    0.00000E+00    0.00000E+00    0.00000E+00
    7.57525E+06    3.10569E-17    0.00000E+00    0.00000E+00    0.00000E+00    0.00000E+00
    7.93410E+06    2.77617E-17    0.00000E+00    0.00000E+00    0.00000E+00    0.00000E+00
    8.30994E+06    2.39964E-17    0.00000E+00    0.00000E+00    0.00000E+00    0.00000E+00
    8.70359E+06    2.04996E-17    0.00000E+00    0.00000E+00    0.00000E+00    0.00000E+00
    9.11589E+06    1.81129E-17    0.00000E+00    0.00000E+00    0.00000E+00    0.00000E+00
    9.54771E+06    1.72961E-17    0.00000E+00    0.00000E+00    0.00000E+00    0.00000E+00
    1.00000E+07    1.47859E-17    0.00000E+00    0.00000E+00    0.00000E+00    0.00000E+00
