 # Columns are: Lambda (Angstroms) and Flux (Flux * lambda) (ergs/s/cm^2)
    1.00000E+03    0.00000E+00    0.00000E+00    0.00000E+00    0.00000E+00    0.00000E+00
    1.04737E+03    0.00000E+00    0.00000E+00    0.00000E+00    0.00000E+00    0.00000E+00
    1.09699E+03    0.00000E+00    0.00000E+00    0.00000E+00    0.00000E+00    0.00000E+00
    1.14895E+03    0.00000E+00    0.00000E+00    0.00000E+00    0.00000E+00    0.00000E+00
    1.20338E+03    0.00000E+00    0.00000E+00    0.00000E+00    0.00000E+00    0.00000E+00
    1.26038E+03    0.00000E+00    0.00000E+00    0.00000E+00    0.00000E+00    0.00000E+00
    1.32009E+03    0.00000E+00    0.00000E+00    0.00000E+00    0.00000E+00    0.00000E+00
    1.38262E+03    0.00000E+00    0.00000E+00    0.00000E+00    0.00000E+00    0.00000E+00
    1.44812E+03    0.00000E+00    0.00000E+00    0.00000E+00    0.00000E+00    0.00000E+00
    1.51672E+03    0.00000E+00    0.00000E+00    0.00000E+00    0.00000E+00    0.00000E+00
    1.58857E+03    0.00000E+00    0.00000E+00    0.00000E+00    0.00000E+00    0.00000E+00
    1.66382E+03    0.00000E+00    0.00000E+00    0.00000E+00    0.00000E+00    0.00000E+00
    1.74263E+03    0.00000E+00    0.00000E+00    0.00000E+00    0.00000E+00    0.00000E+00
    1.82518E+03    0.00000E+00    0.00000E+00    0.00000E+00    0.00000E+00    0.00000E+00
    1.91164E+03    0.00000E+00    0.00000E+00    0.00000E+00    0.00000E+00    0.00000E+00
    2.00220E+03    0.00000E+00    0.00000E+00    0.00000E+00    0.00000E+00    0.00000E+00
    2.09705E+03    0.00000E+00    0.00000E+00    0.00000E+00    0.00000E+00    0.00000E+00
    2.19639E+03    0.00000E+00    0.00000E+00    0.00000E+00    0.00000E+00    0.00000E+00
    2.30043E+03    0.00000E+00    0.00000E+00    0.00000E+00    0.00000E+00    0.00000E+00
    2.40940E+03    0.00000E+00    0.00000E+00    0.00000E+00    0.00000E+00    0.00000E+00
    2.52354E+03    0.00000E+00    0.00000E+00    0.00000E+00    0.00000E+00    0.00000E+00
    2.64308E+03    0.00000E+00    0.00000E+00    0.00000E+00    0.00000E+00    0.00000E+00
    2.76829E+03    0.00000E+00    0.00000E+00    0.00000E+00    0.00000E+00    0.00000E+00
    2.89942E+03    0.00000E+00    0.00000E+00    0.00000E+00    0.00000E+00    0.00000E+00
    3.03677E+03    0.00000E+00    0.00000E+00    0.00000E+00    0.00000E+00    0.00000E+00
    3.18063E+03    0.00000E+00    0.00000E+00    0.00000E+00    0.00000E+00    0.00000E+00
    3.33129E+03    0.00000E+00    0.00000E+00    0.00000E+00    0.00000E+00    0.00000E+00
    3.48910E+03    0.00000E+00    0.00000E+00    0.00000E+00    0.00000E+00    0.00000E+00
    3.65438E+03    0.00000E+00    0.00000E+00    0.00000E+00    0.00000E+00    0.00000E+00
    3.82749E+03    0.00000E+00    0.00000E+00    0.00000E+00    0.00000E+00    0.00000E+00
    4.00881E+03    0.00000E+00    0.00000E+00    0.00000E+00    0.00000E+00    0.00000E+00
    4.19871E+03    0.00000E+00    0.00000E+00    0.00000E+00    0.00000E+00    0.00000E+00
    4.39760E+03    0.00000E+00    0.00000E+00    0.00000E+00    0.00000E+00    0.00000E+00
    4.60592E+03    0.00000E+00    0.00000E+00    0.00000E+00    0.00000E+00    0.00000E+00
    4.82411E+03    0.00000E+00    0.00000E+00    0.00000E+00    0.00000E+00    0.00000E+00
    5.05263E+03    0.00000E+00    0.00000E+00    0.00000E+00    0.00000E+00    0.00000E+00
    5.29198E+03    0.00000E+00    0.00000E+00    0.00000E+00    0.00000E+00    0.00000E+00
    5.54266E+03    0.00000E+00    0.00000E+00    0.00000E+00    0.00000E+00    0.00000E+00
    5.80523E+03    0.00000E+00    0.00000E+00    0.00000E+00    0.00000E+00    0.00000E+00
    6.08022E+03    0.00000E+00    0.00000E+00    0.00000E+00    0.00000E+00    0.00000E+00
    6.36825E+03    0.00000E+00    0.00000E+00    0.00000E+00    0.00000E+00    0.00000E+00
    6.66992E+03    0.00000E+00    0.00000E+00    0.00000E+00    0.00000E+00    0.00000E+00
    6.98588E+03    0.00000E+00    0.00000E+00    0.00000E+00    0.00000E+00    0.00000E+00
    7.31681E+03    0.00000E+00    0.00000E+00    0.00000E+00    0.00000E+00    0.00000E+00
    7.66341E+03    0.00000E+00    0.00000E+00    0.00000E+00    0.00000E+00    0.00000E+00
    8.02643E+03    0.00000E+00    0.00000E+00    0.00000E+00    0.00000E+00    0.00000E+00
    8.40665E+03    0.00000E+00    0.00000E+00    0.00000E+00    0.00000E+00    0.00000E+00
    8.80488E+03    0.00000E+00    0.00000E+00    0.00000E+00    0.00000E+00    0.00000E+00
    9.22198E+03    0.00000E+00    0.00000E+00    0.00000E+00    0.00000E+00    0.00000E+00
    9.65883E+03    0.00000E+00    0.00000E+00    0.00000E+00    0.00000E+00    0.00000E+00
    1.01164E+04    0.00000E+00    0.00000E+00    0.00000E+00    0.00000E+00    0.00000E+00
    1.05956E+04    0.00000E+00    0.00000E+00    0.00000E+00    0.00000E+00    0.00000E+00
    1.10975E+04    0.00000E+00    0.00000E+00    0.00000E+00    0.00000E+00    0.00000E+00
    1.16232E+04    0.00000E+00    0.00000E+00    0.00000E+00    0.00000E+00    0.00000E+00
    1.21738E+04    3.17409E-41    0.00000E+00    0.00000E+00    0.00000E+00    0.00000E+00
    1.27505E+04    4.34164E-37    0.00000E+00    0.00000E+00    0.00000E+00    0.00000E+00
    1.33545E+04    1.60850E-33    0.00000E+00    0.00000E+00    0.00000E+00    0.00000E+00
    1.39871E+04    1.62209E-30    0.00000E+00    0.00000E+00    0.00000E+00    0.00000E+00
    1.46497E+04    9.75799E-28    0.00000E+00    0.00000E+00    0.00000E+00    0.00000E+00
    1.53437E+04    2.32002E-25    0.00000E+00    0.00000E+00    0.00000E+00    0.00000E+00
    1.60705E+04    2.46969E-23    0.00000E+00    0.00000E+00    0.00000E+00    0.00000E+00
    1.68318E+04    1.37233E-21    0.00000E+00    0.00000E+00    0.00000E+00    0.00000E+00
    1.76291E+04    3.39361E-20    0.00000E+00    0.00000E+00    0.00000E+00    0.00000E+00
    1.84642E+04    6.20696E-19    0.00000E+00    0.00000E+00    0.00000E+00    0.00000E+00
    1.93389E+04    6.21821E-18    0.00000E+00    0.00000E+00    0.00000E+00    0.00000E+00
    2.02550E+04    5.43009E-17    0.00000E+00    0.00000E+00    0.00000E+00    0.00000E+00
    2.12145E+04    2.98130E-16    0.00000E+00    0.00000E+00    0.00000E+00    0.00000E+00
    2.22195E+04    1.17049E-15    0.00000E+00    0.00000E+00    0.00000E+00    0.00000E+00
    2.32720E+04    4.28251E-15    0.00000E+00    0.00000E+00    0.00000E+00    0.00000E+00
    2.43744E+04    1.29160E-14    0.00000E+00    0.00000E+00    0.00000E+00    0.00000E+00
    2.55291E+04    2.99576E-14    0.00000E+00    0.00000E+00    0.00000E+00    0.00000E+00
    2.67384E+04    5.58182E-14    0.00000E+00    0.00000E+00    0.00000E+00    0.00000E+00
    2.80050E+04    1.27074E-13    0.00000E+00    0.00000E+00    0.00000E+00    0.00000E+00
    2.93317E+04    2.21433E-13    0.00000E+00    0.00000E+00    0.00000E+00    0.00000E+00
    3.07211E+04    3.23322E-13    0.00000E+00    0.00000E+00    0.00000E+00    0.00000E+00
    3.21764E+04    4.54326E-13    0.00000E+00    0.00000E+00    0.00000E+00    0.00000E+00
    3.37006E+04    6.14871E-13    0.00000E+00    0.00000E+00    0.00000E+00    0.00000E+00
    3.52971E+04    8.45764E-13    0.00000E+00    0.00000E+00    0.00000E+00    0.00000E+00
    3.69691E+04    1.14957E-12    0.00000E+00    0.00000E+00    0.00000E+00    0.00000E+00
    3.87204E+04    1.35486E-12    0.00000E+00    0.00000E+00    0.00000E+00    0.00000E+00
    4.05546E+04    1.93237E-12    0.00000E+00    0.00000E+00    0.00000E+00    0.00000E+00
    4.24757E+04    1.98292E-12    0.00000E+00    0.00000E+00    0.00000E+00    0.00000E+00
    4.44878E+04    2.26101E-12    0.00000E+00    0.00000E+00    0.00000E+00    0.00000E+00
    4.65953E+04    2.40664E-12    0.00000E+00    0.00000E+00    0.00000E+00    0.00000E+00
    4.88025E+04    2.79798E-12    0.00000E+00    0.00000E+00    0.00000E+00    0.00000E+00
    5.11143E+04    2.78740E-12    0.00000E+00    0.00000E+00    0.00000E+00    0.00000E+00
    5.35357E+04    2.32124E-12    0.00000E+00    0.00000E+00    0.00000E+00    0.00000E+00
    5.60717E+04    2.04623E-12    0.00000E+00    0.00000E+00    0.00000E+00    0.00000E+00
    5.87279E+04    1.89146E-12    0.00000E+00    0.00000E+00    0.00000E+00    0.00000E+00
    6.15099E+04    1.58745E-12    0.00000E+00    0.00000E+00    0.00000E+00    0.00000E+00
    6.44236E+04    1.37081E-12    0.00000E+00    0.00000E+00    0.00000E+00    0.00000E+00
    6.74754E+04    1.17099E-12    0.00000E+00    0.00000E+00    0.00000E+00    0.00000E+00
    7.06718E+04    8.36422E-13    0.00000E+00    0.00000E+00    0.00000E+00    0.00000E+00
    7.40196E+04    3.40656E-13    0.00000E+00    0.00000E+00    0.00000E+00    0.00000E+00
    7.75260E+04    2.53954E-15    0.00000E+00    0.00000E+00    0.00000E+00    0.00000E+00
    8.11984E+04    1.21912E-20    0.00000E+00    0.00000E+00    0.00000E+00    0.00000E+00
    8.50449E+04    1.66085E-27    0.00000E+00    0.00000E+00    0.00000E+00    0.00000E+00
    8.90735E+04    8.35343E-35    0.00000E+00    0.00000E+00    0.00000E+00    0.00000E+00
    9.32930E+04    7.52339E-43    0.00000E+00    0.00000E+00    0.00000E+00    0.00000E+00
    9.77124E+04    7.67143E-42    0.00000E+00    0.00000E+00    0.00000E+00    0.00000E+00
    1.02341E+05    1.05920E-38    0.00000E+00    0.00000E+00    0.00000E+00    0.00000E+00
    1.07189E+05    1.13807E-33    0.00000E+00    0.00000E+00    0.00000E+00    0.00000E+00
    1.12267E+05    2.80362E-29    0.00000E+00    0.00000E+00    0.00000E+00    0.00000E+00
    1.17585E+05    9.82967E-26    0.00000E+00    0.00000E+00    0.00000E+00    0.00000E+00
    1.23155E+05    9.51066E-23    0.00000E+00    0.00000E+00    0.00000E+00    0.00000E+00
    1.28989E+05    1.90189E-20    0.00000E+00    0.00000E+00    0.00000E+00    0.00000E+00
    1.35099E+05    1.26264E-18    0.00000E+00    0.00000E+00    0.00000E+00    0.00000E+00
    1.41499E+05    8.44512E-18    0.00000E+00    0.00000E+00    0.00000E+00    0.00000E+00
    1.48202E+05    2.11653E-18    0.00000E+00    0.00000E+00    0.00000E+00    0.00000E+00
    1.55222E+05    2.17890E-19    0.00000E+00    0.00000E+00    0.00000E+00    0.00000E+00
    1.62576E+05    1.14703E-20    0.00000E+00    0.00000E+00    0.00000E+00    0.00000E+00
    1.70277E+05    7.81184E-22    0.00000E+00    0.00000E+00    0.00000E+00    0.00000E+00
    1.78343E+05    7.72148E-23    0.00000E+00    0.00000E+00    0.00000E+00    0.00000E+00
    1.86791E+05    6.87612E-23    0.00000E+00    0.00000E+00    0.00000E+00    0.00000E+00
    1.95640E+05    2.92922E-22    0.00000E+00    0.00000E+00    0.00000E+00    0.00000E+00
    2.04907E+05    3.74692E-21    0.00000E+00    0.00000E+00    0.00000E+00    0.00000E+00
    2.14614E+05    2.59118E-20    0.00000E+00    0.00000E+00    0.00000E+00    0.00000E+00
    2.24781E+05    1.69485E-19    0.00000E+00    0.00000E+00    0.00000E+00    0.00000E+00
    2.35429E+05    6.78837E-19    0.00000E+00    0.00000E+00    0.00000E+00    0.00000E+00
    2.46581E+05    5.45717E-18    0.00000E+00    0.00000E+00    0.00000E+00    0.00000E+00
    2.58262E+05    1.97509E-17    0.00000E+00    0.00000E+00    0.00000E+00    0.00000E+00
    2.70496E+05    5.97518E-17    0.00000E+00    0.00000E+00    0.00000E+00    0.00000E+00
    2.83310E+05    1.39632E-16    0.00000E+00    0.00000E+00    0.00000E+00    0.00000E+00
    2.96730E+05    3.25958E-16    0.00000E+00    0.00000E+00    0.00000E+00    0.00000E+00
    3.10787E+05    7.36905E-16    0.00000E+00    0.00000E+00    0.00000E+00    0.00000E+00
    3.25509E+05    1.35087E-15    0.00000E+00    0.00000E+00    0.00000E+00    0.00000E+00
    3.40929E+05    2.65741E-15    0.00000E+00    0.00000E+00    0.00000E+00    0.00000E+00
    3.57078E+05    3.83991E-15    0.00000E+00    0.00000E+00    0.00000E+00    0.00000E+00
    3.73994E+05    5.77339E-15    0.00000E+00    0.00000E+00    0.00000E+00    0.00000E+00
    3.91710E+05    7.28658E-15    0.00000E+00    0.00000E+00    0.00000E+00    0.00000E+00
    4.10266E+05    1.19880E-14    0.00000E+00    0.00000E+00    0.00000E+00    0.00000E+00
    4.29700E+05    1.74232E-14    0.00000E+00    0.00000E+00    0.00000E+00    0.00000E+00
    4.50056E+05    2.01272E-14    0.00000E+00    0.00000E+00    0.00000E+00    0.00000E+00
    4.71375E+05    4.26658E-14    0.00000E+00    0.00000E+00    0.00000E+00    0.00000E+00
    4.93705E+05    5.17529E-14    0.00000E+00    0.00000E+00    0.00000E+00    0.00000E+00
    5.17092E+05    6.29257E-14    0.00000E+00    0.00000E+00    0.00000E+00    0.00000E+00
    5.41587E+05    6.37921E-14    0.00000E+00    0.00000E+00    0.00000E+00    0.00000E+00
    5.67243E+05    7.36518E-14    0.00000E+00    0.00000E+00    0.00000E+00    0.00000E+00
    5.94113E+05    8.49555E-14    0.00000E+00    0.00000E+00    0.00000E+00    0.00000E+00
    6.22257E+05    9.01471E-14    0.00000E+00    0.00000E+00    0.00000E+00    0.00000E+00
    6.51734E+05    1.22600E-13    0.00000E+00    0.00000E+00    0.00000E+00    0.00000E+00
    6.82607E+05    1.27218E-13    0.00000E+00    0.00000E+00    0.00000E+00    0.00000E+00
    7.14943E+05    1.29032E-13    0.00000E+00    0.00000E+00    0.00000E+00    0.00000E+00
    7.48810E+05    1.23034E-13    0.00000E+00    0.00000E+00    0.00000E+00    0.00000E+00
    7.84282E+05    1.68558E-13    0.00000E+00    0.00000E+00    0.00000E+00    0.00000E+00
    8.21434E+05    1.51377E-13    0.00000E+00    0.00000E+00    0.00000E+00    0.00000E+00
    8.60346E+05    1.40538E-13    0.00000E+00    0.00000E+00    0.00000E+00    0.00000E+00
    9.01102E+05    1.77077E-13    0.00000E+00    0.00000E+00    0.00000E+00    0.00000E+00
    9.43788E+05    1.65468E-13    0.00000E+00    0.00000E+00    0.00000E+00    0.00000E+00
    9.88496E+05    1.45239E-13    0.00000E+00    0.00000E+00    0.00000E+00    0.00000E+00
    1.03532E+06    1.57089E-13    0.00000E+00    0.00000E+00    0.00000E+00    0.00000E+00
    1.08437E+06    1.38230E-13    0.00000E+00    0.00000E+00    0.00000E+00    0.00000E+00
    1.13573E+06    1.49328E-13    0.00000E+00    0.00000E+00    0.00000E+00    0.00000E+00
    1.18953E+06    1.29547E-13    0.00000E+00    0.00000E+00    0.00000E+00    0.00000E+00
    1.24588E+06    1.26038E-13    0.00000E+00    0.00000E+00    0.00000E+00    0.00000E+00
    1.30490E+06    1.11245E-13    0.00000E+00    0.00000E+00    0.00000E+00    0.00000E+00
    1.36672E+06    1.06326E-13    0.00000E+00    0.00000E+00    0.00000E+00    0.00000E+00
    1.43146E+06    1.06900E-13    0.00000E+00    0.00000E+00    0.00000E+00    0.00000E+00
    1.49927E+06    8.45076E-14    0.00000E+00    0.00000E+00    0.00000E+00    0.00000E+00
    1.57029E+06    8.02571E-14    0.00000E+00    0.00000E+00    0.00000E+00    0.00000E+00
    1.64468E+06    7.92576E-14    0.00000E+00    0.00000E+00    0.00000E+00    0.00000E+00
    1.72259E+06    7.21219E-14    0.00000E+00    0.00000E+00    0.00000E+00    0.00000E+00
    1.80419E+06    6.61074E-14    0.00000E+00    0.00000E+00    0.00000E+00    0.00000E+00
    1.88965E+06    5.41172E-14    0.00000E+00    0.00000E+00    0.00000E+00    0.00000E+00
    1.97917E+06    5.32403E-14    0.00000E+00    0.00000E+00    0.00000E+00    0.00000E+00
    2.07292E+06    4.81694E-14    0.00000E+00    0.00000E+00    0.00000E+00    0.00000E+00
    2.17112E+06    4.41015E-14    0.00000E+00    0.00000E+00    0.00000E+00    0.00000E+00
    2.27397E+06    3.69059E-14    0.00000E+00    0.00000E+00    0.00000E+00    0.00000E+00
    2.38169E+06    3.40624E-14    0.00000E+00    0.00000E+00    0.00000E+00    0.00000E+00
    2.49451E+06    3.04956E-14    0.00000E+00    0.00000E+00    0.00000E+00    0.00000E+00
    2.61268E+06    2.80082E-14    0.00000E+00    0.00000E+00    0.00000E+00    0.00000E+00
    2.73644E+06    2.21710E-14    0.00000E+00    0.00000E+00    0.00000E+00    0.00000E+00
    2.86607E+06    2.06072E-14    0.00000E+00    0.00000E+00    0.00000E+00    0.00000E+00
    3.00184E+06    1.81554E-14    0.00000E+00    0.00000E+00    0.00000E+00    0.00000E+00
    3.14404E+06    1.62936E-14    0.00000E+00    0.00000E+00    0.00000E+00    0.00000E+00
    3.29297E+06    1.39252E-14    0.00000E+00    0.00000E+00    0.00000E+00    0.00000E+00
    3.44896E+06    1.26025E-14    0.00000E+00    0.00000E+00    0.00000E+00    0.00000E+00
    3.61234E+06    1.06475E-14    0.00000E+00    0.00000E+00    0.00000E+00    0.00000E+00
    3.78346E+06    9.85822E-15    0.00000E+00    0.00000E+00    0.00000E+00    0.00000E+00
    3.96269E+06    8.32022E-15    0.00000E+00    0.00000E+00    0.00000E+00    0.00000E+00
    4.15040E+06    7.21390E-15    0.00000E+00    0.00000E+00    0.00000E+00    0.00000E+00
    4.34701E+06    6.12731E-15    0.00000E+00    0.00000E+00    0.00000E+00    0.00000E+00
    4.55293E+06    5.88914E-15    0.00000E+00    0.00000E+00    0.00000E+00    0.00000E+00
    4.76861E+06    5.21169E-15    0.00000E+00    0.00000E+00    0.00000E+00    0.00000E+00
    4.99451E+06    4.45308E-15    0.00000E+00    0.00000E+00    0.00000E+00    0.00000E+00
    5.23110E+06    3.68744E-15    0.00000E+00    0.00000E+00    0.00000E+00    0.00000E+00
    5.47890E+06    3.34203E-15    0.00000E+00    0.00000E+00    0.00000E+00    0.00000E+00
    5.73844E+06    3.02399E-15    0.00000E+00    0.00000E+00    0.00000E+00    0.00000E+00
    6.01028E+06    2.59690E-15    0.00000E+00    0.00000E+00    0.00000E+00    0.00000E+00
    6.29499E+06    2.09029E-15    0.00000E+00    0.00000E+00    0.00000E+00    0.00000E+00
    6.59319E+06    1.90014E-15    0.00000E+00    0.00000E+00    0.00000E+00    0.00000E+00
    6.90551E+06    1.68277E-15    0.00000E+00    0.00000E+00    0.00000E+00    0.00000E+00
    7.23264E+06    1.47833E-15    0.00000E+00    0.00000E+00    0.00000E+00    0.00000E+00
    7.57525E+06    1.32433E-15    0.00000E+00    0.00000E+00    0.00000E+00    0.00000E+00
    7.93410E+06    1.09295E-15    0.00000E+00    0.00000E+00    0.00000E+00    0.00000E+00
    8.30994E+06    9.74703E-16    0.00000E+00    0.00000E+00    0.00000E+00    0.00000E+00
    8.70359E+06    8.37722E-16    0.00000E+00    0.00000E+00    0.00000E+00    0.00000E+00
    9.11589E+06    7.29333E-16    0.00000E+00    0.00000E+00    0.00000E+00    0.00000E+00
    9.54771E+06    6.74453E-16    0.00000E+00    0.00000E+00    0.00000E+00    0.00000E+00
    1.00000E+07    5.69680E-16    0.00000E+00    0.00000E+00    0.00000E+00    0.00000E+00
