 # Columns are: Lambda (Angstroms) and Flux (Flux * lambda) (ergs/s/cm^2)
    1.00000E+03    0.00000E+00    0.00000E+00    0.00000E+00    0.00000E+00    0.00000E+00
    1.04737E+03    0.00000E+00    0.00000E+00    0.00000E+00    0.00000E+00    0.00000E+00
    1.09699E+03    0.00000E+00    0.00000E+00    0.00000E+00    0.00000E+00    0.00000E+00
    1.14895E+03    0.00000E+00    0.00000E+00    0.00000E+00    0.00000E+00    0.00000E+00
    1.20338E+03    0.00000E+00    0.00000E+00    0.00000E+00    0.00000E+00    0.00000E+00
    1.26038E+03    0.00000E+00    0.00000E+00    0.00000E+00    0.00000E+00    0.00000E+00
    1.32009E+03    0.00000E+00    0.00000E+00    0.00000E+00    0.00000E+00    0.00000E+00
    1.38262E+03    0.00000E+00    0.00000E+00    0.00000E+00    0.00000E+00    0.00000E+00
    1.44812E+03    0.00000E+00    0.00000E+00    0.00000E+00    0.00000E+00    0.00000E+00
    1.51672E+03    0.00000E+00    0.00000E+00    0.00000E+00    0.00000E+00    0.00000E+00
    1.58857E+03    0.00000E+00    0.00000E+00    0.00000E+00    0.00000E+00    0.00000E+00
    1.66382E+03    0.00000E+00    0.00000E+00    0.00000E+00    0.00000E+00    0.00000E+00
    1.74263E+03    0.00000E+00    0.00000E+00    0.00000E+00    0.00000E+00    0.00000E+00
    1.82518E+03    0.00000E+00    0.00000E+00    0.00000E+00    0.00000E+00    0.00000E+00
    1.91164E+03    0.00000E+00    0.00000E+00    0.00000E+00    0.00000E+00    0.00000E+00
    2.00220E+03    0.00000E+00    0.00000E+00    0.00000E+00    0.00000E+00    0.00000E+00
    2.09705E+03    0.00000E+00    0.00000E+00    0.00000E+00    0.00000E+00    0.00000E+00
    2.19639E+03    0.00000E+00    0.00000E+00    0.00000E+00    0.00000E+00    0.00000E+00
    2.30043E+03    0.00000E+00    0.00000E+00    0.00000E+00    0.00000E+00    0.00000E+00
    2.40940E+03    0.00000E+00    0.00000E+00    0.00000E+00    0.00000E+00    0.00000E+00
    2.52354E+03    0.00000E+00    0.00000E+00    0.00000E+00    0.00000E+00    0.00000E+00
    2.64308E+03    0.00000E+00    0.00000E+00    0.00000E+00    0.00000E+00    0.00000E+00
    2.76829E+03    0.00000E+00    0.00000E+00    0.00000E+00    0.00000E+00    0.00000E+00
    2.89942E+03    0.00000E+00    0.00000E+00    0.00000E+00    0.00000E+00    0.00000E+00
    3.03677E+03    0.00000E+00    0.00000E+00    0.00000E+00    0.00000E+00    0.00000E+00
    3.18063E+03    0.00000E+00    0.00000E+00    0.00000E+00    0.00000E+00    0.00000E+00
    3.33129E+03    0.00000E+00    0.00000E+00    0.00000E+00    0.00000E+00    0.00000E+00
    3.48910E+03    0.00000E+00    0.00000E+00    0.00000E+00    0.00000E+00    0.00000E+00
    3.65438E+03    0.00000E+00    0.00000E+00    0.00000E+00    0.00000E+00    0.00000E+00
    3.82749E+03    0.00000E+00    0.00000E+00    0.00000E+00    0.00000E+00    0.00000E+00
    4.00881E+03    0.00000E+00    0.00000E+00    0.00000E+00    0.00000E+00    0.00000E+00
    4.19871E+03    0.00000E+00    0.00000E+00    0.00000E+00    0.00000E+00    0.00000E+00
    4.39760E+03    0.00000E+00    0.00000E+00    0.00000E+00    0.00000E+00    0.00000E+00
    4.60592E+03    0.00000E+00    0.00000E+00    0.00000E+00    0.00000E+00    0.00000E+00
    4.82411E+03    0.00000E+00    0.00000E+00    0.00000E+00    0.00000E+00    0.00000E+00
    5.05263E+03    0.00000E+00    0.00000E+00    0.00000E+00    0.00000E+00    0.00000E+00
    5.29198E+03    0.00000E+00    0.00000E+00    0.00000E+00    0.00000E+00    0.00000E+00
    5.54266E+03    0.00000E+00    0.00000E+00    0.00000E+00    0.00000E+00    0.00000E+00
    5.80523E+03    0.00000E+00    0.00000E+00    0.00000E+00    0.00000E+00    0.00000E+00
    6.08022E+03    0.00000E+00    0.00000E+00    0.00000E+00    0.00000E+00    0.00000E+00
    6.36825E+03    0.00000E+00    0.00000E+00    0.00000E+00    0.00000E+00    0.00000E+00
    6.66992E+03    0.00000E+00    0.00000E+00    0.00000E+00    0.00000E+00    0.00000E+00
    6.98588E+03    0.00000E+00    0.00000E+00    0.00000E+00    0.00000E+00    0.00000E+00
    7.31681E+03    0.00000E+00    0.00000E+00    0.00000E+00    0.00000E+00    0.00000E+00
    7.66341E+03    0.00000E+00    0.00000E+00    0.00000E+00    0.00000E+00    0.00000E+00
    8.02643E+03    0.00000E+00    0.00000E+00    0.00000E+00    0.00000E+00    0.00000E+00
    8.40665E+03    0.00000E+00    0.00000E+00    0.00000E+00    0.00000E+00    0.00000E+00
    8.80488E+03    0.00000E+00    0.00000E+00    0.00000E+00    0.00000E+00    0.00000E+00
    9.22198E+03    0.00000E+00    0.00000E+00    0.00000E+00    0.00000E+00    0.00000E+00
    9.65883E+03    0.00000E+00    0.00000E+00    0.00000E+00    0.00000E+00    0.00000E+00
    1.01164E+04    0.00000E+00    0.00000E+00    0.00000E+00    0.00000E+00    0.00000E+00
    1.05956E+04    0.00000E+00    0.00000E+00    0.00000E+00    0.00000E+00    0.00000E+00
    1.10975E+04    0.00000E+00    0.00000E+00    0.00000E+00    0.00000E+00    0.00000E+00
    1.16232E+04    0.00000E+00    0.00000E+00    0.00000E+00    0.00000E+00    0.00000E+00
    1.21738E+04    0.00000E+00    0.00000E+00    0.00000E+00    0.00000E+00    0.00000E+00
    1.27505E+04    0.00000E+00    0.00000E+00    0.00000E+00    0.00000E+00    0.00000E+00
    1.33545E+04    0.00000E+00    0.00000E+00    0.00000E+00    0.00000E+00    0.00000E+00
    1.39871E+04    0.00000E+00    0.00000E+00    0.00000E+00    0.00000E+00    0.00000E+00
    1.46497E+04    0.00000E+00    0.00000E+00    0.00000E+00    0.00000E+00    0.00000E+00
    1.53437E+04    0.00000E+00    0.00000E+00    0.00000E+00    0.00000E+00    0.00000E+00
    1.60705E+04    0.00000E+00    0.00000E+00    0.00000E+00    0.00000E+00    0.00000E+00
    1.68318E+04    0.00000E+00    0.00000E+00    0.00000E+00    0.00000E+00    0.00000E+00
    1.76291E+04    0.00000E+00    0.00000E+00    0.00000E+00    0.00000E+00    0.00000E+00
    1.84642E+04    0.00000E+00    0.00000E+00    0.00000E+00    0.00000E+00    0.00000E+00
    1.93389E+04    0.00000E+00    0.00000E+00    0.00000E+00    0.00000E+00    0.00000E+00
    2.02550E+04    0.00000E+00    0.00000E+00    0.00000E+00    0.00000E+00    0.00000E+00
    2.12145E+04    0.00000E+00    0.00000E+00    0.00000E+00    0.00000E+00    0.00000E+00
    2.22195E+04    0.00000E+00    0.00000E+00    0.00000E+00    0.00000E+00    0.00000E+00
    2.32720E+04    0.00000E+00    0.00000E+00    0.00000E+00    0.00000E+00    0.00000E+00
    2.43744E+04    5.51522E-51    0.00000E+00    0.00000E+00    0.00000E+00    0.00000E+00
    2.55291E+04    4.44566E-48    0.00000E+00    0.00000E+00    0.00000E+00    0.00000E+00
    2.67384E+04    1.46501E-45    0.00000E+00    0.00000E+00    0.00000E+00    0.00000E+00
    2.80050E+04    2.29978E-43    0.00000E+00    0.00000E+00    0.00000E+00    0.00000E+00
    2.93317E+04    1.89047E-41    0.00000E+00    0.00000E+00    0.00000E+00    0.00000E+00
    3.07211E+04    8.92138E-40    0.00000E+00    0.00000E+00    0.00000E+00    0.00000E+00
    3.21764E+04    2.36567E-38    0.00000E+00    0.00000E+00    0.00000E+00    0.00000E+00
    3.37006E+04    4.47615E-37    0.00000E+00    0.00000E+00    0.00000E+00    0.00000E+00
    3.52971E+04    7.44671E-36    0.00000E+00    0.00000E+00    0.00000E+00    0.00000E+00
    3.69691E+04    9.43348E-35    0.00000E+00    0.00000E+00    0.00000E+00    0.00000E+00
    3.87204E+04    9.22787E-34    0.00000E+00    0.00000E+00    0.00000E+00    0.00000E+00
    4.05546E+04    7.37802E-33    0.00000E+00    0.00000E+00    0.00000E+00    0.00000E+00
    4.24757E+04    5.29630E-32    0.00000E+00    0.00000E+00    0.00000E+00    0.00000E+00
    4.44878E+04    3.31764E-31    0.00000E+00    0.00000E+00    0.00000E+00    0.00000E+00
    4.65953E+04    1.51209E-30    0.00000E+00    0.00000E+00    0.00000E+00    0.00000E+00
    4.88025E+04    5.60207E-30    0.00000E+00    0.00000E+00    0.00000E+00    0.00000E+00
    5.11143E+04    1.51181E-29    0.00000E+00    0.00000E+00    0.00000E+00    0.00000E+00
    5.35357E+04    2.83686E-29    0.00000E+00    0.00000E+00    0.00000E+00    0.00000E+00
    5.60717E+04    3.60354E-29    0.00000E+00    0.00000E+00    0.00000E+00    0.00000E+00
    5.87279E+04    3.07310E-29    0.00000E+00    0.00000E+00    0.00000E+00    0.00000E+00
    6.15099E+04    1.86469E-29    0.00000E+00    0.00000E+00    0.00000E+00    0.00000E+00
    6.44236E+04    1.39953E-29    0.00000E+00    0.00000E+00    0.00000E+00    0.00000E+00
    6.74754E+04    1.54254E-29    0.00000E+00    0.00000E+00    0.00000E+00    0.00000E+00
    7.06718E+04    1.24031E-29    0.00000E+00    0.00000E+00    0.00000E+00    0.00000E+00
    7.40196E+04    5.52193E-32    0.00000E+00    0.00000E+00    0.00000E+00    0.00000E+00
    7.75260E+04    7.39976E-45    0.00000E+00    0.00000E+00    0.00000E+00    0.00000E+00
    8.11984E+04    0.00000E+00    0.00000E+00    0.00000E+00    0.00000E+00    0.00000E+00
    8.50449E+04    0.00000E+00    0.00000E+00    0.00000E+00    0.00000E+00    0.00000E+00
    8.90735E+04    0.00000E+00    0.00000E+00    0.00000E+00    0.00000E+00    0.00000E+00
    9.32930E+04    0.00000E+00    0.00000E+00    0.00000E+00    0.00000E+00    0.00000E+00
    9.77124E+04    0.00000E+00    0.00000E+00    0.00000E+00    0.00000E+00    0.00000E+00
    1.02341E+05    0.00000E+00    0.00000E+00    0.00000E+00    0.00000E+00    0.00000E+00
    1.07189E+05    0.00000E+00    0.00000E+00    0.00000E+00    0.00000E+00    0.00000E+00
    1.12267E+05    0.00000E+00    0.00000E+00    0.00000E+00    0.00000E+00    0.00000E+00
    1.17585E+05    0.00000E+00    0.00000E+00    0.00000E+00    0.00000E+00    0.00000E+00
    1.23155E+05    0.00000E+00    0.00000E+00    0.00000E+00    0.00000E+00    0.00000E+00
    1.28989E+05    0.00000E+00    0.00000E+00    0.00000E+00    0.00000E+00    0.00000E+00
    1.35099E+05    0.00000E+00    0.00000E+00    0.00000E+00    0.00000E+00    0.00000E+00
    1.41499E+05    0.00000E+00    0.00000E+00    0.00000E+00    0.00000E+00    0.00000E+00
    1.48202E+05    0.00000E+00    0.00000E+00    0.00000E+00    0.00000E+00    0.00000E+00
    1.55222E+05    0.00000E+00    0.00000E+00    0.00000E+00    0.00000E+00    0.00000E+00
    1.62576E+05    0.00000E+00    0.00000E+00    0.00000E+00    0.00000E+00    0.00000E+00
    1.70277E+05    0.00000E+00    0.00000E+00    0.00000E+00    0.00000E+00    0.00000E+00
    1.78343E+05    0.00000E+00    0.00000E+00    0.00000E+00    0.00000E+00    0.00000E+00
    1.86791E+05    0.00000E+00    0.00000E+00    0.00000E+00    0.00000E+00    0.00000E+00
    1.95640E+05    0.00000E+00    0.00000E+00    0.00000E+00    0.00000E+00    0.00000E+00
    2.04907E+05    0.00000E+00    0.00000E+00    0.00000E+00    0.00000E+00    0.00000E+00
    2.14614E+05    0.00000E+00    0.00000E+00    0.00000E+00    0.00000E+00    0.00000E+00
    2.24781E+05    0.00000E+00    0.00000E+00    0.00000E+00    0.00000E+00    0.00000E+00
    2.35429E+05    0.00000E+00    0.00000E+00    0.00000E+00    0.00000E+00    0.00000E+00
    2.46581E+05    0.00000E+00    0.00000E+00    0.00000E+00    0.00000E+00    0.00000E+00
    2.58262E+05    4.65767E-50    0.00000E+00    0.00000E+00    0.00000E+00    0.00000E+00
    2.70496E+05    1.01339E-46    0.00000E+00    0.00000E+00    0.00000E+00    0.00000E+00
    2.83310E+05    1.02100E-43    0.00000E+00    0.00000E+00    0.00000E+00    0.00000E+00
    2.96730E+05    4.39095E-41    0.00000E+00    0.00000E+00    0.00000E+00    0.00000E+00
    3.10787E+05    1.37555E-38    0.00000E+00    0.00000E+00    0.00000E+00    0.00000E+00
    3.25509E+05    1.69683E-36    0.00000E+00    0.00000E+00    0.00000E+00    0.00000E+00
    3.40929E+05    1.66356E-34    0.00000E+00    0.00000E+00    0.00000E+00    0.00000E+00
    3.57078E+05    8.09037E-33    0.00000E+00    0.00000E+00    0.00000E+00    0.00000E+00
    3.73994E+05    2.62544E-31    0.00000E+00    0.00000E+00    0.00000E+00    0.00000E+00
    3.91710E+05    7.01352E-30    0.00000E+00    0.00000E+00    0.00000E+00    0.00000E+00
    4.10266E+05    1.41290E-28    0.00000E+00    0.00000E+00    0.00000E+00    0.00000E+00
    4.29700E+05    2.35527E-27    0.00000E+00    0.00000E+00    0.00000E+00    0.00000E+00
    4.50056E+05    3.05291E-26    0.00000E+00    0.00000E+00    0.00000E+00    0.00000E+00
    4.71375E+05    3.17644E-25    0.00000E+00    0.00000E+00    0.00000E+00    0.00000E+00
    4.93705E+05    2.81985E-24    0.00000E+00    0.00000E+00    0.00000E+00    0.00000E+00
    5.17092E+05    1.73161E-23    0.00000E+00    0.00000E+00    0.00000E+00    0.00000E+00
    5.41587E+05    1.07310E-22    0.00000E+00    0.00000E+00    0.00000E+00    0.00000E+00
    5.67243E+05    4.78398E-22    0.00000E+00    0.00000E+00    0.00000E+00    0.00000E+00
    5.94113E+05    1.98567E-21    0.00000E+00    0.00000E+00    0.00000E+00    0.00000E+00
    6.22257E+05    7.33776E-21    0.00000E+00    0.00000E+00    0.00000E+00    0.00000E+00
    6.51734E+05    2.22480E-20    0.00000E+00    0.00000E+00    0.00000E+00    0.00000E+00
    6.82607E+05    5.94612E-20    0.00000E+00    0.00000E+00    0.00000E+00    0.00000E+00
    7.14943E+05    1.42072E-19    0.00000E+00    0.00000E+00    0.00000E+00    0.00000E+00
    7.48810E+05    3.14382E-19    0.00000E+00    0.00000E+00    0.00000E+00    0.00000E+00
    7.84282E+05    6.19031E-19    0.00000E+00    0.00000E+00    0.00000E+00    0.00000E+00
    8.21434E+05    1.18021E-18    0.00000E+00    0.00000E+00    0.00000E+00    0.00000E+00
    8.60346E+05    2.34127E-18    0.00000E+00    0.00000E+00    0.00000E+00    0.00000E+00
    9.01102E+05    3.61689E-18    0.00000E+00    0.00000E+00    0.00000E+00    0.00000E+00
    9.43788E+05    5.04203E-18    0.00000E+00    0.00000E+00    0.00000E+00    0.00000E+00
    9.88496E+05    7.04562E-18    0.00000E+00    0.00000E+00    0.00000E+00    0.00000E+00
    1.03532E+06    1.11964E-17    0.00000E+00    0.00000E+00    0.00000E+00    0.00000E+00
    1.08437E+06    1.15348E-17    0.00000E+00    0.00000E+00    0.00000E+00    0.00000E+00
    1.13573E+06    1.73120E-17    0.00000E+00    0.00000E+00    0.00000E+00    0.00000E+00
    1.18953E+06    2.48162E-17    0.00000E+00    0.00000E+00    0.00000E+00    0.00000E+00
    1.24588E+06    3.46944E-17    0.00000E+00    0.00000E+00    0.00000E+00    0.00000E+00
    1.30490E+06    2.23175E-17    0.00000E+00    0.00000E+00    0.00000E+00    0.00000E+00
    1.36672E+06    2.77361E-17    0.00000E+00    0.00000E+00    0.00000E+00    0.00000E+00
    1.43146E+06    3.44749E-17    0.00000E+00    0.00000E+00    0.00000E+00    0.00000E+00
    1.49927E+06    4.08686E-17    0.00000E+00    0.00000E+00    0.00000E+00    0.00000E+00
    1.57029E+06    4.44569E-17    0.00000E+00    0.00000E+00    0.00000E+00    0.00000E+00
    1.64468E+06    4.83396E-17    0.00000E+00    0.00000E+00    0.00000E+00    0.00000E+00
    1.72259E+06    5.42521E-17    0.00000E+00    0.00000E+00    0.00000E+00    0.00000E+00
    1.80419E+06    5.87174E-17    0.00000E+00    0.00000E+00    0.00000E+00    0.00000E+00
    1.88965E+06    5.76895E-17    0.00000E+00    0.00000E+00    0.00000E+00    0.00000E+00
    1.97917E+06    5.72104E-17    0.00000E+00    0.00000E+00    0.00000E+00    0.00000E+00
    2.07292E+06    5.75954E-17    0.00000E+00    0.00000E+00    0.00000E+00    0.00000E+00
    2.17112E+06    5.48378E-17    0.00000E+00    0.00000E+00    0.00000E+00    0.00000E+00
    2.27397E+06    5.54331E-17    0.00000E+00    0.00000E+00    0.00000E+00    0.00000E+00
    2.38169E+06    5.51395E-17    0.00000E+00    0.00000E+00    0.00000E+00    0.00000E+00
    2.49451E+06    5.09659E-17    0.00000E+00    0.00000E+00    0.00000E+00    0.00000E+00
    2.61268E+06    4.52794E-17    0.00000E+00    0.00000E+00    0.00000E+00    0.00000E+00
    2.73644E+06    4.40395E-17    0.00000E+00    0.00000E+00    0.00000E+00    0.00000E+00
    2.86607E+06    3.88209E-17    0.00000E+00    0.00000E+00    0.00000E+00    0.00000E+00
    3.00184E+06    3.78054E-17    0.00000E+00    0.00000E+00    0.00000E+00    0.00000E+00
    3.14404E+06    3.01545E-17    0.00000E+00    0.00000E+00    0.00000E+00    0.00000E+00
    3.29297E+06    2.78041E-17    0.00000E+00    0.00000E+00    0.00000E+00    0.00000E+00
    3.44896E+06    2.47214E-17    0.00000E+00    0.00000E+00    0.00000E+00    0.00000E+00
    3.61234E+06    2.08159E-17    0.00000E+00    0.00000E+00    0.00000E+00    0.00000E+00
    3.78346E+06    1.71849E-17    0.00000E+00    0.00000E+00    0.00000E+00    0.00000E+00
    3.96269E+06    1.60210E-17    0.00000E+00    0.00000E+00    0.00000E+00    0.00000E+00
    4.15040E+06    1.36782E-17    0.00000E+00    0.00000E+00    0.00000E+00    0.00000E+00
    4.34701E+06    1.20695E-17    0.00000E+00    0.00000E+00    0.00000E+00    0.00000E+00
    4.55293E+06    9.59879E-18    0.00000E+00    0.00000E+00    0.00000E+00    0.00000E+00
    4.76861E+06    8.30946E-18    0.00000E+00    0.00000E+00    0.00000E+00    0.00000E+00
    4.99451E+06    7.19501E-18    0.00000E+00    0.00000E+00    0.00000E+00    0.00000E+00
    5.23110E+06    5.57487E-18    0.00000E+00    0.00000E+00    0.00000E+00    0.00000E+00
    5.47890E+06    5.15986E-18    0.00000E+00    0.00000E+00    0.00000E+00    0.00000E+00
    5.73844E+06    4.34531E-18    0.00000E+00    0.00000E+00    0.00000E+00    0.00000E+00
    6.01028E+06    3.35966E-18    0.00000E+00    0.00000E+00    0.00000E+00    0.00000E+00
    6.29499E+06    5.54452E-18    0.00000E+00    0.00000E+00    0.00000E+00    0.00000E+00
    6.59319E+06    4.64902E-18    0.00000E+00    0.00000E+00    0.00000E+00    0.00000E+00
    6.90551E+06    4.13776E-18    0.00000E+00    0.00000E+00    0.00000E+00    0.00000E+00
    7.23264E+06    3.28468E-18    0.00000E+00    0.00000E+00    0.00000E+00    0.00000E+00
    7.57525E+06    2.68978E-18    0.00000E+00    0.00000E+00    0.00000E+00    0.00000E+00
    7.93410E+06    2.08133E-18    0.00000E+00    0.00000E+00    0.00000E+00    0.00000E+00
    8.30994E+06    1.78402E-18    0.00000E+00    0.00000E+00    0.00000E+00    0.00000E+00
    8.70359E+06    2.17715E-18    0.00000E+00    0.00000E+00    0.00000E+00    0.00000E+00
    9.11589E+06    1.80434E-18    0.00000E+00    0.00000E+00    0.00000E+00    0.00000E+00
    9.54771E+06    1.49291E-18    0.00000E+00    0.00000E+00    0.00000E+00    0.00000E+00
    1.00000E+07    1.19660E-18    0.00000E+00    0.00000E+00    0.00000E+00    0.00000E+00
