 # Columns are: Lambda (Angstroms) and Flux (Flux * lambda) (ergs/s/cm^2)
    1.00000E+03    0.00000E+00    0.00000E+00    0.00000E+00    0.00000E+00    0.00000E+00
    1.04737E+03    0.00000E+00    0.00000E+00    0.00000E+00    0.00000E+00    0.00000E+00
    1.09699E+03    0.00000E+00    0.00000E+00    0.00000E+00    0.00000E+00    0.00000E+00
    1.14895E+03    0.00000E+00    0.00000E+00    0.00000E+00    0.00000E+00    0.00000E+00
    1.20338E+03    0.00000E+00    0.00000E+00    0.00000E+00    0.00000E+00    0.00000E+00
    1.26038E+03    0.00000E+00    0.00000E+00    0.00000E+00    0.00000E+00    0.00000E+00
    1.32009E+03    0.00000E+00    0.00000E+00    0.00000E+00    0.00000E+00    0.00000E+00
    1.38262E+03    0.00000E+00    0.00000E+00    0.00000E+00    0.00000E+00    0.00000E+00
    1.44812E+03    0.00000E+00    0.00000E+00    0.00000E+00    0.00000E+00    0.00000E+00
    1.51672E+03    0.00000E+00    0.00000E+00    0.00000E+00    0.00000E+00    0.00000E+00
    1.58857E+03    0.00000E+00    0.00000E+00    0.00000E+00    0.00000E+00    0.00000E+00
    1.66382E+03    0.00000E+00    0.00000E+00    0.00000E+00    0.00000E+00    0.00000E+00
    1.74263E+03    0.00000E+00    0.00000E+00    0.00000E+00    0.00000E+00    0.00000E+00
    1.82518E+03    0.00000E+00    0.00000E+00    0.00000E+00    0.00000E+00    0.00000E+00
    1.91164E+03    0.00000E+00    0.00000E+00    0.00000E+00    0.00000E+00    0.00000E+00
    2.00220E+03    0.00000E+00    0.00000E+00    0.00000E+00    0.00000E+00    0.00000E+00
    2.09705E+03    0.00000E+00    0.00000E+00    0.00000E+00    0.00000E+00    0.00000E+00
    2.19639E+03    0.00000E+00    0.00000E+00    0.00000E+00    0.00000E+00    0.00000E+00
    2.30043E+03    0.00000E+00    0.00000E+00    0.00000E+00    0.00000E+00    0.00000E+00
    2.40940E+03    0.00000E+00    0.00000E+00    0.00000E+00    0.00000E+00    0.00000E+00
    2.52354E+03    0.00000E+00    0.00000E+00    0.00000E+00    0.00000E+00    0.00000E+00
    2.64308E+03    0.00000E+00    0.00000E+00    0.00000E+00    0.00000E+00    0.00000E+00
    2.76829E+03    0.00000E+00    0.00000E+00    0.00000E+00    0.00000E+00    0.00000E+00
    2.89942E+03    0.00000E+00    0.00000E+00    0.00000E+00    0.00000E+00    0.00000E+00
    3.03677E+03    0.00000E+00    0.00000E+00    0.00000E+00    0.00000E+00    0.00000E+00
    3.18063E+03    0.00000E+00    0.00000E+00    0.00000E+00    0.00000E+00    0.00000E+00
    3.33129E+03    0.00000E+00    0.00000E+00    0.00000E+00    0.00000E+00    0.00000E+00
    3.48910E+03    0.00000E+00    0.00000E+00    0.00000E+00    0.00000E+00    0.00000E+00
    3.65438E+03    0.00000E+00    0.00000E+00    0.00000E+00    0.00000E+00    0.00000E+00
    3.82749E+03    0.00000E+00    0.00000E+00    0.00000E+00    0.00000E+00    0.00000E+00
    4.00881E+03    0.00000E+00    0.00000E+00    0.00000E+00    0.00000E+00    0.00000E+00
    4.19871E+03    0.00000E+00    0.00000E+00    0.00000E+00    0.00000E+00    0.00000E+00
    4.39760E+03    0.00000E+00    0.00000E+00    0.00000E+00    0.00000E+00    0.00000E+00
    4.60592E+03    0.00000E+00    0.00000E+00    0.00000E+00    0.00000E+00    0.00000E+00
    4.82411E+03    0.00000E+00    0.00000E+00    0.00000E+00    0.00000E+00    0.00000E+00
    5.05263E+03    0.00000E+00    0.00000E+00    0.00000E+00    0.00000E+00    0.00000E+00
    5.29198E+03    0.00000E+00    0.00000E+00    0.00000E+00    0.00000E+00    0.00000E+00
    5.54266E+03    0.00000E+00    0.00000E+00    0.00000E+00    0.00000E+00    0.00000E+00
    5.80523E+03    0.00000E+00    0.00000E+00    0.00000E+00    0.00000E+00    0.00000E+00
    6.08022E+03    0.00000E+00    0.00000E+00    0.00000E+00    0.00000E+00    0.00000E+00
    6.36825E+03    0.00000E+00    0.00000E+00    0.00000E+00    0.00000E+00    0.00000E+00
    6.66992E+03    0.00000E+00    0.00000E+00    0.00000E+00    0.00000E+00    0.00000E+00
    6.98588E+03    0.00000E+00    0.00000E+00    0.00000E+00    0.00000E+00    0.00000E+00
    7.31681E+03    0.00000E+00    0.00000E+00    0.00000E+00    0.00000E+00    0.00000E+00
    7.66341E+03    0.00000E+00    0.00000E+00    0.00000E+00    0.00000E+00    0.00000E+00
    8.02643E+03    0.00000E+00    0.00000E+00    0.00000E+00    0.00000E+00    0.00000E+00
    8.40665E+03    0.00000E+00    0.00000E+00    0.00000E+00    0.00000E+00    0.00000E+00
    8.80488E+03    0.00000E+00    0.00000E+00    0.00000E+00    0.00000E+00    0.00000E+00
    9.22198E+03    0.00000E+00    0.00000E+00    0.00000E+00    0.00000E+00    0.00000E+00
    9.65883E+03    0.00000E+00    0.00000E+00    0.00000E+00    0.00000E+00    0.00000E+00
    1.01164E+04    0.00000E+00    0.00000E+00    0.00000E+00    0.00000E+00    0.00000E+00
    1.05956E+04    0.00000E+00    0.00000E+00    0.00000E+00    0.00000E+00    0.00000E+00
    1.10975E+04    0.00000E+00    0.00000E+00    0.00000E+00    0.00000E+00    0.00000E+00
    1.16232E+04    0.00000E+00    0.00000E+00    0.00000E+00    0.00000E+00    0.00000E+00
    1.21738E+04    0.00000E+00    0.00000E+00    0.00000E+00    0.00000E+00    0.00000E+00
    1.27505E+04    0.00000E+00    0.00000E+00    0.00000E+00    0.00000E+00    0.00000E+00
    1.33545E+04    0.00000E+00    0.00000E+00    0.00000E+00    0.00000E+00    0.00000E+00
    1.39871E+04    0.00000E+00    0.00000E+00    0.00000E+00    0.00000E+00    0.00000E+00
    1.46497E+04    7.13871E-33    0.00000E+00    0.00000E+00    0.00000E+00    0.00000E+00
    1.53437E+04    3.25972E-36    0.00000E+00    0.00000E+00    0.00000E+00    0.00000E+00
    1.60705E+04    3.35594E-31    0.00000E+00    0.00000E+00    0.00000E+00    0.00000E+00
    1.68318E+04    0.00000E+00    0.00000E+00    0.00000E+00    0.00000E+00    0.00000E+00
    1.76291E+04    2.19029E-13    0.00000E+00    0.00000E+00    0.00000E+00    0.00000E+00
    1.84642E+04    2.19442E-15    0.00000E+00    0.00000E+00    0.00000E+00    0.00000E+00
    1.93389E+04    7.59844E-10    0.00000E+00    0.00000E+00    0.00000E+00    0.00000E+00
    2.02550E+04    2.71962E-10    0.00000E+00    0.00000E+00    0.00000E+00    0.00000E+00
    2.12145E+04    3.60746E-10    0.00000E+00    0.00000E+00    0.00000E+00    0.00000E+00
    2.22195E+04    3.36049E-11    0.00000E+00    0.00000E+00    0.00000E+00    0.00000E+00
    2.32720E+04    4.50216E-10    0.00000E+00    0.00000E+00    0.00000E+00    0.00000E+00
    2.43744E+04    1.30824E-09    0.00000E+00    0.00000E+00    0.00000E+00    0.00000E+00
    2.55291E+04    3.29838E-09    0.00000E+00    0.00000E+00    0.00000E+00    0.00000E+00
    2.67384E+04    5.85353E-09    0.00000E+00    0.00000E+00    0.00000E+00    0.00000E+00
    2.80050E+04    5.50954E-09    0.00000E+00    0.00000E+00    0.00000E+00    0.00000E+00
    2.93317E+04    4.69700E-09    0.00000E+00    0.00000E+00    0.00000E+00    0.00000E+00
    3.07211E+04    3.68917E-09    0.00000E+00    0.00000E+00    0.00000E+00    0.00000E+00
    3.21764E+04    2.59004E-10    0.00000E+00    0.00000E+00    0.00000E+00    0.00000E+00
    3.37006E+04    3.36119E-09    0.00000E+00    0.00000E+00    0.00000E+00    0.00000E+00
    3.52971E+04    1.12358E-10    0.00000E+00    0.00000E+00    0.00000E+00    0.00000E+00
    3.69691E+04    3.34022E-14    0.00000E+00    0.00000E+00    0.00000E+00    0.00000E+00
    3.87204E+04    1.29508E-09    0.00000E+00    0.00000E+00    0.00000E+00    0.00000E+00
    4.05546E+04    7.16278E-09    0.00000E+00    0.00000E+00    0.00000E+00    0.00000E+00
    4.24757E+04    8.01516E-13    0.00000E+00    0.00000E+00    0.00000E+00    0.00000E+00
    4.44878E+04    6.98264E-10    0.00000E+00    0.00000E+00    0.00000E+00    0.00000E+00
    4.65953E+04    1.27298E-11    0.00000E+00    0.00000E+00    0.00000E+00    0.00000E+00
    4.88025E+04    6.43698E-12    0.00000E+00    0.00000E+00    0.00000E+00    0.00000E+00
    5.11143E+04    1.19214E-11    0.00000E+00    0.00000E+00    0.00000E+00    0.00000E+00
    5.35357E+04    1.09747E-08    0.00000E+00    0.00000E+00    0.00000E+00    0.00000E+00
    5.60717E+04    9.23041E-09    0.00000E+00    0.00000E+00    0.00000E+00    0.00000E+00
    5.87279E+04    2.90969E-10    0.00000E+00    0.00000E+00    0.00000E+00    0.00000E+00
    6.15099E+04    3.32604E-10    0.00000E+00    0.00000E+00    0.00000E+00    0.00000E+00
    6.44236E+04    2.10678E-10    0.00000E+00    0.00000E+00    0.00000E+00    0.00000E+00
    6.74754E+04    4.64145E-11    0.00000E+00    0.00000E+00    0.00000E+00    0.00000E+00
    7.06718E+04    3.20862E-10    0.00000E+00    0.00000E+00    0.00000E+00    0.00000E+00
    7.40196E+04    6.55211E-10    0.00000E+00    0.00000E+00    0.00000E+00    0.00000E+00
    7.75260E+04    3.44471E-11    0.00000E+00    0.00000E+00    0.00000E+00    0.00000E+00
    8.11984E+04    3.27888E-14    0.00000E+00    0.00000E+00    0.00000E+00    0.00000E+00
    8.50449E+04    4.63889E-17    0.00000E+00    0.00000E+00    0.00000E+00    0.00000E+00
    8.90735E+04    9.10744E-24    0.00000E+00    0.00000E+00    0.00000E+00    0.00000E+00
    9.32930E+04    3.00723E-18    0.00000E+00    0.00000E+00    0.00000E+00    0.00000E+00
    9.77124E+04    1.29405E-15    0.00000E+00    0.00000E+00    0.00000E+00    0.00000E+00
    1.02341E+05    1.24891E-14    0.00000E+00    0.00000E+00    0.00000E+00    0.00000E+00
    1.07189E+05    1.86397E-14    0.00000E+00    0.00000E+00    0.00000E+00    0.00000E+00
    1.12267E+05    2.24199E-12    0.00000E+00    0.00000E+00    0.00000E+00    0.00000E+00
    1.17585E+05    1.13743E-11    0.00000E+00    0.00000E+00    0.00000E+00    0.00000E+00
    1.23155E+05    1.51333E-10    0.00000E+00    0.00000E+00    0.00000E+00    0.00000E+00
    1.28989E+05    4.15959E-09    0.00000E+00    0.00000E+00    0.00000E+00    0.00000E+00
    1.35099E+05    2.95374E-08    0.00000E+00    0.00000E+00    0.00000E+00    0.00000E+00
    1.41499E+05    3.35262E-08    0.00000E+00    0.00000E+00    0.00000E+00    0.00000E+00
    1.48202E+05    2.82495E-08    0.00000E+00    0.00000E+00    0.00000E+00    0.00000E+00
    1.55222E+05    5.68463E-08    0.00000E+00    0.00000E+00    0.00000E+00    0.00000E+00
    1.62576E+05    5.37387E-08    0.00000E+00    0.00000E+00    0.00000E+00    0.00000E+00
    1.70277E+05    8.95656E-08    0.00000E+00    0.00000E+00    0.00000E+00    0.00000E+00
    1.78343E+05    5.15072E-08    0.00000E+00    0.00000E+00    0.00000E+00    0.00000E+00
    1.86791E+05    6.65395E-08    0.00000E+00    0.00000E+00    0.00000E+00    0.00000E+00
    1.95640E+05    1.34961E-07    0.00000E+00    0.00000E+00    0.00000E+00    0.00000E+00
    2.04907E+05    1.66143E-07    0.00000E+00    0.00000E+00    0.00000E+00    0.00000E+00
    2.14614E+05    2.16295E-07    0.00000E+00    0.00000E+00    0.00000E+00    0.00000E+00
    2.24781E+05    1.51099E-07    0.00000E+00    0.00000E+00    0.00000E+00    0.00000E+00
    2.35429E+05    3.13815E-07    0.00000E+00    0.00000E+00    0.00000E+00    0.00000E+00
    2.46581E+05    3.26914E-07    0.00000E+00    0.00000E+00    0.00000E+00    0.00000E+00
    2.58262E+05    3.35185E-07    0.00000E+00    0.00000E+00    0.00000E+00    0.00000E+00
    2.70496E+05    3.79178E-07    0.00000E+00    0.00000E+00    0.00000E+00    0.00000E+00
    2.83310E+05    3.43021E-07    0.00000E+00    0.00000E+00    0.00000E+00    0.00000E+00
    2.96730E+05    4.07157E-07    0.00000E+00    0.00000E+00    0.00000E+00    0.00000E+00
    3.10787E+05    5.04546E-07    0.00000E+00    0.00000E+00    0.00000E+00    0.00000E+00
    3.25509E+05    5.35564E-07    0.00000E+00    0.00000E+00    0.00000E+00    0.00000E+00
    3.40929E+05    6.10003E-07    0.00000E+00    0.00000E+00    0.00000E+00    0.00000E+00
    3.57078E+05    5.35368E-07    0.00000E+00    0.00000E+00    0.00000E+00    0.00000E+00
    3.73994E+05    6.70644E-07    0.00000E+00    0.00000E+00    0.00000E+00    0.00000E+00
    3.91710E+05    5.69176E-07    0.00000E+00    0.00000E+00    0.00000E+00    0.00000E+00
    4.10266E+05    5.92445E-07    0.00000E+00    0.00000E+00    0.00000E+00    0.00000E+00
    4.29700E+05    6.06246E-07    0.00000E+00    0.00000E+00    0.00000E+00    0.00000E+00
    4.50056E+05    6.32217E-07    0.00000E+00    0.00000E+00    0.00000E+00    0.00000E+00
    4.71375E+05    5.64799E-07    0.00000E+00    0.00000E+00    0.00000E+00    0.00000E+00
    4.93705E+05    5.45240E-07    0.00000E+00    0.00000E+00    0.00000E+00    0.00000E+00
    5.17092E+05    5.47532E-07    0.00000E+00    0.00000E+00    0.00000E+00    0.00000E+00
    5.41587E+05    4.94450E-07    0.00000E+00    0.00000E+00    0.00000E+00    0.00000E+00
    5.67243E+05    4.76244E-07    0.00000E+00    0.00000E+00    0.00000E+00    0.00000E+00
    5.94113E+05    4.54879E-07    0.00000E+00    0.00000E+00    0.00000E+00    0.00000E+00
    6.22257E+05    4.34488E-07    0.00000E+00    0.00000E+00    0.00000E+00    0.00000E+00
    6.51734E+05    3.76800E-07    0.00000E+00    0.00000E+00    0.00000E+00    0.00000E+00
    6.82607E+05    3.68067E-07    0.00000E+00    0.00000E+00    0.00000E+00    0.00000E+00
    7.14943E+05    3.30164E-07    0.00000E+00    0.00000E+00    0.00000E+00    0.00000E+00
    7.48810E+05    3.24687E-07    0.00000E+00    0.00000E+00    0.00000E+00    0.00000E+00
    7.84282E+05    2.72311E-07    0.00000E+00    0.00000E+00    0.00000E+00    0.00000E+00
    8.21434E+05    2.60037E-07    0.00000E+00    0.00000E+00    0.00000E+00    0.00000E+00
    8.60346E+05    2.30466E-07    0.00000E+00    0.00000E+00    0.00000E+00    0.00000E+00
    9.01102E+05    2.01943E-07    0.00000E+00    0.00000E+00    0.00000E+00    0.00000E+00
    9.43788E+05    1.77156E-07    0.00000E+00    0.00000E+00    0.00000E+00    0.00000E+00
    9.88496E+05    1.59612E-07    0.00000E+00    0.00000E+00    0.00000E+00    0.00000E+00
    1.03532E+06    1.46003E-07    0.00000E+00    0.00000E+00    0.00000E+00    0.00000E+00
    1.08437E+06    1.27890E-07    0.00000E+00    0.00000E+00    0.00000E+00    0.00000E+00
    1.13573E+06    1.13817E-07    0.00000E+00    0.00000E+00    0.00000E+00    0.00000E+00
    1.18953E+06    9.55140E-08    0.00000E+00    0.00000E+00    0.00000E+00    0.00000E+00
    1.24588E+06    8.52495E-08    0.00000E+00    0.00000E+00    0.00000E+00    0.00000E+00
    1.30490E+06    7.34637E-08    0.00000E+00    0.00000E+00    0.00000E+00    0.00000E+00
    1.36672E+06    6.35304E-08    0.00000E+00    0.00000E+00    0.00000E+00    0.00000E+00
    1.43146E+06    5.63493E-08    0.00000E+00    0.00000E+00    0.00000E+00    0.00000E+00
    1.49927E+06    4.80592E-08    0.00000E+00    0.00000E+00    0.00000E+00    0.00000E+00
    1.57029E+06    4.03217E-08    0.00000E+00    0.00000E+00    0.00000E+00    0.00000E+00
    1.64468E+06    3.65381E-08    0.00000E+00    0.00000E+00    0.00000E+00    0.00000E+00
    1.72259E+06    3.12583E-08    0.00000E+00    0.00000E+00    0.00000E+00    0.00000E+00
    1.80419E+06    2.62212E-08    0.00000E+00    0.00000E+00    0.00000E+00    0.00000E+00
    1.88965E+06    2.24818E-08    0.00000E+00    0.00000E+00    0.00000E+00    0.00000E+00
    1.97917E+06    1.94016E-08    0.00000E+00    0.00000E+00    0.00000E+00    0.00000E+00
    2.07292E+06    1.63142E-08    0.00000E+00    0.00000E+00    0.00000E+00    0.00000E+00
    2.17112E+06    1.37328E-08    0.00000E+00    0.00000E+00    0.00000E+00    0.00000E+00
    2.27397E+06    1.16940E-08    0.00000E+00    0.00000E+00    0.00000E+00    0.00000E+00
    2.38169E+06    9.95687E-09    0.00000E+00    0.00000E+00    0.00000E+00    0.00000E+00
    2.49451E+06    8.43719E-09    0.00000E+00    0.00000E+00    0.00000E+00    0.00000E+00
    2.61268E+06    7.16799E-09    0.00000E+00    0.00000E+00    0.00000E+00    0.00000E+00
    2.73644E+06    5.97782E-09    0.00000E+00    0.00000E+00    0.00000E+00    0.00000E+00
    2.86607E+06    5.06095E-09    0.00000E+00    0.00000E+00    0.00000E+00    0.00000E+00
    3.00184E+06    4.20289E-09    0.00000E+00    0.00000E+00    0.00000E+00    0.00000E+00
    3.14404E+06    3.52566E-09    0.00000E+00    0.00000E+00    0.00000E+00    0.00000E+00
    3.29297E+06    2.93337E-09    0.00000E+00    0.00000E+00    0.00000E+00    0.00000E+00
    3.44896E+06    2.46137E-09    0.00000E+00    0.00000E+00    0.00000E+00    0.00000E+00
    3.61234E+06    2.04608E-09    0.00000E+00    0.00000E+00    0.00000E+00    0.00000E+00
    3.78346E+06    1.68719E-09    0.00000E+00    0.00000E+00    0.00000E+00    0.00000E+00
    3.96269E+06    1.41096E-09    0.00000E+00    0.00000E+00    0.00000E+00    0.00000E+00
    4.15040E+06    1.18412E-09    0.00000E+00    0.00000E+00    0.00000E+00    0.00000E+00
    4.34701E+06    9.67871E-10    0.00000E+00    0.00000E+00    0.00000E+00    0.00000E+00
    4.55293E+06    8.01096E-10    0.00000E+00    0.00000E+00    0.00000E+00    0.00000E+00
    4.76861E+06    6.56979E-10    0.00000E+00    0.00000E+00    0.00000E+00    0.00000E+00
    4.99451E+06    5.41972E-10    0.00000E+00    0.00000E+00    0.00000E+00    0.00000E+00
    5.23110E+06    4.46151E-10    0.00000E+00    0.00000E+00    0.00000E+00    0.00000E+00
    5.47890E+06    3.66665E-10    0.00000E+00    0.00000E+00    0.00000E+00    0.00000E+00
    5.73844E+06    3.00062E-10    0.00000E+00    0.00000E+00    0.00000E+00    0.00000E+00
    6.01028E+06    2.43531E-10    0.00000E+00    0.00000E+00    0.00000E+00    0.00000E+00
    6.29499E+06    2.01671E-10    0.00000E+00    0.00000E+00    0.00000E+00    0.00000E+00
    6.59319E+06    1.64572E-10    0.00000E+00    0.00000E+00    0.00000E+00    0.00000E+00
    6.90551E+06    1.34094E-10    0.00000E+00    0.00000E+00    0.00000E+00    0.00000E+00
    7.23264E+06    1.08434E-10    0.00000E+00    0.00000E+00    0.00000E+00    0.00000E+00
    7.57525E+06    8.89056E-11    0.00000E+00    0.00000E+00    0.00000E+00    0.00000E+00
    7.93410E+06    7.18390E-11    0.00000E+00    0.00000E+00    0.00000E+00    0.00000E+00
    8.30994E+06    5.82775E-11    0.00000E+00    0.00000E+00    0.00000E+00    0.00000E+00
    8.70359E+06    4.73747E-11    0.00000E+00    0.00000E+00    0.00000E+00    0.00000E+00
    9.11589E+06    3.84161E-11    0.00000E+00    0.00000E+00    0.00000E+00    0.00000E+00
    9.54771E+06    3.10254E-11    0.00000E+00    0.00000E+00    0.00000E+00    0.00000E+00
    1.00000E+07    2.48700E-11    0.00000E+00    0.00000E+00    0.00000E+00    0.00000E+00
