 # Columns are: Lambda (Angstroms) and Flux (Flux * lambda) (ergs/s/cm^2)
    1.00000E+03    0.00000E+00    0.00000E+00    0.00000E+00    0.00000E+00    0.00000E+00
    1.04737E+03    0.00000E+00    0.00000E+00    0.00000E+00    0.00000E+00    0.00000E+00
    1.09699E+03    0.00000E+00    0.00000E+00    0.00000E+00    0.00000E+00    0.00000E+00
    1.14895E+03    0.00000E+00    0.00000E+00    0.00000E+00    0.00000E+00    0.00000E+00
    1.20338E+03    0.00000E+00    0.00000E+00    0.00000E+00    0.00000E+00    0.00000E+00
    1.26038E+03    0.00000E+00    0.00000E+00    0.00000E+00    0.00000E+00    0.00000E+00
    1.32009E+03    0.00000E+00    0.00000E+00    0.00000E+00    0.00000E+00    0.00000E+00
    1.38262E+03    0.00000E+00    0.00000E+00    0.00000E+00    0.00000E+00    0.00000E+00
    1.44812E+03    0.00000E+00    0.00000E+00    0.00000E+00    0.00000E+00    0.00000E+00
    1.51672E+03    0.00000E+00    0.00000E+00    0.00000E+00    0.00000E+00    0.00000E+00
    1.58857E+03    0.00000E+00    0.00000E+00    0.00000E+00    0.00000E+00    0.00000E+00
    1.66382E+03    0.00000E+00    0.00000E+00    0.00000E+00    0.00000E+00    0.00000E+00
    1.74263E+03    0.00000E+00    0.00000E+00    0.00000E+00    0.00000E+00    0.00000E+00
    1.82518E+03    0.00000E+00    0.00000E+00    0.00000E+00    0.00000E+00    0.00000E+00
    1.91164E+03    0.00000E+00    0.00000E+00    0.00000E+00    0.00000E+00    0.00000E+00
    2.00220E+03    0.00000E+00    0.00000E+00    0.00000E+00    0.00000E+00    0.00000E+00
    2.09705E+03    0.00000E+00    0.00000E+00    0.00000E+00    0.00000E+00    0.00000E+00
    2.19639E+03    0.00000E+00    0.00000E+00    0.00000E+00    0.00000E+00    0.00000E+00
    2.30043E+03    0.00000E+00    0.00000E+00    0.00000E+00    0.00000E+00    0.00000E+00
    2.40940E+03    0.00000E+00    0.00000E+00    0.00000E+00    0.00000E+00    0.00000E+00
    2.52354E+03    0.00000E+00    0.00000E+00    0.00000E+00    0.00000E+00    0.00000E+00
    2.64308E+03    0.00000E+00    0.00000E+00    0.00000E+00    0.00000E+00    0.00000E+00
    2.76829E+03    0.00000E+00    0.00000E+00    0.00000E+00    0.00000E+00    0.00000E+00
    2.89942E+03    0.00000E+00    0.00000E+00    0.00000E+00    0.00000E+00    0.00000E+00
    3.03677E+03    0.00000E+00    0.00000E+00    0.00000E+00    0.00000E+00    0.00000E+00
    3.18063E+03    0.00000E+00    0.00000E+00    0.00000E+00    0.00000E+00    0.00000E+00
    3.33129E+03    0.00000E+00    0.00000E+00    0.00000E+00    0.00000E+00    0.00000E+00
    3.48910E+03    0.00000E+00    0.00000E+00    0.00000E+00    0.00000E+00    0.00000E+00
    3.65438E+03    0.00000E+00    0.00000E+00    0.00000E+00    0.00000E+00    0.00000E+00
    3.82749E+03    0.00000E+00    0.00000E+00    0.00000E+00    0.00000E+00    0.00000E+00
    4.00881E+03    0.00000E+00    0.00000E+00    0.00000E+00    0.00000E+00    0.00000E+00
    4.19871E+03    0.00000E+00    0.00000E+00    0.00000E+00    0.00000E+00    0.00000E+00
    4.39760E+03    0.00000E+00    0.00000E+00    0.00000E+00    0.00000E+00    0.00000E+00
    4.60592E+03    0.00000E+00    0.00000E+00    0.00000E+00    0.00000E+00    0.00000E+00
    4.82411E+03    0.00000E+00    0.00000E+00    0.00000E+00    0.00000E+00    0.00000E+00
    5.05263E+03    0.00000E+00    0.00000E+00    0.00000E+00    0.00000E+00    0.00000E+00
    5.29198E+03    0.00000E+00    0.00000E+00    0.00000E+00    0.00000E+00    0.00000E+00
    5.54266E+03    0.00000E+00    0.00000E+00    0.00000E+00    0.00000E+00    0.00000E+00
    5.80523E+03    0.00000E+00    0.00000E+00    0.00000E+00    0.00000E+00    0.00000E+00
    6.08022E+03    0.00000E+00    0.00000E+00    0.00000E+00    0.00000E+00    0.00000E+00
    6.36825E+03    0.00000E+00    0.00000E+00    0.00000E+00    0.00000E+00    0.00000E+00
    6.66992E+03    4.00851E-42    0.00000E+00    0.00000E+00    0.00000E+00    0.00000E+00
    6.98588E+03    8.85991E-39    0.00000E+00    0.00000E+00    0.00000E+00    0.00000E+00
    7.31681E+03    9.72560E-36    0.00000E+00    0.00000E+00    0.00000E+00    0.00000E+00
    7.66341E+03    6.04204E-33    0.00000E+00    0.00000E+00    0.00000E+00    0.00000E+00
    8.02643E+03    2.69444E-30    0.00000E+00    0.00000E+00    0.00000E+00    0.00000E+00
    8.40665E+03    8.84191E-28    0.00000E+00    0.00000E+00    0.00000E+00    0.00000E+00
    8.80488E+03    2.52364E-25    0.00000E+00    0.00000E+00    0.00000E+00    0.00000E+00
    9.22198E+03    3.46273E-23    0.00000E+00    0.00000E+00    0.00000E+00    0.00000E+00
    9.65883E+03    3.34769E-21    0.00000E+00    0.00000E+00    0.00000E+00    0.00000E+00
    1.01164E+04    1.61226E-19    0.00000E+00    0.00000E+00    0.00000E+00    0.00000E+00
    1.05956E+04    4.52544E-18    0.00000E+00    0.00000E+00    0.00000E+00    0.00000E+00
    1.10975E+04    7.56999E-17    0.00000E+00    0.00000E+00    0.00000E+00    0.00000E+00
    1.16232E+04    8.67792E-16    0.00000E+00    0.00000E+00    0.00000E+00    0.00000E+00
    1.21738E+04    7.12418E-15    0.00000E+00    0.00000E+00    0.00000E+00    0.00000E+00
    1.27505E+04    4.74270E-14    0.00000E+00    0.00000E+00    0.00000E+00    0.00000E+00
    1.33545E+04    2.21078E-13    0.00000E+00    0.00000E+00    0.00000E+00    0.00000E+00
    1.39871E+04    8.93795E-13    0.00000E+00    0.00000E+00    0.00000E+00    0.00000E+00
    1.46497E+04    2.76130E-12    0.00000E+00    0.00000E+00    0.00000E+00    0.00000E+00
    1.53437E+04    7.44945E-12    0.00000E+00    0.00000E+00    0.00000E+00    0.00000E+00
    1.60705E+04    1.80041E-11    0.00000E+00    0.00000E+00    0.00000E+00    0.00000E+00
    1.68318E+04    3.71953E-11    0.00000E+00    0.00000E+00    0.00000E+00    0.00000E+00
    1.76291E+04    7.24190E-11    0.00000E+00    0.00000E+00    0.00000E+00    0.00000E+00
    1.84642E+04    1.22739E-10    0.00000E+00    0.00000E+00    0.00000E+00    0.00000E+00
    1.93389E+04    1.63867E-10    0.00000E+00    0.00000E+00    0.00000E+00    0.00000E+00
    2.02550E+04    2.30893E-10    0.00000E+00    0.00000E+00    0.00000E+00    0.00000E+00
    2.12145E+04    3.27293E-10    0.00000E+00    0.00000E+00    0.00000E+00    0.00000E+00
    2.22195E+04    3.73387E-10    0.00000E+00    0.00000E+00    0.00000E+00    0.00000E+00
    2.32720E+04    4.45059E-10    0.00000E+00    0.00000E+00    0.00000E+00    0.00000E+00
    2.43744E+04    4.89100E-10    0.00000E+00    0.00000E+00    0.00000E+00    0.00000E+00
    2.55291E+04    5.37975E-10    0.00000E+00    0.00000E+00    0.00000E+00    0.00000E+00
    2.67384E+04    5.68387E-10    0.00000E+00    0.00000E+00    0.00000E+00    0.00000E+00
    2.80050E+04    5.87148E-10    0.00000E+00    0.00000E+00    0.00000E+00    0.00000E+00
    2.93317E+04    6.41560E-10    0.00000E+00    0.00000E+00    0.00000E+00    0.00000E+00
    3.07211E+04    5.90450E-10    0.00000E+00    0.00000E+00    0.00000E+00    0.00000E+00
    3.21764E+04    6.65795E-10    0.00000E+00    0.00000E+00    0.00000E+00    0.00000E+00
    3.37006E+04    6.21127E-10    0.00000E+00    0.00000E+00    0.00000E+00    0.00000E+00
    3.52971E+04    5.26462E-10    0.00000E+00    0.00000E+00    0.00000E+00    0.00000E+00
    3.69691E+04    5.01876E-10    0.00000E+00    0.00000E+00    0.00000E+00    0.00000E+00
    3.87204E+04    5.25034E-10    0.00000E+00    0.00000E+00    0.00000E+00    0.00000E+00
    4.05546E+04    4.80353E-10    0.00000E+00    0.00000E+00    0.00000E+00    0.00000E+00
    4.24757E+04    4.42799E-10    0.00000E+00    0.00000E+00    0.00000E+00    0.00000E+00
    4.44878E+04    4.22221E-10    0.00000E+00    0.00000E+00    0.00000E+00    0.00000E+00
    4.65953E+04    3.55051E-10    0.00000E+00    0.00000E+00    0.00000E+00    0.00000E+00
    4.88025E+04    3.28235E-10    0.00000E+00    0.00000E+00    0.00000E+00    0.00000E+00
    5.11143E+04    2.88196E-10    0.00000E+00    0.00000E+00    0.00000E+00    0.00000E+00
    5.35357E+04    2.64191E-10    0.00000E+00    0.00000E+00    0.00000E+00    0.00000E+00
    5.60717E+04    2.27702E-10    0.00000E+00    0.00000E+00    0.00000E+00    0.00000E+00
    5.87279E+04    2.00894E-10    0.00000E+00    0.00000E+00    0.00000E+00    0.00000E+00
    6.15099E+04    1.91299E-10    0.00000E+00    0.00000E+00    0.00000E+00    0.00000E+00
    6.44236E+04    1.49174E-10    0.00000E+00    0.00000E+00    0.00000E+00    0.00000E+00
    6.74754E+04    1.29703E-10    0.00000E+00    0.00000E+00    0.00000E+00    0.00000E+00
    7.06718E+04    1.24370E-10    0.00000E+00    0.00000E+00    0.00000E+00    0.00000E+00
    7.40196E+04    8.42297E-11    0.00000E+00    0.00000E+00    0.00000E+00    0.00000E+00
    7.75260E+04    2.53486E-11    0.00000E+00    0.00000E+00    0.00000E+00    0.00000E+00
    8.11984E+04    1.96571E-12    0.00000E+00    0.00000E+00    0.00000E+00    0.00000E+00
    8.50449E+04    6.39330E-14    0.00000E+00    0.00000E+00    0.00000E+00    0.00000E+00
    8.90735E+04    1.54270E-15    0.00000E+00    0.00000E+00    0.00000E+00    0.00000E+00
    9.32930E+04    4.99206E-17    0.00000E+00    0.00000E+00    0.00000E+00    0.00000E+00
    9.77124E+04    3.30436E-17    0.00000E+00    0.00000E+00    0.00000E+00    0.00000E+00
    1.02341E+05    1.41344E-16    0.00000E+00    0.00000E+00    0.00000E+00    0.00000E+00
    1.07189E+05    3.07007E-15    0.00000E+00    0.00000E+00    0.00000E+00    0.00000E+00
    1.12267E+05    1.55936E-14    0.00000E+00    0.00000E+00    0.00000E+00    0.00000E+00
    1.17585E+05    8.02354E-14    0.00000E+00    0.00000E+00    0.00000E+00    0.00000E+00
    1.23155E+05    3.38837E-13    0.00000E+00    0.00000E+00    0.00000E+00    0.00000E+00
    1.28989E+05    8.62301E-13    0.00000E+00    0.00000E+00    0.00000E+00    0.00000E+00
    1.35099E+05    1.72588E-12    0.00000E+00    0.00000E+00    0.00000E+00    0.00000E+00
    1.41499E+05    2.31111E-12    0.00000E+00    0.00000E+00    0.00000E+00    0.00000E+00
    1.48202E+05    1.75847E-12    0.00000E+00    0.00000E+00    0.00000E+00    0.00000E+00
    1.55222E+05    8.11779E-13    0.00000E+00    0.00000E+00    0.00000E+00    0.00000E+00
    1.62576E+05    4.51350E-13    0.00000E+00    0.00000E+00    0.00000E+00    0.00000E+00
    1.70277E+05    1.52151E-13    0.00000E+00    0.00000E+00    0.00000E+00    0.00000E+00
    1.78343E+05    1.15703E-13    0.00000E+00    0.00000E+00    0.00000E+00    0.00000E+00
    1.86791E+05    1.06438E-13    0.00000E+00    0.00000E+00    0.00000E+00    0.00000E+00
    1.95640E+05    1.23315E-13    0.00000E+00    0.00000E+00    0.00000E+00    0.00000E+00
    2.04907E+05    1.95167E-13    0.00000E+00    0.00000E+00    0.00000E+00    0.00000E+00
    2.14614E+05    2.56840E-13    0.00000E+00    0.00000E+00    0.00000E+00    0.00000E+00
    2.24781E+05    3.42376E-13    0.00000E+00    0.00000E+00    0.00000E+00    0.00000E+00
    2.35429E+05    3.95878E-13    0.00000E+00    0.00000E+00    0.00000E+00    0.00000E+00
    2.46581E+05    4.42945E-13    0.00000E+00    0.00000E+00    0.00000E+00    0.00000E+00
    2.58262E+05    5.47452E-13    0.00000E+00    0.00000E+00    0.00000E+00    0.00000E+00
    2.70496E+05    5.96160E-13    0.00000E+00    0.00000E+00    0.00000E+00    0.00000E+00
    2.83310E+05    6.65408E-13    0.00000E+00    0.00000E+00    0.00000E+00    0.00000E+00
    2.96730E+05    6.63298E-13    0.00000E+00    0.00000E+00    0.00000E+00    0.00000E+00
    3.10787E+05    6.94160E-13    0.00000E+00    0.00000E+00    0.00000E+00    0.00000E+00
    3.25509E+05    7.04246E-13    0.00000E+00    0.00000E+00    0.00000E+00    0.00000E+00
    3.40929E+05    6.72952E-13    0.00000E+00    0.00000E+00    0.00000E+00    0.00000E+00
    3.57078E+05    6.60715E-13    0.00000E+00    0.00000E+00    0.00000E+00    0.00000E+00
    3.73994E+05    6.38465E-13    0.00000E+00    0.00000E+00    0.00000E+00    0.00000E+00
    3.91710E+05    6.46990E-13    0.00000E+00    0.00000E+00    0.00000E+00    0.00000E+00
    4.10266E+05    6.10408E-13    0.00000E+00    0.00000E+00    0.00000E+00    0.00000E+00
    4.29700E+05    5.97451E-13    0.00000E+00    0.00000E+00    0.00000E+00    0.00000E+00
    4.50056E+05    9.87002E-13    0.00000E+00    0.00000E+00    0.00000E+00    0.00000E+00
    4.71375E+05    9.36356E-13    0.00000E+00    0.00000E+00    0.00000E+00    0.00000E+00
    4.93705E+05    8.23379E-13    0.00000E+00    0.00000E+00    0.00000E+00    0.00000E+00
    5.17092E+05    7.65857E-13    0.00000E+00    0.00000E+00    0.00000E+00    0.00000E+00
    5.41587E+05    7.67650E-13    0.00000E+00    0.00000E+00    0.00000E+00    0.00000E+00
    5.67243E+05    6.00186E-13    0.00000E+00    0.00000E+00    0.00000E+00    0.00000E+00
    5.94113E+05    5.56879E-13    0.00000E+00    0.00000E+00    0.00000E+00    0.00000E+00
    6.22257E+05    5.22543E-13    0.00000E+00    0.00000E+00    0.00000E+00    0.00000E+00
    6.51734E+05    4.53730E-13    0.00000E+00    0.00000E+00    0.00000E+00    0.00000E+00
    6.82607E+05    3.85534E-13    0.00000E+00    0.00000E+00    0.00000E+00    0.00000E+00
    7.14943E+05    3.58921E-13    0.00000E+00    0.00000E+00    0.00000E+00    0.00000E+00
    7.48810E+05    2.82240E-13    0.00000E+00    0.00000E+00    0.00000E+00    0.00000E+00
    7.84282E+05    3.42091E-13    0.00000E+00    0.00000E+00    0.00000E+00    0.00000E+00
    8.21434E+05    0.00000E+00    0.00000E+00    0.00000E+00    0.00000E+00    0.00000E+00
    8.60346E+05    0.00000E+00    0.00000E+00    0.00000E+00    0.00000E+00    0.00000E+00
    9.01102E+05    0.00000E+00    0.00000E+00    0.00000E+00    0.00000E+00    0.00000E+00
    9.43788E+05    0.00000E+00    0.00000E+00    0.00000E+00    0.00000E+00    0.00000E+00
    9.88496E+05    0.00000E+00    0.00000E+00    0.00000E+00    0.00000E+00    0.00000E+00
    1.03532E+06    0.00000E+00    0.00000E+00    0.00000E+00    0.00000E+00    0.00000E+00
    1.08437E+06    0.00000E+00    0.00000E+00    0.00000E+00    0.00000E+00    0.00000E+00
    1.13573E+06    0.00000E+00    0.00000E+00    0.00000E+00    0.00000E+00    0.00000E+00
    1.18953E+06    0.00000E+00    0.00000E+00    0.00000E+00    0.00000E+00    0.00000E+00
    1.24588E+06    0.00000E+00    0.00000E+00    0.00000E+00    0.00000E+00    0.00000E+00
    1.30490E+06    0.00000E+00    0.00000E+00    0.00000E+00    0.00000E+00    0.00000E+00
    1.36672E+06    0.00000E+00    0.00000E+00    0.00000E+00    0.00000E+00    0.00000E+00
    1.43146E+06    0.00000E+00    0.00000E+00    0.00000E+00    0.00000E+00    0.00000E+00
    1.49927E+06    0.00000E+00    0.00000E+00    0.00000E+00    0.00000E+00    0.00000E+00
    1.57029E+06    0.00000E+00    0.00000E+00    0.00000E+00    0.00000E+00    0.00000E+00
    1.64468E+06    0.00000E+00    0.00000E+00    0.00000E+00    0.00000E+00    0.00000E+00
    1.72259E+06    0.00000E+00    0.00000E+00    0.00000E+00    0.00000E+00    0.00000E+00
    1.80419E+06    0.00000E+00    0.00000E+00    0.00000E+00    0.00000E+00    0.00000E+00
    1.88965E+06    0.00000E+00    0.00000E+00    0.00000E+00    0.00000E+00    0.00000E+00
    1.97917E+06    0.00000E+00    0.00000E+00    0.00000E+00    0.00000E+00    0.00000E+00
    2.07292E+06    0.00000E+00    0.00000E+00    0.00000E+00    0.00000E+00    0.00000E+00
    2.17112E+06    0.00000E+00    0.00000E+00    0.00000E+00    0.00000E+00    0.00000E+00
    2.27397E+06    0.00000E+00    0.00000E+00    0.00000E+00    0.00000E+00    0.00000E+00
    2.38169E+06    0.00000E+00    0.00000E+00    0.00000E+00    0.00000E+00    0.00000E+00
    2.49451E+06    0.00000E+00    0.00000E+00    0.00000E+00    0.00000E+00    0.00000E+00
    2.61268E+06    0.00000E+00    0.00000E+00    0.00000E+00    0.00000E+00    0.00000E+00
    2.73644E+06    0.00000E+00    0.00000E+00    0.00000E+00    0.00000E+00    0.00000E+00
    2.86607E+06    0.00000E+00    0.00000E+00    0.00000E+00    0.00000E+00    0.00000E+00
    3.00184E+06    0.00000E+00    0.00000E+00    0.00000E+00    0.00000E+00    0.00000E+00
    3.14404E+06    0.00000E+00    0.00000E+00    0.00000E+00    0.00000E+00    0.00000E+00
    3.29297E+06    0.00000E+00    0.00000E+00    0.00000E+00    0.00000E+00    0.00000E+00
    3.44896E+06    0.00000E+00    0.00000E+00    0.00000E+00    0.00000E+00    0.00000E+00
    3.61234E+06    0.00000E+00    0.00000E+00    0.00000E+00    0.00000E+00    0.00000E+00
    3.78346E+06    0.00000E+00    0.00000E+00    0.00000E+00    0.00000E+00    0.00000E+00
    3.96269E+06    0.00000E+00    0.00000E+00    0.00000E+00    0.00000E+00    0.00000E+00
    4.15040E+06    0.00000E+00    0.00000E+00    0.00000E+00    0.00000E+00    0.00000E+00
    4.34701E+06    0.00000E+00    0.00000E+00    0.00000E+00    0.00000E+00    0.00000E+00
    4.55293E+06    0.00000E+00    0.00000E+00    0.00000E+00    0.00000E+00    0.00000E+00
    4.76861E+06    0.00000E+00    0.00000E+00    0.00000E+00    0.00000E+00    0.00000E+00
    4.99451E+06    0.00000E+00    0.00000E+00    0.00000E+00    0.00000E+00    0.00000E+00
    5.23110E+06    0.00000E+00    0.00000E+00    0.00000E+00    0.00000E+00    0.00000E+00
    5.47890E+06    0.00000E+00    0.00000E+00    0.00000E+00    0.00000E+00    0.00000E+00
    5.73844E+06    0.00000E+00    0.00000E+00    0.00000E+00    0.00000E+00    0.00000E+00
    6.01028E+06    0.00000E+00    0.00000E+00    0.00000E+00    0.00000E+00    0.00000E+00
    6.29499E+06    0.00000E+00    0.00000E+00    0.00000E+00    0.00000E+00    0.00000E+00
    6.59319E+06    0.00000E+00    0.00000E+00    0.00000E+00    0.00000E+00    0.00000E+00
    6.90551E+06    0.00000E+00    0.00000E+00    0.00000E+00    0.00000E+00    0.00000E+00
    7.23264E+06    0.00000E+00    0.00000E+00    0.00000E+00    0.00000E+00    0.00000E+00
    7.57525E+06    0.00000E+00    0.00000E+00    0.00000E+00    0.00000E+00    0.00000E+00
    7.93410E+06    0.00000E+00    0.00000E+00    0.00000E+00    0.00000E+00    0.00000E+00
    8.30994E+06    0.00000E+00    0.00000E+00    0.00000E+00    0.00000E+00    0.00000E+00
    8.70359E+06    0.00000E+00    0.00000E+00    0.00000E+00    0.00000E+00    0.00000E+00
    9.11589E+06    0.00000E+00    0.00000E+00    0.00000E+00    0.00000E+00    0.00000E+00
    9.54771E+06    0.00000E+00    0.00000E+00    0.00000E+00    0.00000E+00    0.00000E+00
    1.00000E+07    0.00000E+00    0.00000E+00    0.00000E+00    0.00000E+00    0.00000E+00
