 # Columns are: Lambda (Angstroms) and Flux (Flux * lambda) (ergs/s/cm^2)
    1.00000E+03    0.00000E+00    0.00000E+00    0.00000E+00    0.00000E+00    0.00000E+00
    1.04737E+03    0.00000E+00    0.00000E+00    0.00000E+00    0.00000E+00    0.00000E+00
    1.09699E+03    0.00000E+00    0.00000E+00    0.00000E+00    0.00000E+00    0.00000E+00
    1.14895E+03    0.00000E+00    0.00000E+00    0.00000E+00    0.00000E+00    0.00000E+00
    1.20338E+03    0.00000E+00    0.00000E+00    0.00000E+00    0.00000E+00    0.00000E+00
    1.26038E+03    0.00000E+00    0.00000E+00    0.00000E+00    0.00000E+00    0.00000E+00
    1.32009E+03    0.00000E+00    0.00000E+00    0.00000E+00    0.00000E+00    0.00000E+00
    1.38262E+03    0.00000E+00    0.00000E+00    0.00000E+00    0.00000E+00    0.00000E+00
    1.44812E+03    0.00000E+00    0.00000E+00    0.00000E+00    0.00000E+00    0.00000E+00
    1.51672E+03    0.00000E+00    0.00000E+00    0.00000E+00    0.00000E+00    0.00000E+00
    1.58857E+03    0.00000E+00    0.00000E+00    0.00000E+00    0.00000E+00    0.00000E+00
    1.66382E+03    0.00000E+00    0.00000E+00    0.00000E+00    0.00000E+00    0.00000E+00
    1.74263E+03    0.00000E+00    0.00000E+00    0.00000E+00    0.00000E+00    0.00000E+00
    1.82518E+03    0.00000E+00    0.00000E+00    0.00000E+00    0.00000E+00    0.00000E+00
    1.91164E+03    0.00000E+00    0.00000E+00    0.00000E+00    0.00000E+00    0.00000E+00
    2.00220E+03    0.00000E+00    0.00000E+00    0.00000E+00    0.00000E+00    0.00000E+00
    2.09705E+03    0.00000E+00    0.00000E+00    0.00000E+00    0.00000E+00    0.00000E+00
    2.19639E+03    0.00000E+00    0.00000E+00    0.00000E+00    0.00000E+00    0.00000E+00
    2.30043E+03    0.00000E+00    0.00000E+00    0.00000E+00    0.00000E+00    0.00000E+00
    2.40940E+03    0.00000E+00    0.00000E+00    0.00000E+00    0.00000E+00    0.00000E+00
    2.52354E+03    0.00000E+00    0.00000E+00    0.00000E+00    0.00000E+00    0.00000E+00
    2.64308E+03    0.00000E+00    0.00000E+00    0.00000E+00    0.00000E+00    0.00000E+00
    2.76829E+03    0.00000E+00    0.00000E+00    0.00000E+00    0.00000E+00    0.00000E+00
    2.89942E+03    0.00000E+00    0.00000E+00    0.00000E+00    0.00000E+00    0.00000E+00
    3.03677E+03    0.00000E+00    0.00000E+00    0.00000E+00    0.00000E+00    0.00000E+00
    3.18063E+03    0.00000E+00    0.00000E+00    0.00000E+00    0.00000E+00    0.00000E+00
    3.33129E+03    0.00000E+00    0.00000E+00    0.00000E+00    0.00000E+00    0.00000E+00
    3.48910E+03    0.00000E+00    0.00000E+00    0.00000E+00    0.00000E+00    0.00000E+00
    3.65438E+03    0.00000E+00    0.00000E+00    0.00000E+00    0.00000E+00    0.00000E+00
    3.82749E+03    0.00000E+00    0.00000E+00    0.00000E+00    0.00000E+00    0.00000E+00
    4.00881E+03    0.00000E+00    0.00000E+00    0.00000E+00    0.00000E+00    0.00000E+00
    4.19871E+03    0.00000E+00    0.00000E+00    0.00000E+00    0.00000E+00    0.00000E+00
    4.39760E+03    0.00000E+00    0.00000E+00    0.00000E+00    0.00000E+00    0.00000E+00
    4.60592E+03    0.00000E+00    0.00000E+00    0.00000E+00    0.00000E+00    0.00000E+00
    4.82411E+03    0.00000E+00    0.00000E+00    0.00000E+00    0.00000E+00    0.00000E+00
    5.05263E+03    0.00000E+00    0.00000E+00    0.00000E+00    0.00000E+00    0.00000E+00
    5.29198E+03    0.00000E+00    0.00000E+00    0.00000E+00    0.00000E+00    0.00000E+00
    5.54266E+03    0.00000E+00    0.00000E+00    0.00000E+00    0.00000E+00    0.00000E+00
    5.80523E+03    0.00000E+00    0.00000E+00    0.00000E+00    0.00000E+00    0.00000E+00
    6.08022E+03    0.00000E+00    0.00000E+00    0.00000E+00    0.00000E+00    0.00000E+00
    6.36825E+03    0.00000E+00    0.00000E+00    0.00000E+00    0.00000E+00    0.00000E+00
    6.66992E+03    0.00000E+00    0.00000E+00    0.00000E+00    0.00000E+00    0.00000E+00
    6.98588E+03    0.00000E+00    0.00000E+00    0.00000E+00    0.00000E+00    0.00000E+00
    7.31681E+03    0.00000E+00    0.00000E+00    0.00000E+00    0.00000E+00    0.00000E+00
    7.66341E+03    0.00000E+00    0.00000E+00    0.00000E+00    0.00000E+00    0.00000E+00
    8.02643E+03    0.00000E+00    0.00000E+00    0.00000E+00    0.00000E+00    0.00000E+00
    8.40665E+03    0.00000E+00    0.00000E+00    0.00000E+00    0.00000E+00    0.00000E+00
    8.80488E+03    0.00000E+00    0.00000E+00    0.00000E+00    0.00000E+00    0.00000E+00
    9.22198E+03    0.00000E+00    0.00000E+00    0.00000E+00    0.00000E+00    0.00000E+00
    9.65883E+03    0.00000E+00    0.00000E+00    0.00000E+00    0.00000E+00    0.00000E+00
    1.01164E+04    0.00000E+00    0.00000E+00    0.00000E+00    0.00000E+00    0.00000E+00
    1.05956E+04    0.00000E+00    0.00000E+00    0.00000E+00    0.00000E+00    0.00000E+00
    1.10975E+04    0.00000E+00    0.00000E+00    0.00000E+00    0.00000E+00    0.00000E+00
    1.16232E+04    0.00000E+00    0.00000E+00    0.00000E+00    0.00000E+00    0.00000E+00
    1.21738E+04    0.00000E+00    0.00000E+00    0.00000E+00    0.00000E+00    0.00000E+00
    1.27505E+04    0.00000E+00    0.00000E+00    0.00000E+00    0.00000E+00    0.00000E+00
    1.33545E+04    0.00000E+00    0.00000E+00    0.00000E+00    0.00000E+00    0.00000E+00
    1.39871E+04    0.00000E+00    0.00000E+00    0.00000E+00    0.00000E+00    0.00000E+00
    1.46497E+04    0.00000E+00    0.00000E+00    0.00000E+00    0.00000E+00    0.00000E+00
    1.53437E+04    0.00000E+00    0.00000E+00    0.00000E+00    0.00000E+00    0.00000E+00
    1.60705E+04    0.00000E+00    0.00000E+00    0.00000E+00    0.00000E+00    0.00000E+00
    1.68318E+04    0.00000E+00    0.00000E+00    0.00000E+00    0.00000E+00    0.00000E+00
    1.76291E+04    4.89011E-45    0.00000E+00    0.00000E+00    0.00000E+00    0.00000E+00
    1.84642E+04    5.94460E-36    0.00000E+00    0.00000E+00    0.00000E+00    0.00000E+00
    1.93389E+04    1.14117E-35    0.00000E+00    0.00000E+00    0.00000E+00    0.00000E+00
    2.02550E+04    3.31952E-30    0.00000E+00    0.00000E+00    0.00000E+00    0.00000E+00
    2.12145E+04    2.55958E-26    0.00000E+00    0.00000E+00    0.00000E+00    0.00000E+00
    2.22195E+04    7.00107E-24    0.00000E+00    0.00000E+00    0.00000E+00    0.00000E+00
    2.32720E+04    4.84527E-25    0.00000E+00    0.00000E+00    0.00000E+00    0.00000E+00
    2.43744E+04    2.34995E-22    0.00000E+00    0.00000E+00    0.00000E+00    0.00000E+00
    2.55291E+04    3.63133E-21    0.00000E+00    0.00000E+00    0.00000E+00    0.00000E+00
    2.67384E+04    2.02572E-21    0.00000E+00    0.00000E+00    0.00000E+00    0.00000E+00
    2.80050E+04    8.04978E-19    0.00000E+00    0.00000E+00    0.00000E+00    0.00000E+00
    2.93317E+04    3.70214E-18    0.00000E+00    0.00000E+00    0.00000E+00    0.00000E+00
    3.07211E+04    2.07816E-17    0.00000E+00    0.00000E+00    0.00000E+00    0.00000E+00
    3.21764E+04    1.19058E-16    0.00000E+00    0.00000E+00    0.00000E+00    0.00000E+00
    3.37006E+04    5.60565E-15    0.00000E+00    0.00000E+00    0.00000E+00    0.00000E+00
    3.52971E+04    8.47514E-15    0.00000E+00    0.00000E+00    0.00000E+00    0.00000E+00
    3.69691E+04    2.68430E-14    0.00000E+00    0.00000E+00    0.00000E+00    0.00000E+00
    3.87204E+04    4.10517E-14    0.00000E+00    0.00000E+00    0.00000E+00    0.00000E+00
    4.05546E+04    9.89376E-14    0.00000E+00    0.00000E+00    0.00000E+00    0.00000E+00
    4.24757E+04    1.05416E-13    0.00000E+00    0.00000E+00    0.00000E+00    0.00000E+00
    4.44878E+04    7.00118E-13    0.00000E+00    0.00000E+00    0.00000E+00    0.00000E+00
    4.65953E+04    9.68326E-13    0.00000E+00    0.00000E+00    0.00000E+00    0.00000E+00
    4.88025E+04    1.19372E-12    0.00000E+00    0.00000E+00    0.00000E+00    0.00000E+00
    5.11143E+04    2.60423E-12    0.00000E+00    0.00000E+00    0.00000E+00    0.00000E+00
    5.35357E+04    2.76708E-12    0.00000E+00    0.00000E+00    0.00000E+00    0.00000E+00
    5.60717E+04    5.94787E-12    0.00000E+00    0.00000E+00    0.00000E+00    0.00000E+00
    5.87279E+04    1.11150E-11    0.00000E+00    0.00000E+00    0.00000E+00    0.00000E+00
    6.15099E+04    6.77089E-12    0.00000E+00    0.00000E+00    0.00000E+00    0.00000E+00
    6.44236E+04    9.75147E-12    0.00000E+00    0.00000E+00    0.00000E+00    0.00000E+00
    6.74754E+04    1.09713E-11    0.00000E+00    0.00000E+00    0.00000E+00    0.00000E+00
    7.06718E+04    1.45733E-11    0.00000E+00    0.00000E+00    0.00000E+00    0.00000E+00
    7.40196E+04    4.05693E-12    0.00000E+00    0.00000E+00    0.00000E+00    0.00000E+00
    7.75260E+04    2.56148E-14    0.00000E+00    0.00000E+00    0.00000E+00    0.00000E+00
    8.11984E+04    3.42286E-19    0.00000E+00    0.00000E+00    0.00000E+00    0.00000E+00
    8.50449E+04    4.88938E-27    0.00000E+00    0.00000E+00    0.00000E+00    0.00000E+00
    8.90735E+04    2.59262E-28    0.00000E+00    0.00000E+00    0.00000E+00    0.00000E+00
    9.32930E+04    3.09266E-43    0.00000E+00    0.00000E+00    0.00000E+00    0.00000E+00
    9.77124E+04    4.44048E-41    0.00000E+00    0.00000E+00    0.00000E+00    0.00000E+00
    1.02341E+05    4.51893E-35    0.00000E+00    0.00000E+00    0.00000E+00    0.00000E+00
    1.07189E+05    1.71156E-31    0.00000E+00    0.00000E+00    0.00000E+00    0.00000E+00
    1.12267E+05    2.68390E-28    0.00000E+00    0.00000E+00    0.00000E+00    0.00000E+00
    1.17585E+05    5.31679E-23    0.00000E+00    0.00000E+00    0.00000E+00    0.00000E+00
    1.23155E+05    3.80675E-19    0.00000E+00    0.00000E+00    0.00000E+00    0.00000E+00
    1.28989E+05    1.27001E-16    0.00000E+00    0.00000E+00    0.00000E+00    0.00000E+00
    1.35099E+05    3.62694E-15    0.00000E+00    0.00000E+00    0.00000E+00    0.00000E+00
    1.41499E+05    3.14353E-14    0.00000E+00    0.00000E+00    0.00000E+00    0.00000E+00
    1.48202E+05    7.96634E-15    0.00000E+00    0.00000E+00    0.00000E+00    0.00000E+00
    1.55222E+05    4.96471E-15    0.00000E+00    0.00000E+00    0.00000E+00    0.00000E+00
    1.62576E+05    1.84753E-15    0.00000E+00    0.00000E+00    0.00000E+00    0.00000E+00
    1.70277E+05    3.40746E-17    0.00000E+00    0.00000E+00    0.00000E+00    0.00000E+00
    1.78343E+05    7.97865E-16    0.00000E+00    0.00000E+00    0.00000E+00    0.00000E+00
    1.86791E+05    1.63529E-15    0.00000E+00    0.00000E+00    0.00000E+00    0.00000E+00
    1.95640E+05    7.40625E-16    0.00000E+00    0.00000E+00    0.00000E+00    0.00000E+00
    2.04907E+05    9.41697E-16    0.00000E+00    0.00000E+00    0.00000E+00    0.00000E+00
    2.14614E+05    2.79088E-13    0.00000E+00    0.00000E+00    0.00000E+00    0.00000E+00
    2.24781E+05    5.49877E-13    0.00000E+00    0.00000E+00    0.00000E+00    0.00000E+00
    2.35429E+05    2.43478E-12    0.00000E+00    0.00000E+00    0.00000E+00    0.00000E+00
    2.46581E+05    2.20526E-12    0.00000E+00    0.00000E+00    0.00000E+00    0.00000E+00
    2.58262E+05    1.07885E-11    0.00000E+00    0.00000E+00    0.00000E+00    0.00000E+00
    2.70496E+05    3.87025E-11    0.00000E+00    0.00000E+00    0.00000E+00    0.00000E+00
    2.83310E+05    6.35895E-11    0.00000E+00    0.00000E+00    0.00000E+00    0.00000E+00
    2.96730E+05    2.98619E-10    0.00000E+00    0.00000E+00    0.00000E+00    0.00000E+00
    3.10787E+05    3.44914E-10    0.00000E+00    0.00000E+00    0.00000E+00    0.00000E+00
    3.25509E+05    8.32285E-10    0.00000E+00    0.00000E+00    0.00000E+00    0.00000E+00
    3.40929E+05    9.19933E-10    0.00000E+00    0.00000E+00    0.00000E+00    0.00000E+00
    3.57078E+05    1.24339E-09    0.00000E+00    0.00000E+00    0.00000E+00    0.00000E+00
    3.73994E+05    2.49363E-09    0.00000E+00    0.00000E+00    0.00000E+00    0.00000E+00
    3.91710E+05    3.86218E-09    0.00000E+00    0.00000E+00    0.00000E+00    0.00000E+00
    4.10266E+05    4.75578E-09    0.00000E+00    0.00000E+00    0.00000E+00    0.00000E+00
    4.29700E+05    7.04315E-09    0.00000E+00    0.00000E+00    0.00000E+00    0.00000E+00
    4.50056E+05    9.95326E-09    0.00000E+00    0.00000E+00    0.00000E+00    0.00000E+00
    4.71375E+05    1.08636E-08    0.00000E+00    0.00000E+00    0.00000E+00    0.00000E+00
    4.93705E+05    1.55720E-08    0.00000E+00    0.00000E+00    0.00000E+00    0.00000E+00
    5.17092E+05    1.88725E-08    0.00000E+00    0.00000E+00    0.00000E+00    0.00000E+00
    5.41587E+05    2.19523E-08    0.00000E+00    0.00000E+00    0.00000E+00    0.00000E+00
    5.67243E+05    2.60809E-08    0.00000E+00    0.00000E+00    0.00000E+00    0.00000E+00
    5.94113E+05    2.96582E-08    0.00000E+00    0.00000E+00    0.00000E+00    0.00000E+00
    6.22257E+05    3.25038E-08    0.00000E+00    0.00000E+00    0.00000E+00    0.00000E+00
    6.51734E+05    3.43172E-08    0.00000E+00    0.00000E+00    0.00000E+00    0.00000E+00
    6.82607E+05    3.69671E-08    0.00000E+00    0.00000E+00    0.00000E+00    0.00000E+00
    7.14943E+05    3.83791E-08    0.00000E+00    0.00000E+00    0.00000E+00    0.00000E+00
    7.48810E+05    4.06987E-08    0.00000E+00    0.00000E+00    0.00000E+00    0.00000E+00
    7.84282E+05    4.09878E-08    0.00000E+00    0.00000E+00    0.00000E+00    0.00000E+00
    8.21434E+05    4.04148E-08    0.00000E+00    0.00000E+00    0.00000E+00    0.00000E+00
    8.60346E+05    4.08589E-08    0.00000E+00    0.00000E+00    0.00000E+00    0.00000E+00
    9.01102E+05    3.88172E-08    0.00000E+00    0.00000E+00    0.00000E+00    0.00000E+00
    9.43788E+05    3.81721E-08    0.00000E+00    0.00000E+00    0.00000E+00    0.00000E+00
    9.88496E+05    3.64297E-08    0.00000E+00    0.00000E+00    0.00000E+00    0.00000E+00
    1.03532E+06    3.46586E-08    0.00000E+00    0.00000E+00    0.00000E+00    0.00000E+00
    1.08437E+06    3.23091E-08    0.00000E+00    0.00000E+00    0.00000E+00    0.00000E+00
    1.13573E+06    2.97007E-08    0.00000E+00    0.00000E+00    0.00000E+00    0.00000E+00
    1.18953E+06    2.80182E-08    0.00000E+00    0.00000E+00    0.00000E+00    0.00000E+00
    1.24588E+06    2.57263E-08    0.00000E+00    0.00000E+00    0.00000E+00    0.00000E+00
    1.30490E+06    2.36016E-08    0.00000E+00    0.00000E+00    0.00000E+00    0.00000E+00
    1.36672E+06    2.12491E-08    0.00000E+00    0.00000E+00    0.00000E+00    0.00000E+00
    1.43146E+06    1.89952E-08    0.00000E+00    0.00000E+00    0.00000E+00    0.00000E+00
    1.49927E+06    1.71548E-08    0.00000E+00    0.00000E+00    0.00000E+00    0.00000E+00
    1.57029E+06    1.51021E-08    0.00000E+00    0.00000E+00    0.00000E+00    0.00000E+00
    1.64468E+06    1.33716E-08    0.00000E+00    0.00000E+00    0.00000E+00    0.00000E+00
    1.72259E+06    1.18629E-08    0.00000E+00    0.00000E+00    0.00000E+00    0.00000E+00
    1.80419E+06    1.03658E-08    0.00000E+00    0.00000E+00    0.00000E+00    0.00000E+00
    1.88965E+06    9.02148E-09    0.00000E+00    0.00000E+00    0.00000E+00    0.00000E+00
    1.97917E+06    7.85078E-09    0.00000E+00    0.00000E+00    0.00000E+00    0.00000E+00
    2.07292E+06    6.76013E-09    0.00000E+00    0.00000E+00    0.00000E+00    0.00000E+00
    2.17112E+06    5.81953E-09    0.00000E+00    0.00000E+00    0.00000E+00    0.00000E+00
    2.27397E+06    4.96752E-09    0.00000E+00    0.00000E+00    0.00000E+00    0.00000E+00
    2.38169E+06    4.24735E-09    0.00000E+00    0.00000E+00    0.00000E+00    0.00000E+00
    2.49451E+06    3.60169E-09    0.00000E+00    0.00000E+00    0.00000E+00    0.00000E+00
    2.61268E+06    3.05533E-09    0.00000E+00    0.00000E+00    0.00000E+00    0.00000E+00
    2.73644E+06    2.57496E-09    0.00000E+00    0.00000E+00    0.00000E+00    0.00000E+00
    2.86607E+06    2.18083E-09    0.00000E+00    0.00000E+00    0.00000E+00    0.00000E+00
    3.00184E+06    1.82407E-09    0.00000E+00    0.00000E+00    0.00000E+00    0.00000E+00
    3.14404E+06    1.52474E-09    0.00000E+00    0.00000E+00    0.00000E+00    0.00000E+00
    3.29297E+06    1.27125E-09    0.00000E+00    0.00000E+00    0.00000E+00    0.00000E+00
    3.44896E+06    1.05383E-09    0.00000E+00    0.00000E+00    0.00000E+00    0.00000E+00
    3.61234E+06    8.81957E-10    0.00000E+00    0.00000E+00    0.00000E+00    0.00000E+00
    3.78346E+06    7.25941E-10    0.00000E+00    0.00000E+00    0.00000E+00    0.00000E+00
    3.96269E+06    6.00969E-10    0.00000E+00    0.00000E+00    0.00000E+00    0.00000E+00
    4.15040E+06    4.95625E-10    0.00000E+00    0.00000E+00    0.00000E+00    0.00000E+00
    4.34701E+06    4.08391E-10    0.00000E+00    0.00000E+00    0.00000E+00    0.00000E+00
    4.55293E+06    3.34145E-10    0.00000E+00    0.00000E+00    0.00000E+00    0.00000E+00
    4.76861E+06    2.75438E-10    0.00000E+00    0.00000E+00    0.00000E+00    0.00000E+00
    4.99451E+06    2.24956E-10    0.00000E+00    0.00000E+00    0.00000E+00    0.00000E+00
    5.23110E+06    1.83914E-10    0.00000E+00    0.00000E+00    0.00000E+00    0.00000E+00
    5.47890E+06    1.50384E-10    0.00000E+00    0.00000E+00    0.00000E+00    0.00000E+00
    5.73844E+06    1.22150E-10    0.00000E+00    0.00000E+00    0.00000E+00    0.00000E+00
    6.01028E+06    9.86456E-11    0.00000E+00    0.00000E+00    0.00000E+00    0.00000E+00
    6.29499E+06    8.10662E-11    0.00000E+00    0.00000E+00    0.00000E+00    0.00000E+00
    6.59319E+06    6.54095E-11    0.00000E+00    0.00000E+00    0.00000E+00    0.00000E+00
    6.90551E+06    5.33921E-11    0.00000E+00    0.00000E+00    0.00000E+00    0.00000E+00
    7.23264E+06    4.30688E-11    0.00000E+00    0.00000E+00    0.00000E+00    0.00000E+00
    7.57525E+06    3.47610E-11    0.00000E+00    0.00000E+00    0.00000E+00    0.00000E+00
    7.93410E+06    2.81881E-11    0.00000E+00    0.00000E+00    0.00000E+00    0.00000E+00
    8.30994E+06    2.26970E-11    0.00000E+00    0.00000E+00    0.00000E+00    0.00000E+00
    8.70359E+06    1.84214E-11    0.00000E+00    0.00000E+00    0.00000E+00    0.00000E+00
    9.11589E+06    1.47902E-11    0.00000E+00    0.00000E+00    0.00000E+00    0.00000E+00
    9.54771E+06    1.19271E-11    0.00000E+00    0.00000E+00    0.00000E+00    0.00000E+00
    1.00000E+07    9.57369E-12    0.00000E+00    0.00000E+00    0.00000E+00    0.00000E+00
