 # Columns are: Lambda (Angstroms) and Flux (Flux * lambda) (ergs/s/cm^2)
    1.00000E+03    0.00000E+00    0.00000E+00    0.00000E+00    0.00000E+00    0.00000E+00
    1.04737E+03    0.00000E+00    0.00000E+00    0.00000E+00    0.00000E+00    0.00000E+00
    1.09699E+03    0.00000E+00    0.00000E+00    0.00000E+00    0.00000E+00    0.00000E+00
    1.14895E+03    0.00000E+00    0.00000E+00    0.00000E+00    0.00000E+00    0.00000E+00
    1.20338E+03    0.00000E+00    0.00000E+00    0.00000E+00    0.00000E+00    0.00000E+00
    1.26038E+03    0.00000E+00    0.00000E+00    0.00000E+00    0.00000E+00    0.00000E+00
    1.32009E+03    0.00000E+00    0.00000E+00    0.00000E+00    0.00000E+00    0.00000E+00
    1.38262E+03    0.00000E+00    0.00000E+00    0.00000E+00    0.00000E+00    0.00000E+00
    1.44812E+03    0.00000E+00    0.00000E+00    0.00000E+00    0.00000E+00    0.00000E+00
    1.51672E+03    0.00000E+00    0.00000E+00    0.00000E+00    0.00000E+00    0.00000E+00
    1.58857E+03    0.00000E+00    0.00000E+00    0.00000E+00    0.00000E+00    0.00000E+00
    1.66382E+03    0.00000E+00    0.00000E+00    0.00000E+00    0.00000E+00    0.00000E+00
    1.74263E+03    0.00000E+00    0.00000E+00    0.00000E+00    0.00000E+00    0.00000E+00
    1.82518E+03    0.00000E+00    0.00000E+00    0.00000E+00    0.00000E+00    0.00000E+00
    1.91164E+03    0.00000E+00    0.00000E+00    0.00000E+00    0.00000E+00    0.00000E+00
    2.00220E+03    0.00000E+00    0.00000E+00    0.00000E+00    0.00000E+00    0.00000E+00
    2.09705E+03    0.00000E+00    0.00000E+00    0.00000E+00    0.00000E+00    0.00000E+00
    2.19639E+03    0.00000E+00    0.00000E+00    0.00000E+00    0.00000E+00    0.00000E+00
    2.30043E+03    0.00000E+00    0.00000E+00    0.00000E+00    0.00000E+00    0.00000E+00
    2.40940E+03    0.00000E+00    0.00000E+00    0.00000E+00    0.00000E+00    0.00000E+00
    2.52354E+03    0.00000E+00    0.00000E+00    0.00000E+00    0.00000E+00    0.00000E+00
    2.64308E+03    0.00000E+00    0.00000E+00    0.00000E+00    0.00000E+00    0.00000E+00
    2.76829E+03    0.00000E+00    0.00000E+00    0.00000E+00    0.00000E+00    0.00000E+00
    2.89942E+03    0.00000E+00    0.00000E+00    0.00000E+00    0.00000E+00    0.00000E+00
    3.03677E+03    0.00000E+00    0.00000E+00    0.00000E+00    0.00000E+00    0.00000E+00
    3.18063E+03    0.00000E+00    0.00000E+00    0.00000E+00    0.00000E+00    0.00000E+00
    3.33129E+03    0.00000E+00    0.00000E+00    0.00000E+00    0.00000E+00    0.00000E+00
    3.48910E+03    0.00000E+00    0.00000E+00    0.00000E+00    0.00000E+00    0.00000E+00
    3.65438E+03    0.00000E+00    0.00000E+00    0.00000E+00    0.00000E+00    0.00000E+00
    3.82749E+03    0.00000E+00    0.00000E+00    0.00000E+00    0.00000E+00    0.00000E+00
    4.00881E+03    0.00000E+00    0.00000E+00    0.00000E+00    0.00000E+00    0.00000E+00
    4.19871E+03    0.00000E+00    0.00000E+00    0.00000E+00    0.00000E+00    0.00000E+00
    4.39760E+03    0.00000E+00    0.00000E+00    0.00000E+00    0.00000E+00    0.00000E+00
    4.60592E+03    0.00000E+00    0.00000E+00    0.00000E+00    0.00000E+00    0.00000E+00
    4.82411E+03    0.00000E+00    0.00000E+00    0.00000E+00    0.00000E+00    0.00000E+00
    5.05263E+03    0.00000E+00    0.00000E+00    0.00000E+00    0.00000E+00    0.00000E+00
    5.29198E+03    0.00000E+00    0.00000E+00    0.00000E+00    0.00000E+00    0.00000E+00
    5.54266E+03    0.00000E+00    0.00000E+00    0.00000E+00    0.00000E+00    0.00000E+00
    5.80523E+03    0.00000E+00    0.00000E+00    0.00000E+00    0.00000E+00    0.00000E+00
    6.08022E+03    0.00000E+00    0.00000E+00    0.00000E+00    0.00000E+00    0.00000E+00
    6.36825E+03    0.00000E+00    0.00000E+00    0.00000E+00    0.00000E+00    0.00000E+00
    6.66992E+03    0.00000E+00    0.00000E+00    0.00000E+00    0.00000E+00    0.00000E+00
    6.98588E+03    0.00000E+00    0.00000E+00    0.00000E+00    0.00000E+00    0.00000E+00
    7.31681E+03    0.00000E+00    0.00000E+00    0.00000E+00    0.00000E+00    0.00000E+00
    7.66341E+03    0.00000E+00    0.00000E+00    0.00000E+00    0.00000E+00    0.00000E+00
    8.02643E+03    0.00000E+00    0.00000E+00    0.00000E+00    0.00000E+00    0.00000E+00
    8.40665E+03    0.00000E+00    0.00000E+00    0.00000E+00    0.00000E+00    0.00000E+00
    8.80488E+03    0.00000E+00    0.00000E+00    0.00000E+00    0.00000E+00    0.00000E+00
    9.22198E+03    0.00000E+00    0.00000E+00    0.00000E+00    0.00000E+00    0.00000E+00
    9.65883E+03    0.00000E+00    0.00000E+00    0.00000E+00    0.00000E+00    0.00000E+00
    1.01164E+04    0.00000E+00    0.00000E+00    0.00000E+00    0.00000E+00    0.00000E+00
    1.05956E+04    0.00000E+00    0.00000E+00    0.00000E+00    0.00000E+00    0.00000E+00
    1.10975E+04    0.00000E+00    0.00000E+00    0.00000E+00    0.00000E+00    0.00000E+00
    1.16232E+04    0.00000E+00    0.00000E+00    0.00000E+00    0.00000E+00    0.00000E+00
    1.21738E+04    0.00000E+00    0.00000E+00    0.00000E+00    0.00000E+00    0.00000E+00
    1.27505E+04    0.00000E+00    0.00000E+00    0.00000E+00    0.00000E+00    0.00000E+00
    1.33545E+04    0.00000E+00    0.00000E+00    0.00000E+00    0.00000E+00    0.00000E+00
    1.39871E+04    2.17869E-46    0.00000E+00    0.00000E+00    0.00000E+00    0.00000E+00
    1.46497E+04    0.00000E+00    0.00000E+00    0.00000E+00    0.00000E+00    0.00000E+00
    1.53437E+04    5.92229E-39    0.00000E+00    0.00000E+00    0.00000E+00    0.00000E+00
    1.60705E+04    2.57050E-35    0.00000E+00    0.00000E+00    0.00000E+00    0.00000E+00
    1.68318E+04    2.31666E-38    0.00000E+00    0.00000E+00    0.00000E+00    0.00000E+00
    1.76291E+04    1.97589E-30    0.00000E+00    0.00000E+00    0.00000E+00    0.00000E+00
    1.84642E+04    1.63602E-27    0.00000E+00    0.00000E+00    0.00000E+00    0.00000E+00
    1.93389E+04    1.63150E-22    0.00000E+00    0.00000E+00    0.00000E+00    0.00000E+00
    2.02550E+04    3.35603E-22    0.00000E+00    0.00000E+00    0.00000E+00    0.00000E+00
    2.12145E+04    2.16580E-20    0.00000E+00    0.00000E+00    0.00000E+00    0.00000E+00
    2.22195E+04    2.50250E-20    0.00000E+00    0.00000E+00    0.00000E+00    0.00000E+00
    2.32720E+04    8.90238E-19    0.00000E+00    0.00000E+00    0.00000E+00    0.00000E+00
    2.43744E+04    7.61464E-19    0.00000E+00    0.00000E+00    0.00000E+00    0.00000E+00
    2.55291E+04    4.09141E-17    0.00000E+00    0.00000E+00    0.00000E+00    0.00000E+00
    2.67384E+04    7.69057E-16    0.00000E+00    0.00000E+00    0.00000E+00    0.00000E+00
    2.80050E+04    7.76768E-16    0.00000E+00    0.00000E+00    0.00000E+00    0.00000E+00
    2.93317E+04    1.59828E-14    0.00000E+00    0.00000E+00    0.00000E+00    0.00000E+00
    3.07211E+04    1.43854E-14    0.00000E+00    0.00000E+00    0.00000E+00    0.00000E+00
    3.21764E+04    2.15961E-13    0.00000E+00    0.00000E+00    0.00000E+00    0.00000E+00
    3.37006E+04    5.03826E-13    0.00000E+00    0.00000E+00    0.00000E+00    0.00000E+00
    3.52971E+04    5.70021E-13    0.00000E+00    0.00000E+00    0.00000E+00    0.00000E+00
    3.69691E+04    1.47417E-12    0.00000E+00    0.00000E+00    0.00000E+00    0.00000E+00
    3.87204E+04    1.95702E-12    0.00000E+00    0.00000E+00    0.00000E+00    0.00000E+00
    4.05546E+04    6.55283E-12    0.00000E+00    0.00000E+00    0.00000E+00    0.00000E+00
    4.24757E+04    1.14162E-11    0.00000E+00    0.00000E+00    0.00000E+00    0.00000E+00
    4.44878E+04    2.56942E-11    0.00000E+00    0.00000E+00    0.00000E+00    0.00000E+00
    4.65953E+04    4.31839E-11    0.00000E+00    0.00000E+00    0.00000E+00    0.00000E+00
    4.88025E+04    9.39088E-11    0.00000E+00    0.00000E+00    0.00000E+00    0.00000E+00
    5.11143E+04    1.11235E-10    0.00000E+00    0.00000E+00    0.00000E+00    0.00000E+00
    5.35357E+04    1.79086E-10    0.00000E+00    0.00000E+00    0.00000E+00    0.00000E+00
    5.60717E+04    1.56863E-10    0.00000E+00    0.00000E+00    0.00000E+00    0.00000E+00
    5.87279E+04    2.35346E-10    0.00000E+00    0.00000E+00    0.00000E+00    0.00000E+00
    6.15099E+04    3.25928E-10    0.00000E+00    0.00000E+00    0.00000E+00    0.00000E+00
    6.44236E+04    2.71329E-10    0.00000E+00    0.00000E+00    0.00000E+00    0.00000E+00
    6.74754E+04    4.10582E-10    0.00000E+00    0.00000E+00    0.00000E+00    0.00000E+00
    7.06718E+04    4.54155E-10    0.00000E+00    0.00000E+00    0.00000E+00    0.00000E+00
    7.40196E+04    2.32196E-10    0.00000E+00    0.00000E+00    0.00000E+00    0.00000E+00
    7.75260E+04    3.02850E-12    0.00000E+00    0.00000E+00    0.00000E+00    0.00000E+00
    8.11984E+04    1.68533E-15    0.00000E+00    0.00000E+00    0.00000E+00    0.00000E+00
    8.50449E+04    1.37470E-20    0.00000E+00    0.00000E+00    0.00000E+00    0.00000E+00
    8.90735E+04    2.54258E-26    0.00000E+00    0.00000E+00    0.00000E+00    0.00000E+00
    9.32930E+04    4.04666E-34    0.00000E+00    0.00000E+00    0.00000E+00    0.00000E+00
    9.77124E+04    1.29648E-34    0.00000E+00    0.00000E+00    0.00000E+00    0.00000E+00
    1.02341E+05    4.29103E-28    0.00000E+00    0.00000E+00    0.00000E+00    0.00000E+00
    1.07189E+05    3.42227E-24    0.00000E+00    0.00000E+00    0.00000E+00    0.00000E+00
    1.12267E+05    7.35359E-22    0.00000E+00    0.00000E+00    0.00000E+00    0.00000E+00
    1.17585E+05    2.66619E-19    0.00000E+00    0.00000E+00    0.00000E+00    0.00000E+00
    1.23155E+05    5.62811E-15    0.00000E+00    0.00000E+00    0.00000E+00    0.00000E+00
    1.28989E+05    7.09092E-15    0.00000E+00    0.00000E+00    0.00000E+00    0.00000E+00
    1.35099E+05    4.28737E-13    0.00000E+00    0.00000E+00    0.00000E+00    0.00000E+00
    1.41499E+05    1.76489E-12    0.00000E+00    0.00000E+00    0.00000E+00    0.00000E+00
    1.48202E+05    6.78965E-13    0.00000E+00    0.00000E+00    0.00000E+00    0.00000E+00
    1.55222E+05    1.31302E-12    0.00000E+00    0.00000E+00    0.00000E+00    0.00000E+00
    1.62576E+05    7.31893E-14    0.00000E+00    0.00000E+00    0.00000E+00    0.00000E+00
    1.70277E+05    1.04078E-13    0.00000E+00    0.00000E+00    0.00000E+00    0.00000E+00
    1.78343E+05    1.43663E-14    0.00000E+00    0.00000E+00    0.00000E+00    0.00000E+00
    1.86791E+05    1.53901E-14    0.00000E+00    0.00000E+00    0.00000E+00    0.00000E+00
    1.95640E+05    7.89308E-14    0.00000E+00    0.00000E+00    0.00000E+00    0.00000E+00
    2.04907E+05    7.67602E-13    0.00000E+00    0.00000E+00    0.00000E+00    0.00000E+00
    2.14614E+05    1.06854E-11    0.00000E+00    0.00000E+00    0.00000E+00    0.00000E+00
    2.24781E+05    3.43700E-11    0.00000E+00    0.00000E+00    0.00000E+00    0.00000E+00
    2.35429E+05    2.47769E-11    0.00000E+00    0.00000E+00    0.00000E+00    0.00000E+00
    2.46581E+05    9.21379E-11    0.00000E+00    0.00000E+00    0.00000E+00    0.00000E+00
    2.58262E+05    1.88261E-10    0.00000E+00    0.00000E+00    0.00000E+00    0.00000E+00
    2.70496E+05    2.78707E-10    0.00000E+00    0.00000E+00    0.00000E+00    0.00000E+00
    2.83310E+05    6.39628E-10    0.00000E+00    0.00000E+00    0.00000E+00    0.00000E+00
    2.96730E+05    1.46672E-09    0.00000E+00    0.00000E+00    0.00000E+00    0.00000E+00
    3.10787E+05    2.73225E-09    0.00000E+00    0.00000E+00    0.00000E+00    0.00000E+00
    3.25509E+05    3.10223E-09    0.00000E+00    0.00000E+00    0.00000E+00    0.00000E+00
    3.40929E+05    5.84835E-09    0.00000E+00    0.00000E+00    0.00000E+00    0.00000E+00
    3.57078E+05    8.97005E-09    0.00000E+00    0.00000E+00    0.00000E+00    0.00000E+00
    3.73994E+05    1.05709E-08    0.00000E+00    0.00000E+00    0.00000E+00    0.00000E+00
    3.91710E+05    1.40881E-08    0.00000E+00    0.00000E+00    0.00000E+00    0.00000E+00
    4.10266E+05    1.87955E-08    0.00000E+00    0.00000E+00    0.00000E+00    0.00000E+00
    4.29700E+05    2.82046E-08    0.00000E+00    0.00000E+00    0.00000E+00    0.00000E+00
    4.50056E+05    3.23560E-08    0.00000E+00    0.00000E+00    0.00000E+00    0.00000E+00
    4.71375E+05    4.19679E-08    0.00000E+00    0.00000E+00    0.00000E+00    0.00000E+00
    4.93705E+05    4.63588E-08    0.00000E+00    0.00000E+00    0.00000E+00    0.00000E+00
    5.17092E+05    5.63226E-08    0.00000E+00    0.00000E+00    0.00000E+00    0.00000E+00
    5.41587E+05    6.26633E-08    0.00000E+00    0.00000E+00    0.00000E+00    0.00000E+00
    5.67243E+05    7.21692E-08    0.00000E+00    0.00000E+00    0.00000E+00    0.00000E+00
    5.94113E+05    7.41364E-08    0.00000E+00    0.00000E+00    0.00000E+00    0.00000E+00
    6.22257E+05    8.09204E-08    0.00000E+00    0.00000E+00    0.00000E+00    0.00000E+00
    6.51734E+05    8.50991E-08    0.00000E+00    0.00000E+00    0.00000E+00    0.00000E+00
    6.82607E+05    8.68634E-08    0.00000E+00    0.00000E+00    0.00000E+00    0.00000E+00
    7.14943E+05    8.90655E-08    0.00000E+00    0.00000E+00    0.00000E+00    0.00000E+00
    7.48810E+05    8.89143E-08    0.00000E+00    0.00000E+00    0.00000E+00    0.00000E+00
    7.84282E+05    8.94995E-08    0.00000E+00    0.00000E+00    0.00000E+00    0.00000E+00
    8.21434E+05    8.73372E-08    0.00000E+00    0.00000E+00    0.00000E+00    0.00000E+00
    8.60346E+05    8.36019E-08    0.00000E+00    0.00000E+00    0.00000E+00    0.00000E+00
    9.01102E+05    7.93562E-08    0.00000E+00    0.00000E+00    0.00000E+00    0.00000E+00
    9.43788E+05    7.53283E-08    0.00000E+00    0.00000E+00    0.00000E+00    0.00000E+00
    9.88496E+05    7.00725E-08    0.00000E+00    0.00000E+00    0.00000E+00    0.00000E+00
    1.03532E+06    6.58601E-08    0.00000E+00    0.00000E+00    0.00000E+00    0.00000E+00
    1.08437E+06    6.00874E-08    0.00000E+00    0.00000E+00    0.00000E+00    0.00000E+00
    1.13573E+06    5.50485E-08    0.00000E+00    0.00000E+00    0.00000E+00    0.00000E+00
    1.18953E+06    4.96741E-08    0.00000E+00    0.00000E+00    0.00000E+00    0.00000E+00
    1.24588E+06    4.54030E-08    0.00000E+00    0.00000E+00    0.00000E+00    0.00000E+00
    1.30490E+06    4.09533E-08    0.00000E+00    0.00000E+00    0.00000E+00    0.00000E+00
    1.36672E+06    3.59510E-08    0.00000E+00    0.00000E+00    0.00000E+00    0.00000E+00
    1.43146E+06    3.19112E-08    0.00000E+00    0.00000E+00    0.00000E+00    0.00000E+00
    1.49927E+06    2.80773E-08    0.00000E+00    0.00000E+00    0.00000E+00    0.00000E+00
    1.57029E+06    2.44662E-08    0.00000E+00    0.00000E+00    0.00000E+00    0.00000E+00
    1.64468E+06    2.17026E-08    0.00000E+00    0.00000E+00    0.00000E+00    0.00000E+00
    1.72259E+06    1.86951E-08    0.00000E+00    0.00000E+00    0.00000E+00    0.00000E+00
    1.80419E+06    1.60618E-08    0.00000E+00    0.00000E+00    0.00000E+00    0.00000E+00
    1.88965E+06    1.39311E-08    0.00000E+00    0.00000E+00    0.00000E+00    0.00000E+00
    1.97917E+06    1.19080E-08    0.00000E+00    0.00000E+00    0.00000E+00    0.00000E+00
    2.07292E+06    1.01839E-08    0.00000E+00    0.00000E+00    0.00000E+00    0.00000E+00
    2.17112E+06    8.61395E-09    0.00000E+00    0.00000E+00    0.00000E+00    0.00000E+00
    2.27397E+06    7.31467E-09    0.00000E+00    0.00000E+00    0.00000E+00    0.00000E+00
    2.38169E+06    6.17261E-09    0.00000E+00    0.00000E+00    0.00000E+00    0.00000E+00
    2.49451E+06    5.22005E-09    0.00000E+00    0.00000E+00    0.00000E+00    0.00000E+00
    2.61268E+06    4.36507E-09    0.00000E+00    0.00000E+00    0.00000E+00    0.00000E+00
    2.73644E+06    3.62621E-09    0.00000E+00    0.00000E+00    0.00000E+00    0.00000E+00
    2.86607E+06    3.03529E-09    0.00000E+00    0.00000E+00    0.00000E+00    0.00000E+00
    3.00184E+06    2.53598E-09    0.00000E+00    0.00000E+00    0.00000E+00    0.00000E+00
    3.14404E+06    2.09312E-09    0.00000E+00    0.00000E+00    0.00000E+00    0.00000E+00
    3.29297E+06    1.74088E-09    0.00000E+00    0.00000E+00    0.00000E+00    0.00000E+00
    3.44896E+06    1.43511E-09    0.00000E+00    0.00000E+00    0.00000E+00    0.00000E+00
    3.61234E+06    1.18072E-09    0.00000E+00    0.00000E+00    0.00000E+00    0.00000E+00
    3.78346E+06    9.74846E-10    0.00000E+00    0.00000E+00    0.00000E+00    0.00000E+00
    3.96269E+06    8.00095E-10    0.00000E+00    0.00000E+00    0.00000E+00    0.00000E+00
    4.15040E+06    6.54765E-10    0.00000E+00    0.00000E+00    0.00000E+00    0.00000E+00
    4.34701E+06    5.33974E-10    0.00000E+00    0.00000E+00    0.00000E+00    0.00000E+00
    4.55293E+06    4.36336E-10    0.00000E+00    0.00000E+00    0.00000E+00    0.00000E+00
    4.76861E+06    3.56456E-10    0.00000E+00    0.00000E+00    0.00000E+00    0.00000E+00
    4.99451E+06    2.90285E-10    0.00000E+00    0.00000E+00    0.00000E+00    0.00000E+00
    5.23110E+06    2.36181E-10    0.00000E+00    0.00000E+00    0.00000E+00    0.00000E+00
    5.47890E+06    1.91726E-10    0.00000E+00    0.00000E+00    0.00000E+00    0.00000E+00
    5.73844E+06    1.56168E-10    0.00000E+00    0.00000E+00    0.00000E+00    0.00000E+00
    6.01028E+06    1.26579E-10    0.00000E+00    0.00000E+00    0.00000E+00    0.00000E+00
    6.29499E+06    1.01860E-10    0.00000E+00    0.00000E+00    0.00000E+00    0.00000E+00
    6.59319E+06    8.25498E-11    0.00000E+00    0.00000E+00    0.00000E+00    0.00000E+00
    6.90551E+06    6.65487E-11    0.00000E+00    0.00000E+00    0.00000E+00    0.00000E+00
    7.23264E+06    5.40337E-11    0.00000E+00    0.00000E+00    0.00000E+00    0.00000E+00
    7.57525E+06    4.35312E-11    0.00000E+00    0.00000E+00    0.00000E+00    0.00000E+00
    7.93410E+06    3.50835E-11    0.00000E+00    0.00000E+00    0.00000E+00    0.00000E+00
    8.30994E+06    2.81142E-11    0.00000E+00    0.00000E+00    0.00000E+00    0.00000E+00
    8.70359E+06    2.26744E-11    0.00000E+00    0.00000E+00    0.00000E+00    0.00000E+00
    9.11589E+06    1.81822E-11    0.00000E+00    0.00000E+00    0.00000E+00    0.00000E+00
    9.54771E+06    1.46463E-11    0.00000E+00    0.00000E+00    0.00000E+00    0.00000E+00
    1.00000E+07    1.17068E-11    0.00000E+00    0.00000E+00    0.00000E+00    0.00000E+00
