 # Columns are: Lambda (Angstroms) and Flux (Flux * lambda) (ergs/s/cm^2)
    1.00000E+03    0.00000E+00    0.00000E+00    0.00000E+00    0.00000E+00    0.00000E+00
    1.04737E+03    0.00000E+00    0.00000E+00    0.00000E+00    0.00000E+00    0.00000E+00
    1.09699E+03    0.00000E+00    0.00000E+00    0.00000E+00    0.00000E+00    0.00000E+00
    1.14895E+03    0.00000E+00    0.00000E+00    0.00000E+00    0.00000E+00    0.00000E+00
    1.20338E+03    0.00000E+00    0.00000E+00    0.00000E+00    0.00000E+00    0.00000E+00
    1.26038E+03    0.00000E+00    0.00000E+00    0.00000E+00    0.00000E+00    0.00000E+00
    1.32009E+03    0.00000E+00    0.00000E+00    0.00000E+00    0.00000E+00    0.00000E+00
    1.38262E+03    0.00000E+00    0.00000E+00    0.00000E+00    0.00000E+00    0.00000E+00
    1.44812E+03    0.00000E+00    0.00000E+00    0.00000E+00    0.00000E+00    0.00000E+00
    1.51672E+03    0.00000E+00    0.00000E+00    0.00000E+00    0.00000E+00    0.00000E+00
    1.58857E+03    0.00000E+00    0.00000E+00    0.00000E+00    0.00000E+00    0.00000E+00
    1.66382E+03    0.00000E+00    0.00000E+00    0.00000E+00    0.00000E+00    0.00000E+00
    1.74263E+03    0.00000E+00    0.00000E+00    0.00000E+00    0.00000E+00    0.00000E+00
    1.82518E+03    0.00000E+00    0.00000E+00    0.00000E+00    0.00000E+00    0.00000E+00
    1.91164E+03    0.00000E+00    0.00000E+00    0.00000E+00    0.00000E+00    0.00000E+00
    2.00220E+03    0.00000E+00    0.00000E+00    0.00000E+00    0.00000E+00    0.00000E+00
    2.09705E+03    0.00000E+00    0.00000E+00    0.00000E+00    0.00000E+00    0.00000E+00
    2.19639E+03    0.00000E+00    0.00000E+00    0.00000E+00    0.00000E+00    0.00000E+00
    2.30043E+03    0.00000E+00    0.00000E+00    0.00000E+00    0.00000E+00    0.00000E+00
    2.40940E+03    0.00000E+00    0.00000E+00    0.00000E+00    0.00000E+00    0.00000E+00
    2.52354E+03    0.00000E+00    0.00000E+00    0.00000E+00    0.00000E+00    0.00000E+00
    2.64308E+03    0.00000E+00    0.00000E+00    0.00000E+00    0.00000E+00    0.00000E+00
    2.76829E+03    0.00000E+00    0.00000E+00    0.00000E+00    0.00000E+00    0.00000E+00
    2.89942E+03    0.00000E+00    0.00000E+00    0.00000E+00    0.00000E+00    0.00000E+00
    3.03677E+03    0.00000E+00    0.00000E+00    0.00000E+00    0.00000E+00    0.00000E+00
    3.18063E+03    0.00000E+00    0.00000E+00    0.00000E+00    0.00000E+00    0.00000E+00
    3.33129E+03    0.00000E+00    0.00000E+00    0.00000E+00    0.00000E+00    0.00000E+00
    3.48910E+03    0.00000E+00    0.00000E+00    0.00000E+00    0.00000E+00    0.00000E+00
    3.65438E+03    0.00000E+00    0.00000E+00    0.00000E+00    0.00000E+00    0.00000E+00
    3.82749E+03    0.00000E+00    0.00000E+00    0.00000E+00    0.00000E+00    0.00000E+00
    4.00881E+03    0.00000E+00    0.00000E+00    0.00000E+00    0.00000E+00    0.00000E+00
    4.19871E+03    0.00000E+00    0.00000E+00    0.00000E+00    0.00000E+00    0.00000E+00
    4.39760E+03    0.00000E+00    0.00000E+00    0.00000E+00    0.00000E+00    0.00000E+00
    4.60592E+03    0.00000E+00    0.00000E+00    0.00000E+00    0.00000E+00    0.00000E+00
    4.82411E+03    0.00000E+00    0.00000E+00    0.00000E+00    0.00000E+00    0.00000E+00
    5.05263E+03    0.00000E+00    0.00000E+00    0.00000E+00    0.00000E+00    0.00000E+00
    5.29198E+03    0.00000E+00    0.00000E+00    0.00000E+00    0.00000E+00    0.00000E+00
    5.54266E+03    0.00000E+00    0.00000E+00    0.00000E+00    0.00000E+00    0.00000E+00
    5.80523E+03    0.00000E+00    0.00000E+00    0.00000E+00    0.00000E+00    0.00000E+00
    6.08022E+03    0.00000E+00    0.00000E+00    0.00000E+00    0.00000E+00    0.00000E+00
    6.36825E+03    0.00000E+00    0.00000E+00    0.00000E+00    0.00000E+00    0.00000E+00
    6.66992E+03    5.39259E-46    0.00000E+00    0.00000E+00    0.00000E+00    0.00000E+00
    6.98588E+03    1.31329E-42    0.00000E+00    0.00000E+00    0.00000E+00    0.00000E+00
    7.31681E+03    6.04695E-36    0.00000E+00    0.00000E+00    0.00000E+00    0.00000E+00
    7.66341E+03    1.16672E-34    0.00000E+00    0.00000E+00    0.00000E+00    0.00000E+00
    8.02643E+03    1.83308E-32    0.00000E+00    0.00000E+00    0.00000E+00    0.00000E+00
    8.40665E+03    1.23608E-29    0.00000E+00    0.00000E+00    0.00000E+00    0.00000E+00
    8.80488E+03    6.31764E-26    0.00000E+00    0.00000E+00    0.00000E+00    0.00000E+00
    9.22198E+03    3.59465E-24    0.00000E+00    0.00000E+00    0.00000E+00    0.00000E+00
    9.65883E+03    7.60882E-22    0.00000E+00    0.00000E+00    0.00000E+00    0.00000E+00
    1.01164E+04    9.22966E-20    0.00000E+00    0.00000E+00    0.00000E+00    0.00000E+00
    1.05956E+04    5.29027E-18    0.00000E+00    0.00000E+00    0.00000E+00    0.00000E+00
    1.10975E+04    7.47769E-17    0.00000E+00    0.00000E+00    0.00000E+00    0.00000E+00
    1.16232E+04    8.31677E-15    0.00000E+00    0.00000E+00    0.00000E+00    0.00000E+00
    1.21738E+04    4.60312E-12    0.00000E+00    0.00000E+00    0.00000E+00    0.00000E+00
    1.27505E+04    3.01253E-13    0.00000E+00    0.00000E+00    0.00000E+00    0.00000E+00
    1.33545E+04    2.00751E-12    0.00000E+00    0.00000E+00    0.00000E+00    0.00000E+00
    1.39871E+04    7.75772E-12    0.00000E+00    0.00000E+00    0.00000E+00    0.00000E+00
    1.46497E+04    4.82993E-11    0.00000E+00    0.00000E+00    0.00000E+00    0.00000E+00
    1.53437E+04    1.21654E-10    0.00000E+00    0.00000E+00    0.00000E+00    0.00000E+00
    1.60705E+04    4.56530E-10    0.00000E+00    0.00000E+00    0.00000E+00    0.00000E+00
    1.68318E+04    1.08163E-09    0.00000E+00    0.00000E+00    0.00000E+00    0.00000E+00
    1.76291E+04    2.46255E-09    0.00000E+00    0.00000E+00    0.00000E+00    0.00000E+00
    1.84642E+04    5.53723E-09    0.00000E+00    0.00000E+00    0.00000E+00    0.00000E+00
    1.93389E+04    1.18076E-08    0.00000E+00    0.00000E+00    0.00000E+00    0.00000E+00
    2.02550E+04    2.02866E-08    0.00000E+00    0.00000E+00    0.00000E+00    0.00000E+00
    2.12145E+04    3.22323E-08    0.00000E+00    0.00000E+00    0.00000E+00    0.00000E+00
    2.22195E+04    5.31533E-08    0.00000E+00    0.00000E+00    0.00000E+00    0.00000E+00
    2.32720E+04    8.10939E-08    0.00000E+00    0.00000E+00    0.00000E+00    0.00000E+00
    2.43744E+04    1.15901E-07    0.00000E+00    0.00000E+00    0.00000E+00    0.00000E+00
    2.55291E+04    1.63643E-07    0.00000E+00    0.00000E+00    0.00000E+00    0.00000E+00
    2.67384E+04    2.23948E-07    0.00000E+00    0.00000E+00    0.00000E+00    0.00000E+00
    2.80050E+04    3.03696E-07    0.00000E+00    0.00000E+00    0.00000E+00    0.00000E+00
    2.93317E+04    3.64743E-07    0.00000E+00    0.00000E+00    0.00000E+00    0.00000E+00
    3.07211E+04    4.63393E-07    0.00000E+00    0.00000E+00    0.00000E+00    0.00000E+00
    3.21764E+04    5.62488E-07    0.00000E+00    0.00000E+00    0.00000E+00    0.00000E+00
    3.37006E+04    7.03125E-07    0.00000E+00    0.00000E+00    0.00000E+00    0.00000E+00
    3.52971E+04    8.39932E-07    0.00000E+00    0.00000E+00    0.00000E+00    0.00000E+00
    3.69691E+04    9.91593E-07    0.00000E+00    0.00000E+00    0.00000E+00    0.00000E+00
    3.87204E+04    1.11621E-06    0.00000E+00    0.00000E+00    0.00000E+00    0.00000E+00
    4.05546E+04    1.25831E-06    0.00000E+00    0.00000E+00    0.00000E+00    0.00000E+00
    4.24757E+04    1.46217E-06    0.00000E+00    0.00000E+00    0.00000E+00    0.00000E+00
    4.44878E+04    1.70909E-06    0.00000E+00    0.00000E+00    0.00000E+00    0.00000E+00
    4.65953E+04    1.93220E-06    0.00000E+00    0.00000E+00    0.00000E+00    0.00000E+00
    4.88025E+04    2.12587E-06    0.00000E+00    0.00000E+00    0.00000E+00    0.00000E+00
    5.11143E+04    2.12261E-06    0.00000E+00    0.00000E+00    0.00000E+00    0.00000E+00
    5.35357E+04    2.39647E-06    0.00000E+00    0.00000E+00    0.00000E+00    0.00000E+00
    5.60717E+04    2.55054E-06    0.00000E+00    0.00000E+00    0.00000E+00    0.00000E+00
    5.87279E+04    2.74388E-06    0.00000E+00    0.00000E+00    0.00000E+00    0.00000E+00
    6.15099E+04    2.77352E-06    0.00000E+00    0.00000E+00    0.00000E+00    0.00000E+00
    6.44236E+04    2.83624E-06    0.00000E+00    0.00000E+00    0.00000E+00    0.00000E+00
    6.74754E+04    3.09943E-06    0.00000E+00    0.00000E+00    0.00000E+00    0.00000E+00
    7.06718E+04    2.99005E-06    0.00000E+00    0.00000E+00    0.00000E+00    0.00000E+00
    7.40196E+04    2.63828E-06    0.00000E+00    0.00000E+00    0.00000E+00    0.00000E+00
    7.75260E+04    1.43877E-06    0.00000E+00    0.00000E+00    0.00000E+00    0.00000E+00
    8.11984E+04    4.65886E-07    0.00000E+00    0.00000E+00    0.00000E+00    0.00000E+00
    8.50449E+04    2.08861E-07    0.00000E+00    0.00000E+00    0.00000E+00    0.00000E+00
    8.90735E+04    6.87333E-08    0.00000E+00    0.00000E+00    0.00000E+00    0.00000E+00
    9.32930E+04    2.73031E-08    0.00000E+00    0.00000E+00    0.00000E+00    0.00000E+00
    9.77124E+04    5.60903E-08    0.00000E+00    0.00000E+00    0.00000E+00    0.00000E+00
    1.02341E+05    4.20793E-08    0.00000E+00    0.00000E+00    0.00000E+00    0.00000E+00
    1.07189E+05    9.34748E-08    0.00000E+00    0.00000E+00    0.00000E+00    0.00000E+00
    1.12267E+05    2.50935E-07    0.00000E+00    0.00000E+00    0.00000E+00    0.00000E+00
    1.17585E+05    3.44326E-07    0.00000E+00    0.00000E+00    0.00000E+00    0.00000E+00
    1.23155E+05    4.05897E-07    0.00000E+00    0.00000E+00    0.00000E+00    0.00000E+00
    1.28989E+05    7.17664E-07    0.00000E+00    0.00000E+00    0.00000E+00    0.00000E+00
    1.35099E+05    1.04025E-06    0.00000E+00    0.00000E+00    0.00000E+00    0.00000E+00
    1.41499E+05    1.38063E-06    0.00000E+00    0.00000E+00    0.00000E+00    0.00000E+00
    1.48202E+05    1.35567E-06    0.00000E+00    0.00000E+00    0.00000E+00    0.00000E+00
    1.55222E+05    1.18041E-06    0.00000E+00    0.00000E+00    0.00000E+00    0.00000E+00
    1.62576E+05    9.53283E-07    0.00000E+00    0.00000E+00    0.00000E+00    0.00000E+00
    1.70277E+05    8.33210E-07    0.00000E+00    0.00000E+00    0.00000E+00    0.00000E+00
    1.78343E+05    8.08666E-07    0.00000E+00    0.00000E+00    0.00000E+00    0.00000E+00
    1.86791E+05    8.43617E-07    0.00000E+00    0.00000E+00    0.00000E+00    0.00000E+00
    1.95640E+05    1.12779E-06    0.00000E+00    0.00000E+00    0.00000E+00    0.00000E+00
    2.04907E+05    1.01461E-06    0.00000E+00    0.00000E+00    0.00000E+00    0.00000E+00
    2.14614E+05    1.11044E-06    0.00000E+00    0.00000E+00    0.00000E+00    0.00000E+00
    2.24781E+05    1.35608E-06    0.00000E+00    0.00000E+00    0.00000E+00    0.00000E+00
    2.35429E+05    1.47894E-06    0.00000E+00    0.00000E+00    0.00000E+00    0.00000E+00
    2.46581E+05    1.57072E-06    0.00000E+00    0.00000E+00    0.00000E+00    0.00000E+00
    2.58262E+05    1.61762E-06    0.00000E+00    0.00000E+00    0.00000E+00    0.00000E+00
    2.70496E+05    1.72900E-06    0.00000E+00    0.00000E+00    0.00000E+00    0.00000E+00
    2.83310E+05    1.82831E-06    0.00000E+00    0.00000E+00    0.00000E+00    0.00000E+00
    2.96730E+05    1.91275E-06    0.00000E+00    0.00000E+00    0.00000E+00    0.00000E+00
    3.10787E+05    1.80996E-06    0.00000E+00    0.00000E+00    0.00000E+00    0.00000E+00
    3.25509E+05    1.91364E-06    0.00000E+00    0.00000E+00    0.00000E+00    0.00000E+00
    3.40929E+05    2.01756E-06    0.00000E+00    0.00000E+00    0.00000E+00    0.00000E+00
    3.57078E+05    1.98293E-06    0.00000E+00    0.00000E+00    0.00000E+00    0.00000E+00
    3.73994E+05    1.88647E-06    0.00000E+00    0.00000E+00    0.00000E+00    0.00000E+00
    3.91710E+05    1.85181E-06    0.00000E+00    0.00000E+00    0.00000E+00    0.00000E+00
    4.10266E+05    1.79567E-06    0.00000E+00    0.00000E+00    0.00000E+00    0.00000E+00
    4.29700E+05    1.72981E-06    0.00000E+00    0.00000E+00    0.00000E+00    0.00000E+00
    4.50056E+05    1.74674E-06    0.00000E+00    0.00000E+00    0.00000E+00    0.00000E+00
    4.71375E+05    1.68483E-06    0.00000E+00    0.00000E+00    0.00000E+00    0.00000E+00
    4.93705E+05    1.53779E-06    0.00000E+00    0.00000E+00    0.00000E+00    0.00000E+00
    5.17092E+05    1.49199E-06    0.00000E+00    0.00000E+00    0.00000E+00    0.00000E+00
    5.41587E+05    1.43581E-06    0.00000E+00    0.00000E+00    0.00000E+00    0.00000E+00
    5.67243E+05    1.39235E-06    0.00000E+00    0.00000E+00    0.00000E+00    0.00000E+00
    5.94113E+05    1.25002E-06    0.00000E+00    0.00000E+00    0.00000E+00    0.00000E+00
    6.22257E+05    1.18069E-06    0.00000E+00    0.00000E+00    0.00000E+00    0.00000E+00
    6.51734E+05    1.05002E-06    0.00000E+00    0.00000E+00    0.00000E+00    0.00000E+00
    6.82607E+05    9.73998E-07    0.00000E+00    0.00000E+00    0.00000E+00    0.00000E+00
    7.14943E+05    9.12987E-07    0.00000E+00    0.00000E+00    0.00000E+00    0.00000E+00
    7.48810E+05    8.42811E-07    0.00000E+00    0.00000E+00    0.00000E+00    0.00000E+00
    7.84282E+05    7.39412E-07    0.00000E+00    0.00000E+00    0.00000E+00    0.00000E+00
    8.21434E+05    6.75540E-07    0.00000E+00    0.00000E+00    0.00000E+00    0.00000E+00
    8.60346E+05    6.13484E-07    0.00000E+00    0.00000E+00    0.00000E+00    0.00000E+00
    9.01102E+05    5.51523E-07    0.00000E+00    0.00000E+00    0.00000E+00    0.00000E+00
    9.43788E+05    4.84898E-07    0.00000E+00    0.00000E+00    0.00000E+00    0.00000E+00
    9.88496E+05    4.28831E-07    0.00000E+00    0.00000E+00    0.00000E+00    0.00000E+00
    1.03532E+06    3.80155E-07    0.00000E+00    0.00000E+00    0.00000E+00    0.00000E+00
    1.08437E+06    3.31425E-07    0.00000E+00    0.00000E+00    0.00000E+00    0.00000E+00
    1.13573E+06    2.89720E-07    0.00000E+00    0.00000E+00    0.00000E+00    0.00000E+00
    1.18953E+06    2.51900E-07    0.00000E+00    0.00000E+00    0.00000E+00    0.00000E+00
    1.24588E+06    2.19463E-07    0.00000E+00    0.00000E+00    0.00000E+00    0.00000E+00
    1.30490E+06    1.88704E-07    0.00000E+00    0.00000E+00    0.00000E+00    0.00000E+00
    1.36672E+06    1.62908E-07    0.00000E+00    0.00000E+00    0.00000E+00    0.00000E+00
    1.43146E+06    1.40543E-07    0.00000E+00    0.00000E+00    0.00000E+00    0.00000E+00
    1.49927E+06    1.19268E-07    0.00000E+00    0.00000E+00    0.00000E+00    0.00000E+00
    1.57029E+06    1.01557E-07    0.00000E+00    0.00000E+00    0.00000E+00    0.00000E+00
    1.64468E+06    8.50185E-08    0.00000E+00    0.00000E+00    0.00000E+00    0.00000E+00
    1.72259E+06    7.32724E-08    0.00000E+00    0.00000E+00    0.00000E+00    0.00000E+00
    1.80419E+06    6.11606E-08    0.00000E+00    0.00000E+00    0.00000E+00    0.00000E+00
    1.88965E+06    5.16200E-08    0.00000E+00    0.00000E+00    0.00000E+00    0.00000E+00
    1.97917E+06    4.32916E-08    0.00000E+00    0.00000E+00    0.00000E+00    0.00000E+00
    2.07292E+06    3.63845E-08    0.00000E+00    0.00000E+00    0.00000E+00    0.00000E+00
    2.17112E+06    3.02442E-08    0.00000E+00    0.00000E+00    0.00000E+00    0.00000E+00
    2.27397E+06    2.50634E-08    0.00000E+00    0.00000E+00    0.00000E+00    0.00000E+00
    2.38169E+06    2.06644E-08    0.00000E+00    0.00000E+00    0.00000E+00    0.00000E+00
    2.49451E+06    1.72918E-08    0.00000E+00    0.00000E+00    0.00000E+00    0.00000E+00
    2.61268E+06    1.42939E-08    0.00000E+00    0.00000E+00    0.00000E+00    0.00000E+00
    2.73644E+06    1.16706E-08    0.00000E+00    0.00000E+00    0.00000E+00    0.00000E+00
    2.86607E+06    9.70143E-09    0.00000E+00    0.00000E+00    0.00000E+00    0.00000E+00
    3.00184E+06    7.97496E-09    0.00000E+00    0.00000E+00    0.00000E+00    0.00000E+00
    3.14404E+06    6.51320E-09    0.00000E+00    0.00000E+00    0.00000E+00    0.00000E+00
    3.29297E+06    5.31007E-09    0.00000E+00    0.00000E+00    0.00000E+00    0.00000E+00
    3.44896E+06    4.34800E-09    0.00000E+00    0.00000E+00    0.00000E+00    0.00000E+00
    3.61234E+06    3.52373E-09    0.00000E+00    0.00000E+00    0.00000E+00    0.00000E+00
    3.78346E+06    2.88319E-09    0.00000E+00    0.00000E+00    0.00000E+00    0.00000E+00
    3.96269E+06    2.34586E-09    0.00000E+00    0.00000E+00    0.00000E+00    0.00000E+00
    4.15040E+06    1.89062E-09    0.00000E+00    0.00000E+00    0.00000E+00    0.00000E+00
    4.34701E+06    1.54110E-09    0.00000E+00    0.00000E+00    0.00000E+00    0.00000E+00
    4.55293E+06    1.23979E-09    0.00000E+00    0.00000E+00    0.00000E+00    0.00000E+00
    4.76861E+06    1.00902E-09    0.00000E+00    0.00000E+00    0.00000E+00    0.00000E+00
    4.99451E+06    8.13236E-10    0.00000E+00    0.00000E+00    0.00000E+00    0.00000E+00
    5.23110E+06    6.53933E-10    0.00000E+00    0.00000E+00    0.00000E+00    0.00000E+00
    5.47890E+06    5.27434E-10    0.00000E+00    0.00000E+00    0.00000E+00    0.00000E+00
    5.73844E+06    4.23150E-10    0.00000E+00    0.00000E+00    0.00000E+00    0.00000E+00
    6.01028E+06    3.41298E-10    0.00000E+00    0.00000E+00    0.00000E+00    0.00000E+00
    6.29499E+06    2.74138E-10    0.00000E+00    0.00000E+00    0.00000E+00    0.00000E+00
    6.59319E+06    2.18263E-10    0.00000E+00    0.00000E+00    0.00000E+00    0.00000E+00
    6.90551E+06    1.76473E-10    0.00000E+00    0.00000E+00    0.00000E+00    0.00000E+00
    7.23264E+06    1.40517E-10    0.00000E+00    0.00000E+00    0.00000E+00    0.00000E+00
    7.57525E+06    1.12800E-10    0.00000E+00    0.00000E+00    0.00000E+00    0.00000E+00
    7.93410E+06    9.07634E-11    0.00000E+00    0.00000E+00    0.00000E+00    0.00000E+00
    8.30994E+06    7.25201E-11    0.00000E+00    0.00000E+00    0.00000E+00    0.00000E+00
    8.70359E+06    5.78364E-11    0.00000E+00    0.00000E+00    0.00000E+00    0.00000E+00
    9.11589E+06    4.62206E-11    0.00000E+00    0.00000E+00    0.00000E+00    0.00000E+00
    9.54771E+06    3.69479E-11    0.00000E+00    0.00000E+00    0.00000E+00    0.00000E+00
    1.00000E+07    2.94603E-11    0.00000E+00    0.00000E+00    0.00000E+00    0.00000E+00
