 # Columns are: Lambda (Angstroms) and Flux (Flux * lambda) (ergs/s/cm^2)
    1.00000E+03    0.00000E+00    0.00000E+00    0.00000E+00    0.00000E+00    0.00000E+00
    1.04737E+03    0.00000E+00    0.00000E+00    0.00000E+00    0.00000E+00    0.00000E+00
    1.09699E+03    0.00000E+00    0.00000E+00    0.00000E+00    0.00000E+00    0.00000E+00
    1.14895E+03    0.00000E+00    0.00000E+00    0.00000E+00    0.00000E+00    0.00000E+00
    1.20338E+03    0.00000E+00    0.00000E+00    0.00000E+00    0.00000E+00    0.00000E+00
    1.26038E+03    0.00000E+00    0.00000E+00    0.00000E+00    0.00000E+00    0.00000E+00
    1.32009E+03    0.00000E+00    0.00000E+00    0.00000E+00    0.00000E+00    0.00000E+00
    1.38262E+03    0.00000E+00    0.00000E+00    0.00000E+00    0.00000E+00    0.00000E+00
    1.44812E+03    0.00000E+00    0.00000E+00    0.00000E+00    0.00000E+00    0.00000E+00
    1.51672E+03    0.00000E+00    0.00000E+00    0.00000E+00    0.00000E+00    0.00000E+00
    1.58857E+03    0.00000E+00    0.00000E+00    0.00000E+00    0.00000E+00    0.00000E+00
    1.66382E+03    0.00000E+00    0.00000E+00    0.00000E+00    0.00000E+00    0.00000E+00
    1.74263E+03    0.00000E+00    0.00000E+00    0.00000E+00    0.00000E+00    0.00000E+00
    1.82518E+03    0.00000E+00    0.00000E+00    0.00000E+00    0.00000E+00    0.00000E+00
    1.91164E+03    0.00000E+00    0.00000E+00    0.00000E+00    0.00000E+00    0.00000E+00
    2.00220E+03    0.00000E+00    0.00000E+00    0.00000E+00    0.00000E+00    0.00000E+00
    2.09705E+03    0.00000E+00    0.00000E+00    0.00000E+00    0.00000E+00    0.00000E+00
    2.19639E+03    0.00000E+00    0.00000E+00    0.00000E+00    0.00000E+00    0.00000E+00
    2.30043E+03    0.00000E+00    0.00000E+00    0.00000E+00    0.00000E+00    0.00000E+00
    2.40940E+03    0.00000E+00    0.00000E+00    0.00000E+00    0.00000E+00    0.00000E+00
    2.52354E+03    0.00000E+00    0.00000E+00    0.00000E+00    0.00000E+00    0.00000E+00
    2.64308E+03    0.00000E+00    0.00000E+00    0.00000E+00    0.00000E+00    0.00000E+00
    2.76829E+03    0.00000E+00    0.00000E+00    0.00000E+00    0.00000E+00    0.00000E+00
    2.89942E+03    0.00000E+00    0.00000E+00    0.00000E+00    0.00000E+00    0.00000E+00
    3.03677E+03    0.00000E+00    0.00000E+00    0.00000E+00    0.00000E+00    0.00000E+00
    3.18063E+03    0.00000E+00    0.00000E+00    0.00000E+00    0.00000E+00    0.00000E+00
    3.33129E+03    0.00000E+00    0.00000E+00    0.00000E+00    0.00000E+00    0.00000E+00
    3.48910E+03    0.00000E+00    0.00000E+00    0.00000E+00    0.00000E+00    0.00000E+00
    3.65438E+03    0.00000E+00    0.00000E+00    0.00000E+00    0.00000E+00    0.00000E+00
    3.82749E+03    0.00000E+00    0.00000E+00    0.00000E+00    0.00000E+00    0.00000E+00
    4.00881E+03    0.00000E+00    0.00000E+00    0.00000E+00    0.00000E+00    0.00000E+00
    4.19871E+03    0.00000E+00    0.00000E+00    0.00000E+00    0.00000E+00    0.00000E+00
    4.39760E+03    0.00000E+00    0.00000E+00    0.00000E+00    0.00000E+00    0.00000E+00
    4.60592E+03    0.00000E+00    0.00000E+00    0.00000E+00    0.00000E+00    0.00000E+00
    4.82411E+03    0.00000E+00    0.00000E+00    0.00000E+00    0.00000E+00    0.00000E+00
    5.05263E+03    0.00000E+00    0.00000E+00    0.00000E+00    0.00000E+00    0.00000E+00
    5.29198E+03    0.00000E+00    0.00000E+00    0.00000E+00    0.00000E+00    0.00000E+00
    5.54266E+03    0.00000E+00    0.00000E+00    0.00000E+00    0.00000E+00    0.00000E+00
    5.80523E+03    0.00000E+00    0.00000E+00    0.00000E+00    0.00000E+00    0.00000E+00
    6.08022E+03    0.00000E+00    0.00000E+00    0.00000E+00    0.00000E+00    0.00000E+00
    6.36825E+03    0.00000E+00    0.00000E+00    0.00000E+00    0.00000E+00    0.00000E+00
    6.66992E+03    0.00000E+00    0.00000E+00    0.00000E+00    0.00000E+00    0.00000E+00
    6.98588E+03    0.00000E+00    0.00000E+00    0.00000E+00    0.00000E+00    0.00000E+00
    7.31681E+03    0.00000E+00    0.00000E+00    0.00000E+00    0.00000E+00    0.00000E+00
    7.66341E+03    0.00000E+00    0.00000E+00    0.00000E+00    0.00000E+00    0.00000E+00
    8.02643E+03    0.00000E+00    0.00000E+00    0.00000E+00    0.00000E+00    0.00000E+00
    8.40665E+03    0.00000E+00    0.00000E+00    0.00000E+00    0.00000E+00    0.00000E+00
    8.80488E+03    0.00000E+00    0.00000E+00    0.00000E+00    0.00000E+00    0.00000E+00
    9.22198E+03    0.00000E+00    0.00000E+00    0.00000E+00    0.00000E+00    0.00000E+00
    9.65883E+03    0.00000E+00    0.00000E+00    0.00000E+00    0.00000E+00    0.00000E+00
    1.01164E+04    0.00000E+00    0.00000E+00    0.00000E+00    0.00000E+00    0.00000E+00
    1.05956E+04    0.00000E+00    0.00000E+00    0.00000E+00    0.00000E+00    0.00000E+00
    1.10975E+04    0.00000E+00    0.00000E+00    0.00000E+00    0.00000E+00    0.00000E+00
    1.16232E+04    0.00000E+00    0.00000E+00    0.00000E+00    0.00000E+00    0.00000E+00
    1.21738E+04    0.00000E+00    0.00000E+00    0.00000E+00    0.00000E+00    0.00000E+00
    1.27505E+04    0.00000E+00    0.00000E+00    0.00000E+00    0.00000E+00    0.00000E+00
    1.33545E+04    0.00000E+00    0.00000E+00    0.00000E+00    0.00000E+00    0.00000E+00
    1.39871E+04    0.00000E+00    0.00000E+00    0.00000E+00    0.00000E+00    0.00000E+00
    1.46497E+04    0.00000E+00    0.00000E+00    0.00000E+00    0.00000E+00    0.00000E+00
    1.53437E+04    0.00000E+00    0.00000E+00    0.00000E+00    0.00000E+00    0.00000E+00
    1.60705E+04    0.00000E+00    0.00000E+00    0.00000E+00    0.00000E+00    0.00000E+00
    1.68318E+04    0.00000E+00    0.00000E+00    0.00000E+00    0.00000E+00    0.00000E+00
    1.76291E+04    0.00000E+00    0.00000E+00    0.00000E+00    0.00000E+00    0.00000E+00
    1.84642E+04    6.40837E-48    0.00000E+00    0.00000E+00    0.00000E+00    0.00000E+00
    1.93389E+04    8.67366E-41    0.00000E+00    0.00000E+00    0.00000E+00    0.00000E+00
    2.02550E+04    4.02911E-39    0.00000E+00    0.00000E+00    0.00000E+00    0.00000E+00
    2.12145E+04    3.83714E-39    0.00000E+00    0.00000E+00    0.00000E+00    0.00000E+00
    2.22195E+04    1.99009E-30    0.00000E+00    0.00000E+00    0.00000E+00    0.00000E+00
    2.32720E+04    6.13657E-28    0.00000E+00    0.00000E+00    0.00000E+00    0.00000E+00
    2.43744E+04    9.61630E-26    0.00000E+00    0.00000E+00    0.00000E+00    0.00000E+00
    2.55291E+04    2.74641E-23    0.00000E+00    0.00000E+00    0.00000E+00    0.00000E+00
    2.67384E+04    2.73607E-23    0.00000E+00    0.00000E+00    0.00000E+00    0.00000E+00
    2.80050E+04    8.66851E-22    0.00000E+00    0.00000E+00    0.00000E+00    0.00000E+00
    2.93317E+04    3.50696E-20    0.00000E+00    0.00000E+00    0.00000E+00    0.00000E+00
    3.07211E+04    4.80522E-20    0.00000E+00    0.00000E+00    0.00000E+00    0.00000E+00
    3.21764E+04    2.23021E-17    0.00000E+00    0.00000E+00    0.00000E+00    0.00000E+00
    3.37006E+04    8.59243E-17    0.00000E+00    0.00000E+00    0.00000E+00    0.00000E+00
    3.52971E+04    1.46268E-16    0.00000E+00    0.00000E+00    0.00000E+00    0.00000E+00
    3.69691E+04    7.54282E-17    0.00000E+00    0.00000E+00    0.00000E+00    0.00000E+00
    3.87204E+04    3.20834E-15    0.00000E+00    0.00000E+00    0.00000E+00    0.00000E+00
    4.05546E+04    2.54184E-15    0.00000E+00    0.00000E+00    0.00000E+00    0.00000E+00
    4.24757E+04    1.20251E-14    0.00000E+00    0.00000E+00    0.00000E+00    0.00000E+00
    4.44878E+04    1.59562E-14    0.00000E+00    0.00000E+00    0.00000E+00    0.00000E+00
    4.65953E+04    7.91134E-14    0.00000E+00    0.00000E+00    0.00000E+00    0.00000E+00
    4.88025E+04    2.62904E-13    0.00000E+00    0.00000E+00    0.00000E+00    0.00000E+00
    5.11143E+04    4.65739E-13    0.00000E+00    0.00000E+00    0.00000E+00    0.00000E+00
    5.35357E+04    3.33235E-13    0.00000E+00    0.00000E+00    0.00000E+00    0.00000E+00
    5.60717E+04    8.79832E-13    0.00000E+00    0.00000E+00    0.00000E+00    0.00000E+00
    5.87279E+04    1.20021E-12    0.00000E+00    0.00000E+00    0.00000E+00    0.00000E+00
    6.15099E+04    1.79920E-12    0.00000E+00    0.00000E+00    0.00000E+00    0.00000E+00
    6.44236E+04    8.86804E-13    0.00000E+00    0.00000E+00    0.00000E+00    0.00000E+00
    6.74754E+04    2.49767E-12    0.00000E+00    0.00000E+00    0.00000E+00    0.00000E+00
    7.06718E+04    2.88746E-12    0.00000E+00    0.00000E+00    0.00000E+00    0.00000E+00
    7.40196E+04    8.33357E-13    0.00000E+00    0.00000E+00    0.00000E+00    0.00000E+00
    7.75260E+04    2.32533E-15    0.00000E+00    0.00000E+00    0.00000E+00    0.00000E+00
    8.11984E+04    5.93139E-21    0.00000E+00    0.00000E+00    0.00000E+00    0.00000E+00
    8.50449E+04    5.82681E-30    0.00000E+00    0.00000E+00    0.00000E+00    0.00000E+00
    8.90735E+04    4.20690E-38    0.00000E+00    0.00000E+00    0.00000E+00    0.00000E+00
    9.32930E+04    0.00000E+00    0.00000E+00    0.00000E+00    0.00000E+00    0.00000E+00
    9.77124E+04    6.84420E-44    0.00000E+00    0.00000E+00    0.00000E+00    0.00000E+00
    1.02341E+05    3.46754E-34    0.00000E+00    0.00000E+00    0.00000E+00    0.00000E+00
    1.07189E+05    3.75152E-34    0.00000E+00    0.00000E+00    0.00000E+00    0.00000E+00
    1.12267E+05    2.03390E-29    0.00000E+00    0.00000E+00    0.00000E+00    0.00000E+00
    1.17585E+05    9.36235E-26    0.00000E+00    0.00000E+00    0.00000E+00    0.00000E+00
    1.23155E+05    1.78294E-20    0.00000E+00    0.00000E+00    0.00000E+00    0.00000E+00
    1.28989E+05    2.79555E-18    0.00000E+00    0.00000E+00    0.00000E+00    0.00000E+00
    1.35099E+05    4.44031E-15    0.00000E+00    0.00000E+00    0.00000E+00    0.00000E+00
    1.41499E+05    2.27773E-15    0.00000E+00    0.00000E+00    0.00000E+00    0.00000E+00
    1.48202E+05    5.78446E-15    0.00000E+00    0.00000E+00    0.00000E+00    0.00000E+00
    1.55222E+05    1.62125E-16    0.00000E+00    0.00000E+00    0.00000E+00    0.00000E+00
    1.62576E+05    1.63594E-15    0.00000E+00    0.00000E+00    0.00000E+00    0.00000E+00
    1.70277E+05    1.06215E-17    0.00000E+00    0.00000E+00    0.00000E+00    0.00000E+00
    1.78343E+05    1.14460E-16    0.00000E+00    0.00000E+00    0.00000E+00    0.00000E+00
    1.86791E+05    2.99666E-16    0.00000E+00    0.00000E+00    0.00000E+00    0.00000E+00
    1.95640E+05    1.37638E-17    0.00000E+00    0.00000E+00    0.00000E+00    0.00000E+00
    2.04907E+05    1.30282E-15    0.00000E+00    0.00000E+00    0.00000E+00    0.00000E+00
    2.14614E+05    3.27376E-15    0.00000E+00    0.00000E+00    0.00000E+00    0.00000E+00
    2.24781E+05    1.12463E-13    0.00000E+00    0.00000E+00    0.00000E+00    0.00000E+00
    2.35429E+05    4.25195E-13    0.00000E+00    0.00000E+00    0.00000E+00    0.00000E+00
    2.46581E+05    1.42221E-12    0.00000E+00    0.00000E+00    0.00000E+00    0.00000E+00
    2.58262E+05    4.67659E-12    0.00000E+00    0.00000E+00    0.00000E+00    0.00000E+00
    2.70496E+05    2.69956E-11    0.00000E+00    0.00000E+00    0.00000E+00    0.00000E+00
    2.83310E+05    3.18477E-11    0.00000E+00    0.00000E+00    0.00000E+00    0.00000E+00
    2.96730E+05    1.73164E-10    0.00000E+00    0.00000E+00    0.00000E+00    0.00000E+00
    3.10787E+05    1.93003E-10    0.00000E+00    0.00000E+00    0.00000E+00    0.00000E+00
    3.25509E+05    4.01581E-10    0.00000E+00    0.00000E+00    0.00000E+00    0.00000E+00
    3.40929E+05    7.20845E-10    0.00000E+00    0.00000E+00    0.00000E+00    0.00000E+00
    3.57078E+05    1.38673E-09    0.00000E+00    0.00000E+00    0.00000E+00    0.00000E+00
    3.73994E+05    2.35968E-09    0.00000E+00    0.00000E+00    0.00000E+00    0.00000E+00
    3.91710E+05    3.22901E-09    0.00000E+00    0.00000E+00    0.00000E+00    0.00000E+00
    4.10266E+05    4.24365E-09    0.00000E+00    0.00000E+00    0.00000E+00    0.00000E+00
    4.29700E+05    6.57175E-09    0.00000E+00    0.00000E+00    0.00000E+00    0.00000E+00
    4.50056E+05    8.53658E-09    0.00000E+00    0.00000E+00    0.00000E+00    0.00000E+00
    4.71375E+05    1.13698E-08    0.00000E+00    0.00000E+00    0.00000E+00    0.00000E+00
    4.93705E+05    1.42507E-08    0.00000E+00    0.00000E+00    0.00000E+00    0.00000E+00
    5.17092E+05    1.80123E-08    0.00000E+00    0.00000E+00    0.00000E+00    0.00000E+00
    5.41587E+05    1.96112E-08    0.00000E+00    0.00000E+00    0.00000E+00    0.00000E+00
    5.67243E+05    2.39887E-08    0.00000E+00    0.00000E+00    0.00000E+00    0.00000E+00
    5.94113E+05    2.75113E-08    0.00000E+00    0.00000E+00    0.00000E+00    0.00000E+00
    6.22257E+05    3.08604E-08    0.00000E+00    0.00000E+00    0.00000E+00    0.00000E+00
    6.51734E+05    3.31276E-08    0.00000E+00    0.00000E+00    0.00000E+00    0.00000E+00
    6.82607E+05    3.48892E-08    0.00000E+00    0.00000E+00    0.00000E+00    0.00000E+00
    7.14943E+05    3.79525E-08    0.00000E+00    0.00000E+00    0.00000E+00    0.00000E+00
    7.48810E+05    3.84196E-08    0.00000E+00    0.00000E+00    0.00000E+00    0.00000E+00
    7.84282E+05    3.91491E-08    0.00000E+00    0.00000E+00    0.00000E+00    0.00000E+00
    8.21434E+05    3.90357E-08    0.00000E+00    0.00000E+00    0.00000E+00    0.00000E+00
    8.60346E+05    3.90101E-08    0.00000E+00    0.00000E+00    0.00000E+00    0.00000E+00
    9.01102E+05    3.84904E-08    0.00000E+00    0.00000E+00    0.00000E+00    0.00000E+00
    9.43788E+05    3.73018E-08    0.00000E+00    0.00000E+00    0.00000E+00    0.00000E+00
    9.88496E+05    3.51352E-08    0.00000E+00    0.00000E+00    0.00000E+00    0.00000E+00
    1.03532E+06    3.35746E-08    0.00000E+00    0.00000E+00    0.00000E+00    0.00000E+00
    1.08437E+06    3.17607E-08    0.00000E+00    0.00000E+00    0.00000E+00    0.00000E+00
    1.13573E+06    2.96459E-08    0.00000E+00    0.00000E+00    0.00000E+00    0.00000E+00
    1.18953E+06    2.72789E-08    0.00000E+00    0.00000E+00    0.00000E+00    0.00000E+00
    1.24588E+06    2.51004E-08    0.00000E+00    0.00000E+00    0.00000E+00    0.00000E+00
    1.30490E+06    2.32107E-08    0.00000E+00    0.00000E+00    0.00000E+00    0.00000E+00
    1.36672E+06    2.11145E-08    0.00000E+00    0.00000E+00    0.00000E+00    0.00000E+00
    1.43146E+06    1.88897E-08    0.00000E+00    0.00000E+00    0.00000E+00    0.00000E+00
    1.49927E+06    1.68934E-08    0.00000E+00    0.00000E+00    0.00000E+00    0.00000E+00
    1.57029E+06    1.51064E-08    0.00000E+00    0.00000E+00    0.00000E+00    0.00000E+00
    1.64468E+06    1.33334E-08    0.00000E+00    0.00000E+00    0.00000E+00    0.00000E+00
    1.72259E+06    1.16732E-08    0.00000E+00    0.00000E+00    0.00000E+00    0.00000E+00
    1.80419E+06    1.02430E-08    0.00000E+00    0.00000E+00    0.00000E+00    0.00000E+00
    1.88965E+06    8.94786E-09    0.00000E+00    0.00000E+00    0.00000E+00    0.00000E+00
    1.97917E+06    7.72669E-09    0.00000E+00    0.00000E+00    0.00000E+00    0.00000E+00
    2.07292E+06    6.69406E-09    0.00000E+00    0.00000E+00    0.00000E+00    0.00000E+00
    2.17112E+06    5.78917E-09    0.00000E+00    0.00000E+00    0.00000E+00    0.00000E+00
    2.27397E+06    4.96657E-09    0.00000E+00    0.00000E+00    0.00000E+00    0.00000E+00
    2.38169E+06    4.23931E-09    0.00000E+00    0.00000E+00    0.00000E+00    0.00000E+00
    2.49451E+06    3.59568E-09    0.00000E+00    0.00000E+00    0.00000E+00    0.00000E+00
    2.61268E+06    3.02979E-09    0.00000E+00    0.00000E+00    0.00000E+00    0.00000E+00
    2.73644E+06    2.56253E-09    0.00000E+00    0.00000E+00    0.00000E+00    0.00000E+00
    2.86607E+06    2.17110E-09    0.00000E+00    0.00000E+00    0.00000E+00    0.00000E+00
    3.00184E+06    1.81510E-09    0.00000E+00    0.00000E+00    0.00000E+00    0.00000E+00
    3.14404E+06    1.52008E-09    0.00000E+00    0.00000E+00    0.00000E+00    0.00000E+00
    3.29297E+06    1.27021E-09    0.00000E+00    0.00000E+00    0.00000E+00    0.00000E+00
    3.44896E+06    1.05528E-09    0.00000E+00    0.00000E+00    0.00000E+00    0.00000E+00
    3.61234E+06    8.74395E-10    0.00000E+00    0.00000E+00    0.00000E+00    0.00000E+00
    3.78346E+06    7.26528E-10    0.00000E+00    0.00000E+00    0.00000E+00    0.00000E+00
    3.96269E+06    5.99503E-10    0.00000E+00    0.00000E+00    0.00000E+00    0.00000E+00
    4.15040E+06    4.93821E-10    0.00000E+00    0.00000E+00    0.00000E+00    0.00000E+00
    4.34701E+06    4.06487E-10    0.00000E+00    0.00000E+00    0.00000E+00    0.00000E+00
    4.55293E+06    3.34887E-10    0.00000E+00    0.00000E+00    0.00000E+00    0.00000E+00
    4.76861E+06    2.74202E-10    0.00000E+00    0.00000E+00    0.00000E+00    0.00000E+00
    4.99451E+06    2.23464E-10    0.00000E+00    0.00000E+00    0.00000E+00    0.00000E+00
    5.23110E+06    1.83344E-10    0.00000E+00    0.00000E+00    0.00000E+00    0.00000E+00
    5.47890E+06    1.49280E-10    0.00000E+00    0.00000E+00    0.00000E+00    0.00000E+00
    5.73844E+06    1.21857E-10    0.00000E+00    0.00000E+00    0.00000E+00    0.00000E+00
    6.01028E+06    9.90408E-11    0.00000E+00    0.00000E+00    0.00000E+00    0.00000E+00
    6.29499E+06    8.04472E-11    0.00000E+00    0.00000E+00    0.00000E+00    0.00000E+00
    6.59319E+06    6.56474E-11    0.00000E+00    0.00000E+00    0.00000E+00    0.00000E+00
    6.90551E+06    5.29352E-11    0.00000E+00    0.00000E+00    0.00000E+00    0.00000E+00
    7.23264E+06    4.30681E-11    0.00000E+00    0.00000E+00    0.00000E+00    0.00000E+00
    7.57525E+06    3.46764E-11    0.00000E+00    0.00000E+00    0.00000E+00    0.00000E+00
    7.93410E+06    2.80299E-11    0.00000E+00    0.00000E+00    0.00000E+00    0.00000E+00
    8.30994E+06    2.27609E-11    0.00000E+00    0.00000E+00    0.00000E+00    0.00000E+00
    8.70359E+06    1.82916E-11    0.00000E+00    0.00000E+00    0.00000E+00    0.00000E+00
    9.11589E+06    1.47802E-11    0.00000E+00    0.00000E+00    0.00000E+00    0.00000E+00
    9.54771E+06    1.19148E-11    0.00000E+00    0.00000E+00    0.00000E+00    0.00000E+00
    1.00000E+07    9.58993E-12    0.00000E+00    0.00000E+00    0.00000E+00    0.00000E+00
