 # Columns are: Lambda (Angstroms) and Flux (Flux * lambda) (ergs/s/cm^2)
    1.00000E+03    0.00000E+00    0.00000E+00    0.00000E+00    0.00000E+00    0.00000E+00
    1.04737E+03    0.00000E+00    0.00000E+00    0.00000E+00    0.00000E+00    0.00000E+00
    1.09699E+03    0.00000E+00    0.00000E+00    0.00000E+00    0.00000E+00    0.00000E+00
    1.14895E+03    0.00000E+00    0.00000E+00    0.00000E+00    0.00000E+00    0.00000E+00
    1.20338E+03    0.00000E+00    0.00000E+00    0.00000E+00    0.00000E+00    0.00000E+00
    1.26038E+03    0.00000E+00    0.00000E+00    0.00000E+00    0.00000E+00    0.00000E+00
    1.32009E+03    0.00000E+00    0.00000E+00    0.00000E+00    0.00000E+00    0.00000E+00
    1.38262E+03    0.00000E+00    0.00000E+00    0.00000E+00    0.00000E+00    0.00000E+00
    1.44812E+03    0.00000E+00    0.00000E+00    0.00000E+00    0.00000E+00    0.00000E+00
    1.51672E+03    0.00000E+00    0.00000E+00    0.00000E+00    0.00000E+00    0.00000E+00
    1.58857E+03    0.00000E+00    0.00000E+00    0.00000E+00    0.00000E+00    0.00000E+00
    1.66382E+03    0.00000E+00    0.00000E+00    0.00000E+00    0.00000E+00    0.00000E+00
    1.74263E+03    0.00000E+00    0.00000E+00    0.00000E+00    0.00000E+00    0.00000E+00
    1.82518E+03    0.00000E+00    0.00000E+00    0.00000E+00    0.00000E+00    0.00000E+00
    1.91164E+03    0.00000E+00    0.00000E+00    0.00000E+00    0.00000E+00    0.00000E+00
    2.00220E+03    0.00000E+00    0.00000E+00    0.00000E+00    0.00000E+00    0.00000E+00
    2.09705E+03    0.00000E+00    0.00000E+00    0.00000E+00    0.00000E+00    0.00000E+00
    2.19639E+03    0.00000E+00    0.00000E+00    0.00000E+00    0.00000E+00    0.00000E+00
    2.30043E+03    0.00000E+00    0.00000E+00    0.00000E+00    0.00000E+00    0.00000E+00
    2.40940E+03    0.00000E+00    0.00000E+00    0.00000E+00    0.00000E+00    0.00000E+00
    2.52354E+03    0.00000E+00    0.00000E+00    0.00000E+00    0.00000E+00    0.00000E+00
    2.64308E+03    0.00000E+00    0.00000E+00    0.00000E+00    0.00000E+00    0.00000E+00
    2.76829E+03    0.00000E+00    0.00000E+00    0.00000E+00    0.00000E+00    0.00000E+00
    2.89942E+03    0.00000E+00    0.00000E+00    0.00000E+00    0.00000E+00    0.00000E+00
    3.03677E+03    0.00000E+00    0.00000E+00    0.00000E+00    0.00000E+00    0.00000E+00
    3.18063E+03    0.00000E+00    0.00000E+00    0.00000E+00    0.00000E+00    0.00000E+00
    3.33129E+03    0.00000E+00    0.00000E+00    0.00000E+00    0.00000E+00    0.00000E+00
    3.48910E+03    0.00000E+00    0.00000E+00    0.00000E+00    0.00000E+00    0.00000E+00
    3.65438E+03    0.00000E+00    0.00000E+00    0.00000E+00    0.00000E+00    0.00000E+00
    3.82749E+03    0.00000E+00    0.00000E+00    0.00000E+00    0.00000E+00    0.00000E+00
    4.00881E+03    0.00000E+00    0.00000E+00    0.00000E+00    0.00000E+00    0.00000E+00
    4.19871E+03    0.00000E+00    0.00000E+00    0.00000E+00    0.00000E+00    0.00000E+00
    4.39760E+03    0.00000E+00    0.00000E+00    0.00000E+00    0.00000E+00    0.00000E+00
    4.60592E+03    0.00000E+00    0.00000E+00    0.00000E+00    0.00000E+00    0.00000E+00
    4.82411E+03    0.00000E+00    0.00000E+00    0.00000E+00    0.00000E+00    0.00000E+00
    5.05263E+03    0.00000E+00    0.00000E+00    0.00000E+00    0.00000E+00    0.00000E+00
    5.29198E+03    0.00000E+00    0.00000E+00    0.00000E+00    0.00000E+00    0.00000E+00
    5.54266E+03    0.00000E+00    0.00000E+00    0.00000E+00    0.00000E+00    0.00000E+00
    5.80523E+03    0.00000E+00    0.00000E+00    0.00000E+00    0.00000E+00    0.00000E+00
    6.08022E+03    0.00000E+00    0.00000E+00    0.00000E+00    0.00000E+00    0.00000E+00
    6.36825E+03    0.00000E+00    0.00000E+00    0.00000E+00    0.00000E+00    0.00000E+00
    6.66992E+03    0.00000E+00    0.00000E+00    0.00000E+00    0.00000E+00    0.00000E+00
    6.98588E+03    0.00000E+00    0.00000E+00    0.00000E+00    0.00000E+00    0.00000E+00
    7.31681E+03    0.00000E+00    0.00000E+00    0.00000E+00    0.00000E+00    0.00000E+00
    7.66341E+03    0.00000E+00    0.00000E+00    0.00000E+00    0.00000E+00    0.00000E+00
    8.02643E+03    0.00000E+00    0.00000E+00    0.00000E+00    0.00000E+00    0.00000E+00
    8.40665E+03    0.00000E+00    0.00000E+00    0.00000E+00    0.00000E+00    0.00000E+00
    8.80488E+03    0.00000E+00    0.00000E+00    0.00000E+00    0.00000E+00    0.00000E+00
    9.22198E+03    0.00000E+00    0.00000E+00    0.00000E+00    0.00000E+00    0.00000E+00
    9.65883E+03    0.00000E+00    0.00000E+00    0.00000E+00    0.00000E+00    0.00000E+00
    1.01164E+04    0.00000E+00    0.00000E+00    0.00000E+00    0.00000E+00    0.00000E+00
    1.05956E+04    0.00000E+00    0.00000E+00    0.00000E+00    0.00000E+00    0.00000E+00
    1.10975E+04    0.00000E+00    0.00000E+00    0.00000E+00    0.00000E+00    0.00000E+00
    1.16232E+04    0.00000E+00    0.00000E+00    0.00000E+00    0.00000E+00    0.00000E+00
    1.21738E+04    0.00000E+00    0.00000E+00    0.00000E+00    0.00000E+00    0.00000E+00
    1.27505E+04    0.00000E+00    0.00000E+00    0.00000E+00    0.00000E+00    0.00000E+00
    1.33545E+04    0.00000E+00    0.00000E+00    0.00000E+00    0.00000E+00    0.00000E+00
    1.39871E+04    0.00000E+00    0.00000E+00    0.00000E+00    0.00000E+00    0.00000E+00
    1.46497E+04    0.00000E+00    0.00000E+00    0.00000E+00    0.00000E+00    0.00000E+00
    1.53437E+04    0.00000E+00    0.00000E+00    0.00000E+00    0.00000E+00    0.00000E+00
    1.60705E+04    8.25675E-40    0.00000E+00    0.00000E+00    0.00000E+00    0.00000E+00
    1.68318E+04    1.00808E-45    0.00000E+00    0.00000E+00    0.00000E+00    0.00000E+00
    1.76291E+04    4.98656E-35    0.00000E+00    0.00000E+00    0.00000E+00    0.00000E+00
    1.84642E+04    5.70627E-29    0.00000E+00    0.00000E+00    0.00000E+00    0.00000E+00
    1.93389E+04    2.47807E-31    0.00000E+00    0.00000E+00    0.00000E+00    0.00000E+00
    2.02550E+04    5.60858E-29    0.00000E+00    0.00000E+00    0.00000E+00    0.00000E+00
    2.12145E+04    3.09830E-25    0.00000E+00    0.00000E+00    0.00000E+00    0.00000E+00
    2.22195E+04    4.04651E-22    0.00000E+00    0.00000E+00    0.00000E+00    0.00000E+00
    2.32720E+04    1.11740E-18    0.00000E+00    0.00000E+00    0.00000E+00    0.00000E+00
    2.43744E+04    3.93699E-20    0.00000E+00    0.00000E+00    0.00000E+00    0.00000E+00
    2.55291E+04    5.20443E-18    0.00000E+00    0.00000E+00    0.00000E+00    0.00000E+00
    2.67384E+04    7.60834E-17    0.00000E+00    0.00000E+00    0.00000E+00    0.00000E+00
    2.80050E+04    6.35947E-16    0.00000E+00    0.00000E+00    0.00000E+00    0.00000E+00
    2.93317E+04    2.72865E-16    0.00000E+00    0.00000E+00    0.00000E+00    0.00000E+00
    3.07211E+04    5.99415E-15    0.00000E+00    0.00000E+00    0.00000E+00    0.00000E+00
    3.21764E+04    2.78012E-14    0.00000E+00    0.00000E+00    0.00000E+00    0.00000E+00
    3.37006E+04    3.95568E-13    0.00000E+00    0.00000E+00    0.00000E+00    0.00000E+00
    3.52971E+04    1.80870E-12    0.00000E+00    0.00000E+00    0.00000E+00    0.00000E+00
    3.69691E+04    5.33196E-13    0.00000E+00    0.00000E+00    0.00000E+00    0.00000E+00
    3.87204E+04    3.85719E-12    0.00000E+00    0.00000E+00    0.00000E+00    0.00000E+00
    4.05546E+04    7.55480E-12    0.00000E+00    0.00000E+00    0.00000E+00    0.00000E+00
    4.24757E+04    1.21573E-11    0.00000E+00    0.00000E+00    0.00000E+00    0.00000E+00
    4.44878E+04    5.55331E-11    0.00000E+00    0.00000E+00    0.00000E+00    0.00000E+00
    4.65953E+04    8.06780E-11    0.00000E+00    0.00000E+00    0.00000E+00    0.00000E+00
    4.88025E+04    1.74222E-10    0.00000E+00    0.00000E+00    0.00000E+00    0.00000E+00
    5.11143E+04    1.36615E-10    0.00000E+00    0.00000E+00    0.00000E+00    0.00000E+00
    5.35357E+04    2.77799E-10    0.00000E+00    0.00000E+00    0.00000E+00    0.00000E+00
    5.60717E+04    6.38826E-10    0.00000E+00    0.00000E+00    0.00000E+00    0.00000E+00
    5.87279E+04    1.18552E-09    0.00000E+00    0.00000E+00    0.00000E+00    0.00000E+00
    6.15099E+04    1.04260E-09    0.00000E+00    0.00000E+00    0.00000E+00    0.00000E+00
    6.44236E+04    9.08629E-10    0.00000E+00    0.00000E+00    0.00000E+00    0.00000E+00
    6.74754E+04    1.29846E-09    0.00000E+00    0.00000E+00    0.00000E+00    0.00000E+00
    7.06718E+04    1.03847E-09    0.00000E+00    0.00000E+00    0.00000E+00    0.00000E+00
    7.40196E+04    5.69809E-10    0.00000E+00    0.00000E+00    0.00000E+00    0.00000E+00
    7.75260E+04    4.67922E-11    0.00000E+00    0.00000E+00    0.00000E+00    0.00000E+00
    8.11984E+04    1.00822E-15    0.00000E+00    0.00000E+00    0.00000E+00    0.00000E+00
    8.50449E+04    1.07886E-18    0.00000E+00    0.00000E+00    0.00000E+00    0.00000E+00
    8.90735E+04    2.71681E-22    0.00000E+00    0.00000E+00    0.00000E+00    0.00000E+00
    9.32930E+04    7.54529E-32    0.00000E+00    0.00000E+00    0.00000E+00    0.00000E+00
    9.77124E+04    7.66180E-22    0.00000E+00    0.00000E+00    0.00000E+00    0.00000E+00
    1.02341E+05    8.23473E-30    0.00000E+00    0.00000E+00    0.00000E+00    0.00000E+00
    1.07189E+05    1.06512E-23    0.00000E+00    0.00000E+00    0.00000E+00    0.00000E+00
    1.12267E+05    9.60165E-15    0.00000E+00    0.00000E+00    0.00000E+00    0.00000E+00
    1.17585E+05    2.33316E-11    0.00000E+00    0.00000E+00    0.00000E+00    0.00000E+00
    1.23155E+05    7.49485E-16    0.00000E+00    0.00000E+00    0.00000E+00    0.00000E+00
    1.28989E+05    5.01583E-12    0.00000E+00    0.00000E+00    0.00000E+00    0.00000E+00
    1.35099E+05    2.78011E-11    0.00000E+00    0.00000E+00    0.00000E+00    0.00000E+00
    1.41499E+05    2.85532E-10    0.00000E+00    0.00000E+00    0.00000E+00    0.00000E+00
    1.48202E+05    8.47503E-11    0.00000E+00    0.00000E+00    0.00000E+00    0.00000E+00
    1.55222E+05    3.20885E-11    0.00000E+00    0.00000E+00    0.00000E+00    0.00000E+00
    1.62576E+05    1.19764E-11    0.00000E+00    0.00000E+00    0.00000E+00    0.00000E+00
    1.70277E+05    1.29806E-11    0.00000E+00    0.00000E+00    0.00000E+00    0.00000E+00
    1.78343E+05    3.49866E-11    0.00000E+00    0.00000E+00    0.00000E+00    0.00000E+00
    1.86791E+05    2.12951E-11    0.00000E+00    0.00000E+00    0.00000E+00    0.00000E+00
    1.95640E+05    9.54275E-10    0.00000E+00    0.00000E+00    0.00000E+00    0.00000E+00
    2.04907E+05    1.59102E-10    0.00000E+00    0.00000E+00    0.00000E+00    0.00000E+00
    2.14614E+05    3.13423E-10    0.00000E+00    0.00000E+00    0.00000E+00    0.00000E+00
    2.24781E+05    7.37484E-10    0.00000E+00    0.00000E+00    0.00000E+00    0.00000E+00
    2.35429E+05    3.16878E-09    0.00000E+00    0.00000E+00    0.00000E+00    0.00000E+00
    2.46581E+05    5.70120E-09    0.00000E+00    0.00000E+00    0.00000E+00    0.00000E+00
    2.58262E+05    1.10482E-08    0.00000E+00    0.00000E+00    0.00000E+00    0.00000E+00
    2.70496E+05    1.89855E-08    0.00000E+00    0.00000E+00    0.00000E+00    0.00000E+00
    2.83310E+05    2.30017E-08    0.00000E+00    0.00000E+00    0.00000E+00    0.00000E+00
    2.96730E+05    6.06804E-08    0.00000E+00    0.00000E+00    0.00000E+00    0.00000E+00
    3.10787E+05    7.40398E-08    0.00000E+00    0.00000E+00    0.00000E+00    0.00000E+00
    3.25509E+05    7.88312E-08    0.00000E+00    0.00000E+00    0.00000E+00    0.00000E+00
    3.40929E+05    1.40565E-07    0.00000E+00    0.00000E+00    0.00000E+00    0.00000E+00
    3.57078E+05    1.61680E-07    0.00000E+00    0.00000E+00    0.00000E+00    0.00000E+00
    3.73994E+05    1.90652E-07    0.00000E+00    0.00000E+00    0.00000E+00    0.00000E+00
    3.91710E+05    2.18857E-07    0.00000E+00    0.00000E+00    0.00000E+00    0.00000E+00
    4.10266E+05    2.85554E-07    0.00000E+00    0.00000E+00    0.00000E+00    0.00000E+00
    4.29700E+05    3.04279E-07    0.00000E+00    0.00000E+00    0.00000E+00    0.00000E+00
    4.50056E+05    3.62398E-07    0.00000E+00    0.00000E+00    0.00000E+00    0.00000E+00
    4.71375E+05    3.61072E-07    0.00000E+00    0.00000E+00    0.00000E+00    0.00000E+00
    4.93705E+05    4.29921E-07    0.00000E+00    0.00000E+00    0.00000E+00    0.00000E+00
    5.17092E+05    4.46247E-07    0.00000E+00    0.00000E+00    0.00000E+00    0.00000E+00
    5.41587E+05    4.70629E-07    0.00000E+00    0.00000E+00    0.00000E+00    0.00000E+00
    5.67243E+05    4.78831E-07    0.00000E+00    0.00000E+00    0.00000E+00    0.00000E+00
    5.94113E+05    4.98155E-07    0.00000E+00    0.00000E+00    0.00000E+00    0.00000E+00
    6.22257E+05    5.03666E-07    0.00000E+00    0.00000E+00    0.00000E+00    0.00000E+00
    6.51734E+05    4.92805E-07    0.00000E+00    0.00000E+00    0.00000E+00    0.00000E+00
    6.82607E+05    4.62338E-07    0.00000E+00    0.00000E+00    0.00000E+00    0.00000E+00
    7.14943E+05    4.66024E-07    0.00000E+00    0.00000E+00    0.00000E+00    0.00000E+00
    7.48810E+05    4.30542E-07    0.00000E+00    0.00000E+00    0.00000E+00    0.00000E+00
    7.84282E+05    3.98605E-07    0.00000E+00    0.00000E+00    0.00000E+00    0.00000E+00
    8.21434E+05    3.77129E-07    0.00000E+00    0.00000E+00    0.00000E+00    0.00000E+00
    8.60346E+05    3.47970E-07    0.00000E+00    0.00000E+00    0.00000E+00    0.00000E+00
    9.01102E+05    3.17456E-07    0.00000E+00    0.00000E+00    0.00000E+00    0.00000E+00
    9.43788E+05    2.85785E-07    0.00000E+00    0.00000E+00    0.00000E+00    0.00000E+00
    9.88496E+05    2.62552E-07    0.00000E+00    0.00000E+00    0.00000E+00    0.00000E+00
    1.03532E+06    2.33334E-07    0.00000E+00    0.00000E+00    0.00000E+00    0.00000E+00
    1.08437E+06    2.06382E-07    0.00000E+00    0.00000E+00    0.00000E+00    0.00000E+00
    1.13573E+06    1.82924E-07    0.00000E+00    0.00000E+00    0.00000E+00    0.00000E+00
    1.18953E+06    1.58567E-07    0.00000E+00    0.00000E+00    0.00000E+00    0.00000E+00
    1.24588E+06    1.38701E-07    0.00000E+00    0.00000E+00    0.00000E+00    0.00000E+00
    1.30490E+06    1.20531E-07    0.00000E+00    0.00000E+00    0.00000E+00    0.00000E+00
    1.36672E+06    1.07073E-07    0.00000E+00    0.00000E+00    0.00000E+00    0.00000E+00
    1.43146E+06    9.19272E-08    0.00000E+00    0.00000E+00    0.00000E+00    0.00000E+00
    1.49927E+06    7.90624E-08    0.00000E+00    0.00000E+00    0.00000E+00    0.00000E+00
    1.57029E+06    6.70610E-08    0.00000E+00    0.00000E+00    0.00000E+00    0.00000E+00
    1.64468E+06    5.70931E-08    0.00000E+00    0.00000E+00    0.00000E+00    0.00000E+00
    1.72259E+06    4.87125E-08    0.00000E+00    0.00000E+00    0.00000E+00    0.00000E+00
    1.80419E+06    4.13019E-08    0.00000E+00    0.00000E+00    0.00000E+00    0.00000E+00
    1.88965E+06    3.49220E-08    0.00000E+00    0.00000E+00    0.00000E+00    0.00000E+00
    1.97917E+06    2.97238E-08    0.00000E+00    0.00000E+00    0.00000E+00    0.00000E+00
    2.07292E+06    2.47022E-08    0.00000E+00    0.00000E+00    0.00000E+00    0.00000E+00
    2.17112E+06    2.07120E-08    0.00000E+00    0.00000E+00    0.00000E+00    0.00000E+00
    2.27397E+06    1.74580E-08    0.00000E+00    0.00000E+00    0.00000E+00    0.00000E+00
    2.38169E+06    1.45286E-08    0.00000E+00    0.00000E+00    0.00000E+00    0.00000E+00
    2.49451E+06    1.20844E-08    0.00000E+00    0.00000E+00    0.00000E+00    0.00000E+00
    2.61268E+06    1.00413E-08    0.00000E+00    0.00000E+00    0.00000E+00    0.00000E+00
    2.73644E+06    8.31687E-09    0.00000E+00    0.00000E+00    0.00000E+00    0.00000E+00
    2.86607E+06    6.89357E-09    0.00000E+00    0.00000E+00    0.00000E+00    0.00000E+00
    3.00184E+06    5.70625E-09    0.00000E+00    0.00000E+00    0.00000E+00    0.00000E+00
    3.14404E+06    4.69231E-09    0.00000E+00    0.00000E+00    0.00000E+00    0.00000E+00
    3.29297E+06    3.84057E-09    0.00000E+00    0.00000E+00    0.00000E+00    0.00000E+00
    3.44896E+06    3.14642E-09    0.00000E+00    0.00000E+00    0.00000E+00    0.00000E+00
    3.61234E+06    2.59258E-09    0.00000E+00    0.00000E+00    0.00000E+00    0.00000E+00
    3.78346E+06    2.10655E-09    0.00000E+00    0.00000E+00    0.00000E+00    0.00000E+00
    3.96269E+06    1.72717E-09    0.00000E+00    0.00000E+00    0.00000E+00    0.00000E+00
    4.15040E+06    1.40911E-09    0.00000E+00    0.00000E+00    0.00000E+00    0.00000E+00
    4.34701E+06    1.14077E-09    0.00000E+00    0.00000E+00    0.00000E+00    0.00000E+00
    4.55293E+06    9.27345E-10    0.00000E+00    0.00000E+00    0.00000E+00    0.00000E+00
    4.76861E+06    7.47220E-10    0.00000E+00    0.00000E+00    0.00000E+00    0.00000E+00
    4.99451E+06    6.10885E-10    0.00000E+00    0.00000E+00    0.00000E+00    0.00000E+00
    5.23110E+06    4.92316E-10    0.00000E+00    0.00000E+00    0.00000E+00    0.00000E+00
    5.47890E+06    3.98200E-10    0.00000E+00    0.00000E+00    0.00000E+00    0.00000E+00
    5.73844E+06    3.20910E-10    0.00000E+00    0.00000E+00    0.00000E+00    0.00000E+00
    6.01028E+06    2.60767E-10    0.00000E+00    0.00000E+00    0.00000E+00    0.00000E+00
    6.29499E+06    2.09243E-10    0.00000E+00    0.00000E+00    0.00000E+00    0.00000E+00
    6.59319E+06    1.68199E-10    0.00000E+00    0.00000E+00    0.00000E+00    0.00000E+00
    6.90551E+06    1.35283E-10    0.00000E+00    0.00000E+00    0.00000E+00    0.00000E+00
    7.23264E+06    1.09078E-10    0.00000E+00    0.00000E+00    0.00000E+00    0.00000E+00
    7.57525E+06    8.73292E-11    0.00000E+00    0.00000E+00    0.00000E+00    0.00000E+00
    7.93410E+06    6.98783E-11    0.00000E+00    0.00000E+00    0.00000E+00    0.00000E+00
    8.30994E+06    5.59959E-11    0.00000E+00    0.00000E+00    0.00000E+00    0.00000E+00
    8.70359E+06    4.51421E-11    0.00000E+00    0.00000E+00    0.00000E+00    0.00000E+00
    9.11589E+06    3.60041E-11    0.00000E+00    0.00000E+00    0.00000E+00    0.00000E+00
    9.54771E+06    2.89418E-11    0.00000E+00    0.00000E+00    0.00000E+00    0.00000E+00
    1.00000E+07    2.30733E-11    0.00000E+00    0.00000E+00    0.00000E+00    0.00000E+00
