 # Columns are: Lambda (Angstroms) and Flux (Flux * lambda) (ergs/s/cm^2)
    5.00000E+03    2.58993E-46    0.00000E+00    0.00000E+00    0.00000E+00    0.00000E+00
    5.27488E+03    3.47862E-45    0.00000E+00    0.00000E+00    0.00000E+00    0.00000E+00
    5.56488E+03    1.92048E-44    0.00000E+00    0.00000E+00    0.00000E+00    0.00000E+00
    5.87081E+03    2.33038E-43    0.00000E+00    0.00000E+00    0.00000E+00    0.00000E+00
    6.19357E+03    1.30275E-42    0.00000E+00    0.00000E+00    0.00000E+00    0.00000E+00
    6.53407E+03    8.19089E-42    0.00000E+00    0.00000E+00    0.00000E+00    0.00000E+00
    6.89329E+03    2.11734E-40    0.00000E+00    0.00000E+00    0.00000E+00    0.00000E+00
    7.27225E+03    2.71596E-39    0.00000E+00    0.00000E+00    0.00000E+00    0.00000E+00
    7.67206E+03    6.15782E-38    0.00000E+00    0.00000E+00    0.00000E+00    0.00000E+00
    8.09384E+03    4.22562E-36    0.00000E+00    0.00000E+00    0.00000E+00    0.00000E+00
    8.53881E+03    3.66821E-36    0.00000E+00    0.00000E+00    0.00000E+00    0.00000E+00
    9.00824E+03    4.70392E-32    0.00000E+00    0.00000E+00    0.00000E+00    0.00000E+00
    9.50348E+03    2.59995E-29    0.00000E+00    0.00000E+00    0.00000E+00    0.00000E+00
    1.00259E+04    1.09038E-28    0.00000E+00    0.00000E+00    0.00000E+00    0.00000E+00
    1.05771E+04    1.52830E-27    0.00000E+00    0.00000E+00    0.00000E+00    0.00000E+00
    1.11586E+04    1.19187E-25    0.00000E+00    0.00000E+00    0.00000E+00    0.00000E+00
    1.17721E+04    1.50815E-20    0.00000E+00    0.00000E+00    0.00000E+00    0.00000E+00
    1.24193E+04    9.41386E-25    0.00000E+00    0.00000E+00    0.00000E+00    0.00000E+00
    1.31020E+04    7.13869E-20    0.00000E+00    0.00000E+00    0.00000E+00    0.00000E+00
    1.38223E+04    6.93801E-19    0.00000E+00    0.00000E+00    0.00000E+00    0.00000E+00
    1.45822E+04    5.26875E-20    0.00000E+00    0.00000E+00    0.00000E+00    0.00000E+00
    1.53839E+04    1.78567E-20    0.00000E+00    0.00000E+00    0.00000E+00    0.00000E+00
    1.62297E+04    5.62658E-20    0.00000E+00    0.00000E+00    0.00000E+00    0.00000E+00
    1.71219E+04    8.96887E-19    0.00000E+00    0.00000E+00    0.00000E+00    0.00000E+00
    1.80632E+04    6.98454E-18    0.00000E+00    0.00000E+00    0.00000E+00    0.00000E+00
    1.90563E+04    1.06731E-15    0.00000E+00    0.00000E+00    0.00000E+00    0.00000E+00
    2.01039E+04    5.91061E-16    0.00000E+00    0.00000E+00    0.00000E+00    0.00000E+00
    2.12092E+04    3.85422E-15    0.00000E+00    0.00000E+00    0.00000E+00    0.00000E+00
    2.23752E+04    2.06405E-14    0.00000E+00    0.00000E+00    0.00000E+00    0.00000E+00
    2.36053E+04    1.59037E-13    0.00000E+00    0.00000E+00    0.00000E+00    0.00000E+00
    2.49030E+04    5.15447E-14    0.00000E+00    0.00000E+00    0.00000E+00    0.00000E+00
    2.62721E+04    2.93975E-13    0.00000E+00    0.00000E+00    0.00000E+00    0.00000E+00
    2.77164E+04    1.54325E-12    0.00000E+00    0.00000E+00    0.00000E+00    0.00000E+00
    2.92402E+04    1.66679E-12    0.00000E+00    0.00000E+00    0.00000E+00    0.00000E+00
    3.08477E+04    5.82424E-12    0.00000E+00    0.00000E+00    0.00000E+00    0.00000E+00
    3.25436E+04    2.49516E-11    0.00000E+00    0.00000E+00    0.00000E+00    0.00000E+00
    3.43327E+04    1.03272E-10    0.00000E+00    0.00000E+00    0.00000E+00    0.00000E+00
    3.62202E+04    3.34744E-11    0.00000E+00    0.00000E+00    0.00000E+00    0.00000E+00
    3.82115E+04    8.28089E-11    0.00000E+00    0.00000E+00    0.00000E+00    0.00000E+00
    4.03122E+04    1.95864E-10    0.00000E+00    0.00000E+00    0.00000E+00    0.00000E+00
    4.25284E+04    1.35587E-09    0.00000E+00    0.00000E+00    0.00000E+00    0.00000E+00
    4.48665E+04    2.12198E-09    0.00000E+00    0.00000E+00    0.00000E+00    0.00000E+00
    4.73331E+04    2.58082E-09    0.00000E+00    0.00000E+00    0.00000E+00    0.00000E+00
    4.99353E+04    1.19378E-08    0.00000E+00    0.00000E+00    0.00000E+00    0.00000E+00
    5.26805E+04    1.87917E-08    0.00000E+00    0.00000E+00    0.00000E+00    0.00000E+00
    5.55767E+04    2.32362E-08    0.00000E+00    0.00000E+00    0.00000E+00    0.00000E+00
    5.86321E+04    6.16159E-08    0.00000E+00    0.00000E+00    0.00000E+00    0.00000E+00
    6.18555E+04    1.74378E-07    0.00000E+00    0.00000E+00    0.00000E+00    0.00000E+00
    6.52561E+04    2.52745E-07    0.00000E+00    0.00000E+00    0.00000E+00    0.00000E+00
    6.88436E+04    3.43773E-07    0.00000E+00    0.00000E+00    0.00000E+00    0.00000E+00
    7.26284E+04    6.74349E-07    0.00000E+00    0.00000E+00    0.00000E+00    0.00000E+00
    7.66212E+04    7.60324E-07    0.00000E+00    0.00000E+00    0.00000E+00    0.00000E+00
    8.08336E+04    3.34356E-07    0.00000E+00    0.00000E+00    0.00000E+00    0.00000E+00
    8.52775E+04    8.22562E-08    0.00000E+00    0.00000E+00    0.00000E+00    0.00000E+00
    8.99658E+04    3.32374E-08    0.00000E+00    0.00000E+00    0.00000E+00    0.00000E+00
    9.49118E+04    1.03664E-08    0.00000E+00    0.00000E+00    0.00000E+00    0.00000E+00
    1.00130E+05    9.51030E-09    0.00000E+00    0.00000E+00    0.00000E+00    0.00000E+00
    1.05634E+05    1.73174E-08    0.00000E+00    0.00000E+00    0.00000E+00    0.00000E+00
    1.11442E+05    3.87330E-08    0.00000E+00    0.00000E+00    0.00000E+00    0.00000E+00
    1.17568E+05    6.22643E-08    0.00000E+00    0.00000E+00    0.00000E+00    0.00000E+00
    1.24032E+05    2.02546E-07    0.00000E+00    0.00000E+00    0.00000E+00    0.00000E+00
    1.30851E+05    2.41419E-07    0.00000E+00    0.00000E+00    0.00000E+00    0.00000E+00
    1.38044E+05    4.52404E-07    0.00000E+00    0.00000E+00    0.00000E+00    0.00000E+00
    1.45634E+05    5.19186E-07    0.00000E+00    0.00000E+00    0.00000E+00    0.00000E+00
    1.53640E+05    5.37251E-07    0.00000E+00    0.00000E+00    0.00000E+00    0.00000E+00
    1.62087E+05    5.65018E-07    0.00000E+00    0.00000E+00    0.00000E+00    0.00000E+00
    1.70998E+05    4.26443E-07    0.00000E+00    0.00000E+00    0.00000E+00    0.00000E+00
    1.80398E+05    4.65267E-07    0.00000E+00    0.00000E+00    0.00000E+00    0.00000E+00
    1.90316E+05    4.94518E-07    0.00000E+00    0.00000E+00    0.00000E+00    0.00000E+00
    2.00779E+05    4.87620E-07    0.00000E+00    0.00000E+00    0.00000E+00    0.00000E+00
    2.11817E+05    6.50912E-07    0.00000E+00    0.00000E+00    0.00000E+00    0.00000E+00
    2.23462E+05    8.15624E-07    0.00000E+00    0.00000E+00    0.00000E+00    0.00000E+00
    2.35747E+05    9.45613E-07    0.00000E+00    0.00000E+00    0.00000E+00    0.00000E+00
    2.48708E+05    1.00651E-06    0.00000E+00    0.00000E+00    0.00000E+00    0.00000E+00
    2.62381E+05    1.29841E-06    0.00000E+00    0.00000E+00    0.00000E+00    0.00000E+00
    2.76805E+05    1.30788E-06    0.00000E+00    0.00000E+00    0.00000E+00    0.00000E+00
    2.92023E+05    1.46203E-06    0.00000E+00    0.00000E+00    0.00000E+00    0.00000E+00
    3.08078E+05    1.53795E-06    0.00000E+00    0.00000E+00    0.00000E+00    0.00000E+00
    3.25015E+05    1.56164E-06    0.00000E+00    0.00000E+00    0.00000E+00    0.00000E+00
    3.42883E+05    1.52056E-06    0.00000E+00    0.00000E+00    0.00000E+00    0.00000E+00
    3.61733E+05    1.69127E-06    0.00000E+00    0.00000E+00    0.00000E+00    0.00000E+00
    3.81620E+05    1.60191E-06    0.00000E+00    0.00000E+00    0.00000E+00    0.00000E+00
    4.02600E+05    1.65931E-06    0.00000E+00    0.00000E+00    0.00000E+00    0.00000E+00
    4.24733E+05    1.66283E-06    0.00000E+00    0.00000E+00    0.00000E+00    0.00000E+00
    4.48084E+05    1.60827E-06    0.00000E+00    0.00000E+00    0.00000E+00    0.00000E+00
    4.72718E+05    1.54661E-06    0.00000E+00    0.00000E+00    0.00000E+00    0.00000E+00
    4.98706E+05    1.50247E-06    0.00000E+00    0.00000E+00    0.00000E+00    0.00000E+00
    5.26123E+05    1.43465E-06    0.00000E+00    0.00000E+00    0.00000E+00    0.00000E+00
    5.55047E+05    1.35308E-06    0.00000E+00    0.00000E+00    0.00000E+00    0.00000E+00
    5.85562E+05    1.26271E-06    0.00000E+00    0.00000E+00    0.00000E+00    0.00000E+00
    6.17754E+05    1.18456E-06    0.00000E+00    0.00000E+00    0.00000E+00    0.00000E+00
    6.51716E+05    1.08853E-06    0.00000E+00    0.00000E+00    0.00000E+00    0.00000E+00
    6.87545E+05    9.93116E-07    0.00000E+00    0.00000E+00    0.00000E+00    0.00000E+00
    7.25343E+05    8.94272E-07    0.00000E+00    0.00000E+00    0.00000E+00    0.00000E+00
    7.65220E+05    8.08734E-07    0.00000E+00    0.00000E+00    0.00000E+00    0.00000E+00
    8.07289E+05    7.19205E-07    0.00000E+00    0.00000E+00    0.00000E+00    0.00000E+00
    8.51671E+05    6.43201E-07    0.00000E+00    0.00000E+00    0.00000E+00    0.00000E+00
    8.98493E+05    5.60382E-07    0.00000E+00    0.00000E+00    0.00000E+00    0.00000E+00
    9.47888E+05    4.96602E-07    0.00000E+00    0.00000E+00    0.00000E+00    0.00000E+00
    1.00000E+06    4.31188E-07    0.00000E+00    0.00000E+00    0.00000E+00    0.00000E+00
