 # Columns are: Lambda (Angstroms) and Flux (Flux * lambda) (ergs/s/cm^2)
    1.00000E+03    0.00000E+00    0.00000E+00    0.00000E+00    0.00000E+00    0.00000E+00
    1.04737E+03    0.00000E+00    0.00000E+00    0.00000E+00    0.00000E+00    0.00000E+00
    1.09699E+03    0.00000E+00    0.00000E+00    0.00000E+00    0.00000E+00    0.00000E+00
    1.14895E+03    0.00000E+00    0.00000E+00    0.00000E+00    0.00000E+00    0.00000E+00
    1.20338E+03    0.00000E+00    0.00000E+00    0.00000E+00    0.00000E+00    0.00000E+00
    1.26038E+03    0.00000E+00    0.00000E+00    0.00000E+00    0.00000E+00    0.00000E+00
    1.32009E+03    0.00000E+00    0.00000E+00    0.00000E+00    0.00000E+00    0.00000E+00
    1.38262E+03    0.00000E+00    0.00000E+00    0.00000E+00    0.00000E+00    0.00000E+00
    1.44812E+03    0.00000E+00    0.00000E+00    0.00000E+00    0.00000E+00    0.00000E+00
    1.51672E+03    0.00000E+00    0.00000E+00    0.00000E+00    0.00000E+00    0.00000E+00
    1.58857E+03    0.00000E+00    0.00000E+00    0.00000E+00    0.00000E+00    0.00000E+00
    1.66382E+03    0.00000E+00    0.00000E+00    0.00000E+00    0.00000E+00    0.00000E+00
    1.74263E+03    0.00000E+00    0.00000E+00    0.00000E+00    0.00000E+00    0.00000E+00
    1.82518E+03    0.00000E+00    0.00000E+00    0.00000E+00    0.00000E+00    0.00000E+00
    1.91164E+03    0.00000E+00    0.00000E+00    0.00000E+00    0.00000E+00    0.00000E+00
    2.00220E+03    0.00000E+00    0.00000E+00    0.00000E+00    0.00000E+00    0.00000E+00
    2.09705E+03    0.00000E+00    0.00000E+00    0.00000E+00    0.00000E+00    0.00000E+00
    2.19639E+03    0.00000E+00    0.00000E+00    0.00000E+00    0.00000E+00    0.00000E+00
    2.30043E+03    0.00000E+00    0.00000E+00    0.00000E+00    0.00000E+00    0.00000E+00
    2.40940E+03    0.00000E+00    0.00000E+00    0.00000E+00    0.00000E+00    0.00000E+00
    2.52354E+03    0.00000E+00    0.00000E+00    0.00000E+00    0.00000E+00    0.00000E+00
    2.64308E+03    0.00000E+00    0.00000E+00    0.00000E+00    0.00000E+00    0.00000E+00
    2.76829E+03    0.00000E+00    0.00000E+00    0.00000E+00    0.00000E+00    0.00000E+00
    2.89942E+03    0.00000E+00    0.00000E+00    0.00000E+00    0.00000E+00    0.00000E+00
    3.03677E+03    0.00000E+00    0.00000E+00    0.00000E+00    0.00000E+00    0.00000E+00
    3.18063E+03    0.00000E+00    0.00000E+00    0.00000E+00    0.00000E+00    0.00000E+00
    3.33129E+03    0.00000E+00    0.00000E+00    0.00000E+00    0.00000E+00    0.00000E+00
    3.48910E+03    0.00000E+00    0.00000E+00    0.00000E+00    0.00000E+00    0.00000E+00
    3.65438E+03    0.00000E+00    0.00000E+00    0.00000E+00    0.00000E+00    0.00000E+00
    3.82749E+03    0.00000E+00    0.00000E+00    0.00000E+00    0.00000E+00    0.00000E+00
    4.00881E+03    0.00000E+00    0.00000E+00    0.00000E+00    0.00000E+00    0.00000E+00
    4.19871E+03    0.00000E+00    0.00000E+00    0.00000E+00    0.00000E+00    0.00000E+00
    4.39760E+03    0.00000E+00    0.00000E+00    0.00000E+00    0.00000E+00    0.00000E+00
    4.60592E+03    0.00000E+00    0.00000E+00    0.00000E+00    0.00000E+00    0.00000E+00
    4.82411E+03    0.00000E+00    0.00000E+00    0.00000E+00    0.00000E+00    0.00000E+00
    5.05263E+03    0.00000E+00    0.00000E+00    0.00000E+00    0.00000E+00    0.00000E+00
    5.29198E+03    0.00000E+00    0.00000E+00    0.00000E+00    0.00000E+00    0.00000E+00
    5.54266E+03    0.00000E+00    0.00000E+00    0.00000E+00    0.00000E+00    0.00000E+00
    5.80523E+03    0.00000E+00    0.00000E+00    0.00000E+00    0.00000E+00    0.00000E+00
    6.08022E+03    0.00000E+00    0.00000E+00    0.00000E+00    0.00000E+00    0.00000E+00
    6.36825E+03    0.00000E+00    0.00000E+00    0.00000E+00    0.00000E+00    0.00000E+00
    6.66992E+03    0.00000E+00    0.00000E+00    0.00000E+00    0.00000E+00    0.00000E+00
    6.98588E+03    0.00000E+00    0.00000E+00    0.00000E+00    0.00000E+00    0.00000E+00
    7.31681E+03    0.00000E+00    0.00000E+00    0.00000E+00    0.00000E+00    0.00000E+00
    7.66341E+03    0.00000E+00    0.00000E+00    0.00000E+00    0.00000E+00    0.00000E+00
    8.02643E+03    0.00000E+00    0.00000E+00    0.00000E+00    0.00000E+00    0.00000E+00
    8.40665E+03    0.00000E+00    0.00000E+00    0.00000E+00    0.00000E+00    0.00000E+00
    8.80488E+03    0.00000E+00    0.00000E+00    0.00000E+00    0.00000E+00    0.00000E+00
    9.22198E+03    0.00000E+00    0.00000E+00    0.00000E+00    0.00000E+00    0.00000E+00
    9.65883E+03    0.00000E+00    0.00000E+00    0.00000E+00    0.00000E+00    0.00000E+00
    1.01164E+04    0.00000E+00    0.00000E+00    0.00000E+00    0.00000E+00    0.00000E+00
    1.05956E+04    0.00000E+00    0.00000E+00    0.00000E+00    0.00000E+00    0.00000E+00
    1.10975E+04    3.65521E-45    0.00000E+00    0.00000E+00    0.00000E+00    0.00000E+00
    1.16232E+04    3.14518E-41    0.00000E+00    0.00000E+00    0.00000E+00    0.00000E+00
    1.21738E+04    3.47701E-38    0.00000E+00    0.00000E+00    0.00000E+00    0.00000E+00
    1.27505E+04    5.10463E-33    0.00000E+00    0.00000E+00    0.00000E+00    0.00000E+00
    1.33545E+04    2.30554E-30    0.00000E+00    0.00000E+00    0.00000E+00    0.00000E+00
    1.39871E+04    2.57763E-27    0.00000E+00    0.00000E+00    0.00000E+00    0.00000E+00
    1.46497E+04    1.91641E-24    0.00000E+00    0.00000E+00    0.00000E+00    0.00000E+00
    1.53437E+04    1.93125E-21    0.00000E+00    0.00000E+00    0.00000E+00    0.00000E+00
    1.60705E+04    1.16811E-20    0.00000E+00    0.00000E+00    0.00000E+00    0.00000E+00
    1.68318E+04    5.57324E-19    0.00000E+00    0.00000E+00    0.00000E+00    0.00000E+00
    1.76291E+04    4.28718E-17    0.00000E+00    0.00000E+00    0.00000E+00    0.00000E+00
    1.84642E+04    2.42052E-16    0.00000E+00    0.00000E+00    0.00000E+00    0.00000E+00
    1.93389E+04    1.96823E-15    0.00000E+00    0.00000E+00    0.00000E+00    0.00000E+00
    2.02550E+04    8.66398E-15    0.00000E+00    0.00000E+00    0.00000E+00    0.00000E+00
    2.12145E+04    7.49806E-14    0.00000E+00    0.00000E+00    0.00000E+00    0.00000E+00
    2.22195E+04    4.41493E-13    0.00000E+00    0.00000E+00    0.00000E+00    0.00000E+00
    2.32720E+04    1.41226E-12    0.00000E+00    0.00000E+00    0.00000E+00    0.00000E+00
    2.43744E+04    4.27704E-12    0.00000E+00    0.00000E+00    0.00000E+00    0.00000E+00
    2.55291E+04    1.87140E-11    0.00000E+00    0.00000E+00    0.00000E+00    0.00000E+00
    2.67384E+04    3.58715E-11    0.00000E+00    0.00000E+00    0.00000E+00    0.00000E+00
    2.80050E+04    8.28469E-11    0.00000E+00    0.00000E+00    0.00000E+00    0.00000E+00
    2.93317E+04    1.89808E-10    0.00000E+00    0.00000E+00    0.00000E+00    0.00000E+00
    3.07211E+04    3.69322E-10    0.00000E+00    0.00000E+00    0.00000E+00    0.00000E+00
    3.21764E+04    7.72972E-10    0.00000E+00    0.00000E+00    0.00000E+00    0.00000E+00
    3.37006E+04    1.24817E-09    0.00000E+00    0.00000E+00    0.00000E+00    0.00000E+00
    3.52971E+04    1.95452E-09    0.00000E+00    0.00000E+00    0.00000E+00    0.00000E+00
    3.69691E+04    3.31535E-09    0.00000E+00    0.00000E+00    0.00000E+00    0.00000E+00
    3.87204E+04    5.37209E-09    0.00000E+00    0.00000E+00    0.00000E+00    0.00000E+00
    4.05546E+04    6.60511E-09    0.00000E+00    0.00000E+00    0.00000E+00    0.00000E+00
    4.24757E+04    1.03416E-08    0.00000E+00    0.00000E+00    0.00000E+00    0.00000E+00
    4.44878E+04    1.35239E-08    0.00000E+00    0.00000E+00    0.00000E+00    0.00000E+00
    4.65953E+04    1.92756E-08    0.00000E+00    0.00000E+00    0.00000E+00    0.00000E+00
    4.88025E+04    2.56457E-08    0.00000E+00    0.00000E+00    0.00000E+00    0.00000E+00
    5.11143E+04    3.14819E-08    0.00000E+00    0.00000E+00    0.00000E+00    0.00000E+00
    5.35357E+04    3.72163E-08    0.00000E+00    0.00000E+00    0.00000E+00    0.00000E+00
    5.60717E+04    4.23874E-08    0.00000E+00    0.00000E+00    0.00000E+00    0.00000E+00
    5.87279E+04    4.44197E-08    0.00000E+00    0.00000E+00    0.00000E+00    0.00000E+00
    6.15099E+04    3.81640E-08    0.00000E+00    0.00000E+00    0.00000E+00    0.00000E+00
    6.44236E+04    4.29284E-08    0.00000E+00    0.00000E+00    0.00000E+00    0.00000E+00
    6.74754E+04    4.42873E-08    0.00000E+00    0.00000E+00    0.00000E+00    0.00000E+00
    7.06718E+04    5.56756E-08    0.00000E+00    0.00000E+00    0.00000E+00    0.00000E+00
    7.40196E+04    2.72969E-08    0.00000E+00    0.00000E+00    0.00000E+00    0.00000E+00
    7.75260E+04    9.37104E-10    0.00000E+00    0.00000E+00    0.00000E+00    0.00000E+00
    8.11984E+04    3.20502E-13    0.00000E+00    0.00000E+00    0.00000E+00    0.00000E+00
    8.50449E+04    1.71918E-17    0.00000E+00    0.00000E+00    0.00000E+00    0.00000E+00
    8.90735E+04    9.09642E-20    0.00000E+00    0.00000E+00    0.00000E+00    0.00000E+00
    9.32930E+04    1.62421E-26    0.00000E+00    0.00000E+00    0.00000E+00    0.00000E+00
    9.77124E+04    7.99907E-24    0.00000E+00    0.00000E+00    0.00000E+00    0.00000E+00
    1.02341E+05    3.88208E-21    0.00000E+00    0.00000E+00    0.00000E+00    0.00000E+00
    1.07189E+05    2.36200E-13    0.00000E+00    0.00000E+00    0.00000E+00    0.00000E+00
    1.12267E+05    7.84685E-17    0.00000E+00    0.00000E+00    0.00000E+00    0.00000E+00
    1.17585E+05    6.81653E-15    0.00000E+00    0.00000E+00    0.00000E+00    0.00000E+00
    1.23155E+05    1.33452E-13    0.00000E+00    0.00000E+00    0.00000E+00    0.00000E+00
    1.28989E+05    7.08481E-09    0.00000E+00    0.00000E+00    0.00000E+00    0.00000E+00
    1.35099E+05    2.38248E-09    0.00000E+00    0.00000E+00    0.00000E+00    0.00000E+00
    1.41499E+05    1.07816E-09    0.00000E+00    0.00000E+00    0.00000E+00    0.00000E+00
    1.48202E+05    6.97108E-09    0.00000E+00    0.00000E+00    0.00000E+00    0.00000E+00
    1.55222E+05    1.32811E-09    0.00000E+00    0.00000E+00    0.00000E+00    0.00000E+00
    1.62576E+05    7.54133E-10    0.00000E+00    0.00000E+00    0.00000E+00    0.00000E+00
    1.70277E+05    1.11074E-09    0.00000E+00    0.00000E+00    0.00000E+00    0.00000E+00
    1.78343E+05    1.35100E-09    0.00000E+00    0.00000E+00    0.00000E+00    0.00000E+00
    1.86791E+05    1.52761E-09    0.00000E+00    0.00000E+00    0.00000E+00    0.00000E+00
    1.95640E+05    9.84255E-09    0.00000E+00    0.00000E+00    0.00000E+00    0.00000E+00
    2.04907E+05    5.71953E-09    0.00000E+00    0.00000E+00    0.00000E+00    0.00000E+00
    2.14614E+05    2.68756E-08    0.00000E+00    0.00000E+00    0.00000E+00    0.00000E+00
    2.24781E+05    4.06758E-08    0.00000E+00    0.00000E+00    0.00000E+00    0.00000E+00
    2.35429E+05    6.07264E-08    0.00000E+00    0.00000E+00    0.00000E+00    0.00000E+00
    2.46581E+05    8.77463E-08    0.00000E+00    0.00000E+00    0.00000E+00    0.00000E+00
    2.58262E+05    1.10391E-07    0.00000E+00    0.00000E+00    0.00000E+00    0.00000E+00
    2.70496E+05    1.62890E-07    0.00000E+00    0.00000E+00    0.00000E+00    0.00000E+00
    2.83310E+05    1.84430E-07    0.00000E+00    0.00000E+00    0.00000E+00    0.00000E+00
    2.96730E+05    2.71577E-07    0.00000E+00    0.00000E+00    0.00000E+00    0.00000E+00
    3.10787E+05    3.59359E-07    0.00000E+00    0.00000E+00    0.00000E+00    0.00000E+00
    3.25509E+05    3.62679E-07    0.00000E+00    0.00000E+00    0.00000E+00    0.00000E+00
    3.40929E+05    4.11382E-07    0.00000E+00    0.00000E+00    0.00000E+00    0.00000E+00
    3.57078E+05    5.32879E-07    0.00000E+00    0.00000E+00    0.00000E+00    0.00000E+00
    3.73994E+05    6.28101E-07    0.00000E+00    0.00000E+00    0.00000E+00    0.00000E+00
    3.91710E+05    6.93924E-07    0.00000E+00    0.00000E+00    0.00000E+00    0.00000E+00
    4.10266E+05    7.60580E-07    0.00000E+00    0.00000E+00    0.00000E+00    0.00000E+00
    4.29700E+05    7.80937E-07    0.00000E+00    0.00000E+00    0.00000E+00    0.00000E+00
    4.50056E+05    8.40372E-07    0.00000E+00    0.00000E+00    0.00000E+00    0.00000E+00
    4.71375E+05    8.74013E-07    0.00000E+00    0.00000E+00    0.00000E+00    0.00000E+00
    4.93705E+05    9.03435E-07    0.00000E+00    0.00000E+00    0.00000E+00    0.00000E+00
    5.17092E+05    9.34680E-07    0.00000E+00    0.00000E+00    0.00000E+00    0.00000E+00
    5.41587E+05    9.62035E-07    0.00000E+00    0.00000E+00    0.00000E+00    0.00000E+00
    5.67243E+05    9.36405E-07    0.00000E+00    0.00000E+00    0.00000E+00    0.00000E+00
    5.94113E+05    9.52036E-07    0.00000E+00    0.00000E+00    0.00000E+00    0.00000E+00
    6.22257E+05    9.13213E-07    0.00000E+00    0.00000E+00    0.00000E+00    0.00000E+00
    6.51734E+05    8.86881E-07    0.00000E+00    0.00000E+00    0.00000E+00    0.00000E+00
    6.82607E+05    8.11611E-07    0.00000E+00    0.00000E+00    0.00000E+00    0.00000E+00
    7.14943E+05    7.66589E-07    0.00000E+00    0.00000E+00    0.00000E+00    0.00000E+00
    7.48810E+05    7.15596E-07    0.00000E+00    0.00000E+00    0.00000E+00    0.00000E+00
    7.84282E+05    6.61858E-07    0.00000E+00    0.00000E+00    0.00000E+00    0.00000E+00
    8.21434E+05    6.07386E-07    0.00000E+00    0.00000E+00    0.00000E+00    0.00000E+00
    8.60346E+05    5.54409E-07    0.00000E+00    0.00000E+00    0.00000E+00    0.00000E+00
    9.01102E+05    4.98024E-07    0.00000E+00    0.00000E+00    0.00000E+00    0.00000E+00
    9.43788E+05    4.46895E-07    0.00000E+00    0.00000E+00    0.00000E+00    0.00000E+00
    9.88496E+05    3.99433E-07    0.00000E+00    0.00000E+00    0.00000E+00    0.00000E+00
    1.03532E+06    3.53777E-07    0.00000E+00    0.00000E+00    0.00000E+00    0.00000E+00
    1.08437E+06    3.14267E-07    0.00000E+00    0.00000E+00    0.00000E+00    0.00000E+00
    1.13573E+06    2.75538E-07    0.00000E+00    0.00000E+00    0.00000E+00    0.00000E+00
    1.18953E+06    2.37613E-07    0.00000E+00    0.00000E+00    0.00000E+00    0.00000E+00
    1.24588E+06    2.06073E-07    0.00000E+00    0.00000E+00    0.00000E+00    0.00000E+00
    1.30490E+06    1.80449E-07    0.00000E+00    0.00000E+00    0.00000E+00    0.00000E+00
    1.36672E+06    1.54833E-07    0.00000E+00    0.00000E+00    0.00000E+00    0.00000E+00
    1.43146E+06    1.33300E-07    0.00000E+00    0.00000E+00    0.00000E+00    0.00000E+00
    1.49927E+06    1.12017E-07    0.00000E+00    0.00000E+00    0.00000E+00    0.00000E+00
    1.57029E+06    9.66355E-08    0.00000E+00    0.00000E+00    0.00000E+00    0.00000E+00
    1.64468E+06    8.23326E-08    0.00000E+00    0.00000E+00    0.00000E+00    0.00000E+00
    1.72259E+06    6.94001E-08    0.00000E+00    0.00000E+00    0.00000E+00    0.00000E+00
    1.80419E+06    5.89044E-08    0.00000E+00    0.00000E+00    0.00000E+00    0.00000E+00
    1.88965E+06    4.92963E-08    0.00000E+00    0.00000E+00    0.00000E+00    0.00000E+00
    1.97917E+06    4.15760E-08    0.00000E+00    0.00000E+00    0.00000E+00    0.00000E+00
    2.07292E+06    3.44265E-08    0.00000E+00    0.00000E+00    0.00000E+00    0.00000E+00
    2.17112E+06    2.88850E-08    0.00000E+00    0.00000E+00    0.00000E+00    0.00000E+00
    2.27397E+06    2.39002E-08    0.00000E+00    0.00000E+00    0.00000E+00    0.00000E+00
    2.38169E+06    1.98708E-08    0.00000E+00    0.00000E+00    0.00000E+00    0.00000E+00
    2.49451E+06    1.65192E-08    0.00000E+00    0.00000E+00    0.00000E+00    0.00000E+00
    2.61268E+06    1.36670E-08    0.00000E+00    0.00000E+00    0.00000E+00    0.00000E+00
    2.73644E+06    1.11870E-08    0.00000E+00    0.00000E+00    0.00000E+00    0.00000E+00
    2.86607E+06    9.24949E-09    0.00000E+00    0.00000E+00    0.00000E+00    0.00000E+00
    3.00184E+06    7.62483E-09    0.00000E+00    0.00000E+00    0.00000E+00    0.00000E+00
    3.14404E+06    6.18975E-09    0.00000E+00    0.00000E+00    0.00000E+00    0.00000E+00
    3.29297E+06    5.10789E-09    0.00000E+00    0.00000E+00    0.00000E+00    0.00000E+00
    3.44896E+06    4.14266E-09    0.00000E+00    0.00000E+00    0.00000E+00    0.00000E+00
    3.61234E+06    3.38972E-09    0.00000E+00    0.00000E+00    0.00000E+00    0.00000E+00
    3.78346E+06    2.75334E-09    0.00000E+00    0.00000E+00    0.00000E+00    0.00000E+00
    3.96269E+06    2.24674E-09    0.00000E+00    0.00000E+00    0.00000E+00    0.00000E+00
    4.15040E+06    1.80464E-09    0.00000E+00    0.00000E+00    0.00000E+00    0.00000E+00
    4.34701E+06    1.46660E-09    0.00000E+00    0.00000E+00    0.00000E+00    0.00000E+00
    4.55293E+06    1.18895E-09    0.00000E+00    0.00000E+00    0.00000E+00    0.00000E+00
    4.76861E+06    9.58084E-10    0.00000E+00    0.00000E+00    0.00000E+00    0.00000E+00
    4.99451E+06    7.74655E-10    0.00000E+00    0.00000E+00    0.00000E+00    0.00000E+00
    5.23110E+06    6.25348E-10    0.00000E+00    0.00000E+00    0.00000E+00    0.00000E+00
    5.47890E+06    5.01298E-10    0.00000E+00    0.00000E+00    0.00000E+00    0.00000E+00
    5.73844E+06    4.05976E-10    0.00000E+00    0.00000E+00    0.00000E+00    0.00000E+00
    6.01028E+06    3.25804E-10    0.00000E+00    0.00000E+00    0.00000E+00    0.00000E+00
    6.29499E+06    2.61415E-10    0.00000E+00    0.00000E+00    0.00000E+00    0.00000E+00
    6.59319E+06    2.09582E-10    0.00000E+00    0.00000E+00    0.00000E+00    0.00000E+00
    6.90551E+06    1.67653E-10    0.00000E+00    0.00000E+00    0.00000E+00    0.00000E+00
    7.23264E+06    1.34086E-10    0.00000E+00    0.00000E+00    0.00000E+00    0.00000E+00
    7.57525E+06    1.08251E-10    0.00000E+00    0.00000E+00    0.00000E+00    0.00000E+00
    7.93410E+06    8.64556E-11    0.00000E+00    0.00000E+00    0.00000E+00    0.00000E+00
    8.30994E+06    6.92873E-11    0.00000E+00    0.00000E+00    0.00000E+00    0.00000E+00
    8.70359E+06    5.53232E-11    0.00000E+00    0.00000E+00    0.00000E+00    0.00000E+00
    9.11589E+06    4.41408E-11    0.00000E+00    0.00000E+00    0.00000E+00    0.00000E+00
    9.54771E+06    3.53283E-11    0.00000E+00    0.00000E+00    0.00000E+00    0.00000E+00
    1.00000E+07    2.82487E-11    0.00000E+00    0.00000E+00    0.00000E+00    0.00000E+00
