 # Columns are: Lambda (Angstroms) and Flux (Flux * lambda) (ergs/s/cm^2)
    1.00000E+03    0.00000E+00    0.00000E+00    0.00000E+00    0.00000E+00    0.00000E+00
    1.04737E+03    0.00000E+00    0.00000E+00    0.00000E+00    0.00000E+00    0.00000E+00
    1.09699E+03    0.00000E+00    0.00000E+00    0.00000E+00    0.00000E+00    0.00000E+00
    1.14895E+03    0.00000E+00    0.00000E+00    0.00000E+00    0.00000E+00    0.00000E+00
    1.20338E+03    0.00000E+00    0.00000E+00    0.00000E+00    0.00000E+00    0.00000E+00
    1.26038E+03    0.00000E+00    0.00000E+00    0.00000E+00    0.00000E+00    0.00000E+00
    1.32009E+03    0.00000E+00    0.00000E+00    0.00000E+00    0.00000E+00    0.00000E+00
    1.38262E+03    0.00000E+00    0.00000E+00    0.00000E+00    0.00000E+00    0.00000E+00
    1.44812E+03    0.00000E+00    0.00000E+00    0.00000E+00    0.00000E+00    0.00000E+00
    1.51672E+03    0.00000E+00    0.00000E+00    0.00000E+00    0.00000E+00    0.00000E+00
    1.58857E+03    0.00000E+00    0.00000E+00    0.00000E+00    0.00000E+00    0.00000E+00
    1.66382E+03    0.00000E+00    0.00000E+00    0.00000E+00    0.00000E+00    0.00000E+00
    1.74263E+03    0.00000E+00    0.00000E+00    0.00000E+00    0.00000E+00    0.00000E+00
    1.82518E+03    0.00000E+00    0.00000E+00    0.00000E+00    0.00000E+00    0.00000E+00
    1.91164E+03    0.00000E+00    0.00000E+00    0.00000E+00    0.00000E+00    0.00000E+00
    2.00220E+03    0.00000E+00    0.00000E+00    0.00000E+00    0.00000E+00    0.00000E+00
    2.09705E+03    0.00000E+00    0.00000E+00    0.00000E+00    0.00000E+00    0.00000E+00
    2.19639E+03    0.00000E+00    0.00000E+00    0.00000E+00    0.00000E+00    0.00000E+00
    2.30043E+03    0.00000E+00    0.00000E+00    0.00000E+00    0.00000E+00    0.00000E+00
    2.40940E+03    0.00000E+00    0.00000E+00    0.00000E+00    0.00000E+00    0.00000E+00
    2.52354E+03    0.00000E+00    0.00000E+00    0.00000E+00    0.00000E+00    0.00000E+00
    2.64308E+03    0.00000E+00    0.00000E+00    0.00000E+00    0.00000E+00    0.00000E+00
    2.76829E+03    0.00000E+00    0.00000E+00    0.00000E+00    0.00000E+00    0.00000E+00
    2.89942E+03    0.00000E+00    0.00000E+00    0.00000E+00    0.00000E+00    0.00000E+00
    3.03677E+03    0.00000E+00    0.00000E+00    0.00000E+00    0.00000E+00    0.00000E+00
    3.18063E+03    0.00000E+00    0.00000E+00    0.00000E+00    0.00000E+00    0.00000E+00
    3.33129E+03    0.00000E+00    0.00000E+00    0.00000E+00    0.00000E+00    0.00000E+00
    3.48910E+03    0.00000E+00    0.00000E+00    0.00000E+00    0.00000E+00    0.00000E+00
    3.65438E+03    0.00000E+00    0.00000E+00    0.00000E+00    0.00000E+00    0.00000E+00
    3.82749E+03    0.00000E+00    0.00000E+00    0.00000E+00    0.00000E+00    0.00000E+00
    4.00881E+03    0.00000E+00    0.00000E+00    0.00000E+00    0.00000E+00    0.00000E+00
    4.19871E+03    0.00000E+00    0.00000E+00    0.00000E+00    0.00000E+00    0.00000E+00
    4.39760E+03    0.00000E+00    0.00000E+00    0.00000E+00    0.00000E+00    0.00000E+00
    4.60592E+03    0.00000E+00    0.00000E+00    0.00000E+00    0.00000E+00    0.00000E+00
    4.82411E+03    0.00000E+00    0.00000E+00    0.00000E+00    0.00000E+00    0.00000E+00
    5.05263E+03    0.00000E+00    0.00000E+00    0.00000E+00    0.00000E+00    0.00000E+00
    5.29198E+03    0.00000E+00    0.00000E+00    0.00000E+00    0.00000E+00    0.00000E+00
    5.54266E+03    0.00000E+00    0.00000E+00    0.00000E+00    0.00000E+00    0.00000E+00
    5.80523E+03    0.00000E+00    0.00000E+00    0.00000E+00    0.00000E+00    0.00000E+00
    6.08022E+03    0.00000E+00    0.00000E+00    0.00000E+00    0.00000E+00    0.00000E+00
    6.36825E+03    0.00000E+00    0.00000E+00    0.00000E+00    0.00000E+00    0.00000E+00
    6.66992E+03    0.00000E+00    0.00000E+00    0.00000E+00    0.00000E+00    0.00000E+00
    6.98588E+03    0.00000E+00    0.00000E+00    0.00000E+00    0.00000E+00    0.00000E+00
    7.31681E+03    0.00000E+00    0.00000E+00    0.00000E+00    0.00000E+00    0.00000E+00
    7.66341E+03    0.00000E+00    0.00000E+00    0.00000E+00    0.00000E+00    0.00000E+00
    8.02643E+03    0.00000E+00    0.00000E+00    0.00000E+00    0.00000E+00    0.00000E+00
    8.40665E+03    2.98585E-35    0.00000E+00    0.00000E+00    0.00000E+00    0.00000E+00
    8.80488E+03    1.59949E-40    0.00000E+00    0.00000E+00    0.00000E+00    0.00000E+00
    9.22198E+03    1.67883E-30    0.00000E+00    0.00000E+00    0.00000E+00    0.00000E+00
    9.65883E+03    2.88456E-29    0.00000E+00    0.00000E+00    0.00000E+00    0.00000E+00
    1.01164E+04    5.54788E-25    0.00000E+00    0.00000E+00    0.00000E+00    0.00000E+00
    1.05956E+04    1.25028E-22    0.00000E+00    0.00000E+00    0.00000E+00    0.00000E+00
    1.10975E+04    2.63640E-21    0.00000E+00    0.00000E+00    0.00000E+00    0.00000E+00
    1.16232E+04    3.64329E-19    0.00000E+00    0.00000E+00    0.00000E+00    0.00000E+00
    1.21738E+04    5.42086E-18    0.00000E+00    0.00000E+00    0.00000E+00    0.00000E+00
    1.27505E+04    1.13134E-16    0.00000E+00    0.00000E+00    0.00000E+00    0.00000E+00
    1.33545E+04    7.17072E-16    0.00000E+00    0.00000E+00    0.00000E+00    0.00000E+00
    1.39871E+04    1.58089E-14    0.00000E+00    0.00000E+00    0.00000E+00    0.00000E+00
    1.46497E+04    4.01646E-14    0.00000E+00    0.00000E+00    0.00000E+00    0.00000E+00
    1.53437E+04    1.13317E-12    0.00000E+00    0.00000E+00    0.00000E+00    0.00000E+00
    1.60705E+04    1.76299E-12    0.00000E+00    0.00000E+00    0.00000E+00    0.00000E+00
    1.68318E+04    1.31342E-11    0.00000E+00    0.00000E+00    0.00000E+00    0.00000E+00
    1.76291E+04    3.69347E-11    0.00000E+00    0.00000E+00    0.00000E+00    0.00000E+00
    1.84642E+04    1.13053E-10    0.00000E+00    0.00000E+00    0.00000E+00    0.00000E+00
    1.93389E+04    3.30661E-10    0.00000E+00    0.00000E+00    0.00000E+00    0.00000E+00
    2.02550E+04    7.47479E-10    0.00000E+00    0.00000E+00    0.00000E+00    0.00000E+00
    2.12145E+04    2.18345E-09    0.00000E+00    0.00000E+00    0.00000E+00    0.00000E+00
    2.22195E+04    3.76183E-09    0.00000E+00    0.00000E+00    0.00000E+00    0.00000E+00
    2.32720E+04    9.69487E-09    0.00000E+00    0.00000E+00    0.00000E+00    0.00000E+00
    2.43744E+04    1.64287E-08    0.00000E+00    0.00000E+00    0.00000E+00    0.00000E+00
    2.55291E+04    3.02337E-08    0.00000E+00    0.00000E+00    0.00000E+00    0.00000E+00
    2.67384E+04    4.06316E-08    0.00000E+00    0.00000E+00    0.00000E+00    0.00000E+00
    2.80050E+04    6.47275E-08    0.00000E+00    0.00000E+00    0.00000E+00    0.00000E+00
    2.93317E+04    8.92772E-08    0.00000E+00    0.00000E+00    0.00000E+00    0.00000E+00
    3.07211E+04    1.36017E-07    0.00000E+00    0.00000E+00    0.00000E+00    0.00000E+00
    3.21764E+04    1.93936E-07    0.00000E+00    0.00000E+00    0.00000E+00    0.00000E+00
    3.37006E+04    2.37068E-07    0.00000E+00    0.00000E+00    0.00000E+00    0.00000E+00
    3.52971E+04    3.32368E-07    0.00000E+00    0.00000E+00    0.00000E+00    0.00000E+00
    3.69691E+04    4.03494E-07    0.00000E+00    0.00000E+00    0.00000E+00    0.00000E+00
    3.87204E+04    5.12354E-07    0.00000E+00    0.00000E+00    0.00000E+00    0.00000E+00
    4.05546E+04    6.61381E-07    0.00000E+00    0.00000E+00    0.00000E+00    0.00000E+00
    4.24757E+04    8.27561E-07    0.00000E+00    0.00000E+00    0.00000E+00    0.00000E+00
    4.44878E+04    8.44352E-07    0.00000E+00    0.00000E+00    0.00000E+00    0.00000E+00
    4.65953E+04    1.10354E-06    0.00000E+00    0.00000E+00    0.00000E+00    0.00000E+00
    4.88025E+04    1.30004E-06    0.00000E+00    0.00000E+00    0.00000E+00    0.00000E+00
    5.11143E+04    1.40784E-06    0.00000E+00    0.00000E+00    0.00000E+00    0.00000E+00
    5.35357E+04    1.42827E-06    0.00000E+00    0.00000E+00    0.00000E+00    0.00000E+00
    5.60717E+04    1.80078E-06    0.00000E+00    0.00000E+00    0.00000E+00    0.00000E+00
    5.87279E+04    1.64924E-06    0.00000E+00    0.00000E+00    0.00000E+00    0.00000E+00
    6.15099E+04    1.74103E-06    0.00000E+00    0.00000E+00    0.00000E+00    0.00000E+00
    6.44236E+04    1.82712E-06    0.00000E+00    0.00000E+00    0.00000E+00    0.00000E+00
    6.74754E+04    1.91276E-06    0.00000E+00    0.00000E+00    0.00000E+00    0.00000E+00
    7.06718E+04    1.95371E-06    0.00000E+00    0.00000E+00    0.00000E+00    0.00000E+00
    7.40196E+04    1.82698E-06    0.00000E+00    0.00000E+00    0.00000E+00    0.00000E+00
    7.75260E+04    8.29538E-07    0.00000E+00    0.00000E+00    0.00000E+00    0.00000E+00
    8.11984E+04    2.10375E-07    0.00000E+00    0.00000E+00    0.00000E+00    0.00000E+00
    8.50449E+04    4.17250E-08    0.00000E+00    0.00000E+00    0.00000E+00    0.00000E+00
    8.90735E+04    1.58637E-08    0.00000E+00    0.00000E+00    0.00000E+00    0.00000E+00
    9.32930E+04    9.58602E-09    0.00000E+00    0.00000E+00    0.00000E+00    0.00000E+00
    9.77124E+04    6.85506E-09    0.00000E+00    0.00000E+00    0.00000E+00    0.00000E+00
    1.02341E+05    1.99293E-08    0.00000E+00    0.00000E+00    0.00000E+00    0.00000E+00
    1.07189E+05    2.99299E-08    0.00000E+00    0.00000E+00    0.00000E+00    0.00000E+00
    1.12267E+05    7.04809E-08    0.00000E+00    0.00000E+00    0.00000E+00    0.00000E+00
    1.17585E+05    1.07257E-07    0.00000E+00    0.00000E+00    0.00000E+00    0.00000E+00
    1.23155E+05    2.92526E-07    0.00000E+00    0.00000E+00    0.00000E+00    0.00000E+00
    1.28989E+05    4.09066E-07    0.00000E+00    0.00000E+00    0.00000E+00    0.00000E+00
    1.35099E+05    6.27673E-07    0.00000E+00    0.00000E+00    0.00000E+00    0.00000E+00
    1.41499E+05    7.36849E-07    0.00000E+00    0.00000E+00    0.00000E+00    0.00000E+00
    1.48202E+05    7.30532E-07    0.00000E+00    0.00000E+00    0.00000E+00    0.00000E+00
    1.55222E+05    5.37549E-07    0.00000E+00    0.00000E+00    0.00000E+00    0.00000E+00
    1.62576E+05    3.83357E-07    0.00000E+00    0.00000E+00    0.00000E+00    0.00000E+00
    1.70277E+05    3.62841E-07    0.00000E+00    0.00000E+00    0.00000E+00    0.00000E+00
    1.78343E+05    3.82844E-07    0.00000E+00    0.00000E+00    0.00000E+00    0.00000E+00
    1.86791E+05    4.27106E-07    0.00000E+00    0.00000E+00    0.00000E+00    0.00000E+00
    1.95640E+05    4.34936E-07    0.00000E+00    0.00000E+00    0.00000E+00    0.00000E+00
    2.04907E+05    5.28225E-07    0.00000E+00    0.00000E+00    0.00000E+00    0.00000E+00
    2.14614E+05    6.74395E-07    0.00000E+00    0.00000E+00    0.00000E+00    0.00000E+00
    2.24781E+05    7.07664E-07    0.00000E+00    0.00000E+00    0.00000E+00    0.00000E+00
    2.35429E+05    8.65722E-07    0.00000E+00    0.00000E+00    0.00000E+00    0.00000E+00
    2.46581E+05    1.10418E-06    0.00000E+00    0.00000E+00    0.00000E+00    0.00000E+00
    2.58262E+05    1.01623E-06    0.00000E+00    0.00000E+00    0.00000E+00    0.00000E+00
    2.70496E+05    1.09829E-06    0.00000E+00    0.00000E+00    0.00000E+00    0.00000E+00
    2.83310E+05    1.16615E-06    0.00000E+00    0.00000E+00    0.00000E+00    0.00000E+00
    2.96730E+05    1.23157E-06    0.00000E+00    0.00000E+00    0.00000E+00    0.00000E+00
    3.10787E+05    1.32733E-06    0.00000E+00    0.00000E+00    0.00000E+00    0.00000E+00
    3.25509E+05    1.45205E-06    0.00000E+00    0.00000E+00    0.00000E+00    0.00000E+00
    3.40929E+05    1.42363E-06    0.00000E+00    0.00000E+00    0.00000E+00    0.00000E+00
    3.57078E+05    1.51427E-06    0.00000E+00    0.00000E+00    0.00000E+00    0.00000E+00
    3.73994E+05    1.48573E-06    0.00000E+00    0.00000E+00    0.00000E+00    0.00000E+00
    3.91710E+05    1.49732E-06    0.00000E+00    0.00000E+00    0.00000E+00    0.00000E+00
    4.10266E+05    1.50212E-06    0.00000E+00    0.00000E+00    0.00000E+00    0.00000E+00
    4.29700E+05    1.53071E-06    0.00000E+00    0.00000E+00    0.00000E+00    0.00000E+00
    4.50056E+05    1.46642E-06    0.00000E+00    0.00000E+00    0.00000E+00    0.00000E+00
    4.71375E+05    1.48245E-06    0.00000E+00    0.00000E+00    0.00000E+00    0.00000E+00
    4.93705E+05    1.36348E-06    0.00000E+00    0.00000E+00    0.00000E+00    0.00000E+00
    5.17092E+05    1.29155E-06    0.00000E+00    0.00000E+00    0.00000E+00    0.00000E+00
    5.41587E+05    1.30739E-06    0.00000E+00    0.00000E+00    0.00000E+00    0.00000E+00
    5.67243E+05    1.21500E-06    0.00000E+00    0.00000E+00    0.00000E+00    0.00000E+00
    5.94113E+05    1.16053E-06    0.00000E+00    0.00000E+00    0.00000E+00    0.00000E+00
    6.22257E+05    1.15325E-06    0.00000E+00    0.00000E+00    0.00000E+00    0.00000E+00
    6.51734E+05    1.05523E-06    0.00000E+00    0.00000E+00    0.00000E+00    0.00000E+00
    6.82607E+05    9.76101E-07    0.00000E+00    0.00000E+00    0.00000E+00    0.00000E+00
    7.14943E+05    9.07196E-07    0.00000E+00    0.00000E+00    0.00000E+00    0.00000E+00
    7.48810E+05    8.47150E-07    0.00000E+00    0.00000E+00    0.00000E+00    0.00000E+00
    7.84282E+05    7.58383E-07    0.00000E+00    0.00000E+00    0.00000E+00    0.00000E+00
    8.21434E+05    6.71693E-07    0.00000E+00    0.00000E+00    0.00000E+00    0.00000E+00
    8.60346E+05    6.24263E-07    0.00000E+00    0.00000E+00    0.00000E+00    0.00000E+00
    9.01102E+05    5.51248E-07    0.00000E+00    0.00000E+00    0.00000E+00    0.00000E+00
    9.43788E+05    4.92143E-07    0.00000E+00    0.00000E+00    0.00000E+00    0.00000E+00
    9.88496E+05    4.40174E-07    0.00000E+00    0.00000E+00    0.00000E+00    0.00000E+00
    1.03532E+06    3.83008E-07    0.00000E+00    0.00000E+00    0.00000E+00    0.00000E+00
    1.08437E+06    3.40402E-07    0.00000E+00    0.00000E+00    0.00000E+00    0.00000E+00
    1.13573E+06    3.02536E-07    0.00000E+00    0.00000E+00    0.00000E+00    0.00000E+00
    1.18953E+06    2.55540E-07    0.00000E+00    0.00000E+00    0.00000E+00    0.00000E+00
    1.24588E+06    2.23537E-07    0.00000E+00    0.00000E+00    0.00000E+00    0.00000E+00
    1.30490E+06    1.95059E-07    0.00000E+00    0.00000E+00    0.00000E+00    0.00000E+00
    1.36672E+06    1.68392E-07    0.00000E+00    0.00000E+00    0.00000E+00    0.00000E+00
    1.43146E+06    1.44822E-07    0.00000E+00    0.00000E+00    0.00000E+00    0.00000E+00
    1.49927E+06    1.23372E-07    0.00000E+00    0.00000E+00    0.00000E+00    0.00000E+00
    1.57029E+06    1.04356E-07    0.00000E+00    0.00000E+00    0.00000E+00    0.00000E+00
    1.64468E+06    8.72949E-08    0.00000E+00    0.00000E+00    0.00000E+00    0.00000E+00
    1.72259E+06    7.40616E-08    0.00000E+00    0.00000E+00    0.00000E+00    0.00000E+00
    1.80419E+06    6.28331E-08    0.00000E+00    0.00000E+00    0.00000E+00    0.00000E+00
    1.88965E+06    5.30043E-08    0.00000E+00    0.00000E+00    0.00000E+00    0.00000E+00
    1.97917E+06    4.46056E-08    0.00000E+00    0.00000E+00    0.00000E+00    0.00000E+00
    2.07292E+06    3.73244E-08    0.00000E+00    0.00000E+00    0.00000E+00    0.00000E+00
    2.17112E+06    3.11949E-08    0.00000E+00    0.00000E+00    0.00000E+00    0.00000E+00
    2.27397E+06    2.59619E-08    0.00000E+00    0.00000E+00    0.00000E+00    0.00000E+00
    2.38169E+06    2.12374E-08    0.00000E+00    0.00000E+00    0.00000E+00    0.00000E+00
    2.49451E+06    1.77434E-08    0.00000E+00    0.00000E+00    0.00000E+00    0.00000E+00
    2.61268E+06    1.47206E-08    0.00000E+00    0.00000E+00    0.00000E+00    0.00000E+00
    2.73644E+06    1.20762E-08    0.00000E+00    0.00000E+00    0.00000E+00    0.00000E+00
    2.86607E+06    9.99729E-09    0.00000E+00    0.00000E+00    0.00000E+00    0.00000E+00
    3.00184E+06    8.15840E-09    0.00000E+00    0.00000E+00    0.00000E+00    0.00000E+00
    3.14404E+06    6.72635E-09    0.00000E+00    0.00000E+00    0.00000E+00    0.00000E+00
    3.29297E+06    5.49898E-09    0.00000E+00    0.00000E+00    0.00000E+00    0.00000E+00
    3.44896E+06    4.46484E-09    0.00000E+00    0.00000E+00    0.00000E+00    0.00000E+00
    3.61234E+06    3.66099E-09    0.00000E+00    0.00000E+00    0.00000E+00    0.00000E+00
    3.78346E+06    2.97886E-09    0.00000E+00    0.00000E+00    0.00000E+00    0.00000E+00
    3.96269E+06    2.42070E-09    0.00000E+00    0.00000E+00    0.00000E+00    0.00000E+00
    4.15040E+06    1.96314E-09    0.00000E+00    0.00000E+00    0.00000E+00    0.00000E+00
    4.34701E+06    1.59253E-09    0.00000E+00    0.00000E+00    0.00000E+00    0.00000E+00
    4.55293E+06    1.29084E-09    0.00000E+00    0.00000E+00    0.00000E+00    0.00000E+00
    4.76861E+06    1.04169E-09    0.00000E+00    0.00000E+00    0.00000E+00    0.00000E+00
    4.99451E+06    8.40353E-10    0.00000E+00    0.00000E+00    0.00000E+00    0.00000E+00
    5.23110E+06    6.76618E-10    0.00000E+00    0.00000E+00    0.00000E+00    0.00000E+00
    5.47890E+06    5.47302E-10    0.00000E+00    0.00000E+00    0.00000E+00    0.00000E+00
    5.73844E+06    4.40055E-10    0.00000E+00    0.00000E+00    0.00000E+00    0.00000E+00
    6.01028E+06    3.53235E-10    0.00000E+00    0.00000E+00    0.00000E+00    0.00000E+00
    6.29499E+06    2.83049E-10    0.00000E+00    0.00000E+00    0.00000E+00    0.00000E+00
    6.59319E+06    2.27518E-10    0.00000E+00    0.00000E+00    0.00000E+00    0.00000E+00
    6.90551E+06    1.82391E-10    0.00000E+00    0.00000E+00    0.00000E+00    0.00000E+00
    7.23264E+06    1.46281E-10    0.00000E+00    0.00000E+00    0.00000E+00    0.00000E+00
    7.57525E+06    1.17591E-10    0.00000E+00    0.00000E+00    0.00000E+00    0.00000E+00
    7.93410E+06    9.42291E-11    0.00000E+00    0.00000E+00    0.00000E+00    0.00000E+00
    8.30994E+06    7.48237E-11    0.00000E+00    0.00000E+00    0.00000E+00    0.00000E+00
    8.70359E+06    6.01400E-11    0.00000E+00    0.00000E+00    0.00000E+00    0.00000E+00
    9.11589E+06    4.81514E-11    0.00000E+00    0.00000E+00    0.00000E+00    0.00000E+00
    9.54771E+06    3.83229E-11    0.00000E+00    0.00000E+00    0.00000E+00    0.00000E+00
    1.00000E+07    3.06833E-11    0.00000E+00    0.00000E+00    0.00000E+00    0.00000E+00
