 # Columns are: Lambda (Angstroms) and Flux (Flux * lambda) (ergs/s/cm^2)
    1.00000E+03    0.00000E+00    0.00000E+00    0.00000E+00    0.00000E+00    0.00000E+00
    1.04737E+03    0.00000E+00    0.00000E+00    0.00000E+00    0.00000E+00    0.00000E+00
    1.09699E+03    0.00000E+00    0.00000E+00    0.00000E+00    0.00000E+00    0.00000E+00
    1.14895E+03    0.00000E+00    0.00000E+00    0.00000E+00    0.00000E+00    0.00000E+00
    1.20338E+03    0.00000E+00    0.00000E+00    0.00000E+00    0.00000E+00    0.00000E+00
    1.26038E+03    0.00000E+00    0.00000E+00    0.00000E+00    0.00000E+00    0.00000E+00
    1.32009E+03    0.00000E+00    0.00000E+00    0.00000E+00    0.00000E+00    0.00000E+00
    1.38262E+03    0.00000E+00    0.00000E+00    0.00000E+00    0.00000E+00    0.00000E+00
    1.44812E+03    0.00000E+00    0.00000E+00    0.00000E+00    0.00000E+00    0.00000E+00
    1.51672E+03    0.00000E+00    0.00000E+00    0.00000E+00    0.00000E+00    0.00000E+00
    1.58857E+03    0.00000E+00    0.00000E+00    0.00000E+00    0.00000E+00    0.00000E+00
    1.66382E+03    0.00000E+00    0.00000E+00    0.00000E+00    0.00000E+00    0.00000E+00
    1.74263E+03    0.00000E+00    0.00000E+00    0.00000E+00    0.00000E+00    0.00000E+00
    1.82518E+03    0.00000E+00    0.00000E+00    0.00000E+00    0.00000E+00    0.00000E+00
    1.91164E+03    0.00000E+00    0.00000E+00    0.00000E+00    0.00000E+00    0.00000E+00
    2.00220E+03    0.00000E+00    0.00000E+00    0.00000E+00    0.00000E+00    0.00000E+00
    2.09705E+03    0.00000E+00    0.00000E+00    0.00000E+00    0.00000E+00    0.00000E+00
    2.19639E+03    0.00000E+00    0.00000E+00    0.00000E+00    0.00000E+00    0.00000E+00
    2.30043E+03    0.00000E+00    0.00000E+00    0.00000E+00    0.00000E+00    0.00000E+00
    2.40940E+03    0.00000E+00    0.00000E+00    0.00000E+00    0.00000E+00    0.00000E+00
    2.52354E+03    0.00000E+00    0.00000E+00    0.00000E+00    0.00000E+00    0.00000E+00
    2.64308E+03    0.00000E+00    0.00000E+00    0.00000E+00    0.00000E+00    0.00000E+00
    2.76829E+03    0.00000E+00    0.00000E+00    0.00000E+00    0.00000E+00    0.00000E+00
    2.89942E+03    0.00000E+00    0.00000E+00    0.00000E+00    0.00000E+00    0.00000E+00
    3.03677E+03    0.00000E+00    0.00000E+00    0.00000E+00    0.00000E+00    0.00000E+00
    3.18063E+03    0.00000E+00    0.00000E+00    0.00000E+00    0.00000E+00    0.00000E+00
    3.33129E+03    0.00000E+00    0.00000E+00    0.00000E+00    0.00000E+00    0.00000E+00
    3.48910E+03    0.00000E+00    0.00000E+00    0.00000E+00    0.00000E+00    0.00000E+00
    3.65438E+03    0.00000E+00    0.00000E+00    0.00000E+00    0.00000E+00    0.00000E+00
    3.82749E+03    0.00000E+00    0.00000E+00    0.00000E+00    0.00000E+00    0.00000E+00
    4.00881E+03    0.00000E+00    0.00000E+00    0.00000E+00    0.00000E+00    0.00000E+00
    4.19871E+03    0.00000E+00    0.00000E+00    0.00000E+00    0.00000E+00    0.00000E+00
    4.39760E+03    0.00000E+00    0.00000E+00    0.00000E+00    0.00000E+00    0.00000E+00
    4.60592E+03    0.00000E+00    0.00000E+00    0.00000E+00    0.00000E+00    0.00000E+00
    4.82411E+03    0.00000E+00    0.00000E+00    0.00000E+00    0.00000E+00    0.00000E+00
    5.05263E+03    0.00000E+00    0.00000E+00    0.00000E+00    0.00000E+00    0.00000E+00
    5.29198E+03    0.00000E+00    0.00000E+00    0.00000E+00    0.00000E+00    0.00000E+00
    5.54266E+03    0.00000E+00    0.00000E+00    0.00000E+00    0.00000E+00    0.00000E+00
    5.80523E+03    0.00000E+00    0.00000E+00    0.00000E+00    0.00000E+00    0.00000E+00
    6.08022E+03    0.00000E+00    0.00000E+00    0.00000E+00    0.00000E+00    0.00000E+00
    6.36825E+03    0.00000E+00    0.00000E+00    0.00000E+00    0.00000E+00    0.00000E+00
    6.66992E+03    0.00000E+00    0.00000E+00    0.00000E+00    0.00000E+00    0.00000E+00
    6.98588E+03    0.00000E+00    0.00000E+00    0.00000E+00    0.00000E+00    0.00000E+00
    7.31681E+03    0.00000E+00    0.00000E+00    0.00000E+00    0.00000E+00    0.00000E+00
    7.66341E+03    0.00000E+00    0.00000E+00    0.00000E+00    0.00000E+00    0.00000E+00
    8.02643E+03    0.00000E+00    0.00000E+00    0.00000E+00    0.00000E+00    0.00000E+00
    8.40665E+03    0.00000E+00    0.00000E+00    0.00000E+00    0.00000E+00    0.00000E+00
    8.80488E+03    0.00000E+00    0.00000E+00    0.00000E+00    0.00000E+00    0.00000E+00
    9.22198E+03    0.00000E+00    0.00000E+00    0.00000E+00    0.00000E+00    0.00000E+00
    9.65883E+03    0.00000E+00    0.00000E+00    0.00000E+00    0.00000E+00    0.00000E+00
    1.01164E+04    0.00000E+00    0.00000E+00    0.00000E+00    0.00000E+00    0.00000E+00
    1.05956E+04    0.00000E+00    0.00000E+00    0.00000E+00    0.00000E+00    0.00000E+00
    1.10975E+04    7.03794E-41    0.00000E+00    0.00000E+00    0.00000E+00    0.00000E+00
    1.16232E+04    1.15419E-36    0.00000E+00    0.00000E+00    0.00000E+00    0.00000E+00
    1.21738E+04    4.14515E-33    0.00000E+00    0.00000E+00    0.00000E+00    0.00000E+00
    1.27505E+04    5.53916E-30    0.00000E+00    0.00000E+00    0.00000E+00    0.00000E+00
    1.33545E+04    2.45149E-27    0.00000E+00    0.00000E+00    0.00000E+00    0.00000E+00
    1.39871E+04    5.72833E-25    0.00000E+00    0.00000E+00    0.00000E+00    0.00000E+00
    1.46497E+04    5.05947E-23    0.00000E+00    0.00000E+00    0.00000E+00    0.00000E+00
    1.53437E+04    4.12463E-21    0.00000E+00    0.00000E+00    0.00000E+00    0.00000E+00
    1.60705E+04    1.24207E-19    0.00000E+00    0.00000E+00    0.00000E+00    0.00000E+00
    1.68318E+04    2.27732E-18    0.00000E+00    0.00000E+00    0.00000E+00    0.00000E+00
    1.76291E+04    2.88313E-17    0.00000E+00    0.00000E+00    0.00000E+00    0.00000E+00
    1.84642E+04    2.36775E-16    0.00000E+00    0.00000E+00    0.00000E+00    0.00000E+00
    1.93389E+04    1.46590E-15    0.00000E+00    0.00000E+00    0.00000E+00    0.00000E+00
    2.02550E+04    5.66698E-15    0.00000E+00    0.00000E+00    0.00000E+00    0.00000E+00
    2.12145E+04    2.55940E-14    0.00000E+00    0.00000E+00    0.00000E+00    0.00000E+00
    2.22195E+04    7.20946E-14    0.00000E+00    0.00000E+00    0.00000E+00    0.00000E+00
    2.32720E+04    1.85854E-13    0.00000E+00    0.00000E+00    0.00000E+00    0.00000E+00
    2.43744E+04    4.15549E-13    0.00000E+00    0.00000E+00    0.00000E+00    0.00000E+00
    2.55291E+04    7.88358E-13    0.00000E+00    0.00000E+00    0.00000E+00    0.00000E+00
    2.67384E+04    1.32183E-12    0.00000E+00    0.00000E+00    0.00000E+00    0.00000E+00
    2.80050E+04    2.19136E-12    0.00000E+00    0.00000E+00    0.00000E+00    0.00000E+00
    2.93317E+04    2.75752E-12    0.00000E+00    0.00000E+00    0.00000E+00    0.00000E+00
    3.07211E+04    4.70892E-12    0.00000E+00    0.00000E+00    0.00000E+00    0.00000E+00
    3.21764E+04    6.12855E-12    0.00000E+00    0.00000E+00    0.00000E+00    0.00000E+00
    3.37006E+04    7.40036E-12    0.00000E+00    0.00000E+00    0.00000E+00    0.00000E+00
    3.52971E+04    8.49817E-12    0.00000E+00    0.00000E+00    0.00000E+00    0.00000E+00
    3.69691E+04    1.00646E-11    0.00000E+00    0.00000E+00    0.00000E+00    0.00000E+00
    3.87204E+04    1.17426E-11    0.00000E+00    0.00000E+00    0.00000E+00    0.00000E+00
    4.05546E+04    1.17632E-11    0.00000E+00    0.00000E+00    0.00000E+00    0.00000E+00
    4.24757E+04    1.42142E-11    0.00000E+00    0.00000E+00    0.00000E+00    0.00000E+00
    4.44878E+04    1.67553E-11    0.00000E+00    0.00000E+00    0.00000E+00    0.00000E+00
    4.65953E+04    1.87113E-11    0.00000E+00    0.00000E+00    0.00000E+00    0.00000E+00
    4.88025E+04    1.85459E-11    0.00000E+00    0.00000E+00    0.00000E+00    0.00000E+00
    5.11143E+04    1.74427E-11    0.00000E+00    0.00000E+00    0.00000E+00    0.00000E+00
    5.35357E+04    1.52831E-11    0.00000E+00    0.00000E+00    0.00000E+00    0.00000E+00
    5.60717E+04    1.32178E-11    0.00000E+00    0.00000E+00    0.00000E+00    0.00000E+00
    5.87279E+04    1.25703E-11    0.00000E+00    0.00000E+00    0.00000E+00    0.00000E+00
    6.15099E+04    9.93928E-12    0.00000E+00    0.00000E+00    0.00000E+00    0.00000E+00
    6.44236E+04    8.07553E-12    0.00000E+00    0.00000E+00    0.00000E+00    0.00000E+00
    6.74754E+04    6.78170E-12    0.00000E+00    0.00000E+00    0.00000E+00    0.00000E+00
    7.06718E+04    6.29265E-12    0.00000E+00    0.00000E+00    0.00000E+00    0.00000E+00
    7.40196E+04    2.54855E-12    0.00000E+00    0.00000E+00    0.00000E+00    0.00000E+00
    7.75260E+04    6.59361E-14    0.00000E+00    0.00000E+00    0.00000E+00    0.00000E+00
    8.11984E+04    4.86779E-18    0.00000E+00    0.00000E+00    0.00000E+00    0.00000E+00
    8.50449E+04    2.65282E-23    0.00000E+00    0.00000E+00    0.00000E+00    0.00000E+00
    8.90735E+04    7.60383E-29    0.00000E+00    0.00000E+00    0.00000E+00    0.00000E+00
    9.32930E+04    5.02451E-35    0.00000E+00    0.00000E+00    0.00000E+00    0.00000E+00
    9.77124E+04    2.89238E-34    0.00000E+00    0.00000E+00    0.00000E+00    0.00000E+00
    1.02341E+05    7.04423E-32    0.00000E+00    0.00000E+00    0.00000E+00    0.00000E+00
    1.07189E+05    4.86211E-28    0.00000E+00    0.00000E+00    0.00000E+00    0.00000E+00
    1.12267E+05    1.50266E-24    0.00000E+00    0.00000E+00    0.00000E+00    0.00000E+00
    1.17585E+05    4.27676E-22    0.00000E+00    0.00000E+00    0.00000E+00    0.00000E+00
    1.23155E+05    7.86187E-20    0.00000E+00    0.00000E+00    0.00000E+00    0.00000E+00
    1.28989E+05    5.63644E-18    0.00000E+00    0.00000E+00    0.00000E+00    0.00000E+00
    1.35099E+05    1.10975E-16    0.00000E+00    0.00000E+00    0.00000E+00    0.00000E+00
    1.41499E+05    4.23056E-16    0.00000E+00    0.00000E+00    0.00000E+00    0.00000E+00
    1.48202E+05    1.51914E-16    0.00000E+00    0.00000E+00    0.00000E+00    0.00000E+00
    1.55222E+05    2.47898E-17    0.00000E+00    0.00000E+00    0.00000E+00    0.00000E+00
    1.62576E+05    2.26482E-18    0.00000E+00    0.00000E+00    0.00000E+00    0.00000E+00
    1.70277E+05    3.28844E-19    0.00000E+00    0.00000E+00    0.00000E+00    0.00000E+00
    1.78343E+05    8.31421E-20    0.00000E+00    0.00000E+00    0.00000E+00    0.00000E+00
    1.86791E+05    4.23214E-20    0.00000E+00    0.00000E+00    0.00000E+00    0.00000E+00
    1.95640E+05    1.36154E-19    0.00000E+00    0.00000E+00    0.00000E+00    0.00000E+00
    2.04907E+05    7.48378E-19    0.00000E+00    0.00000E+00    0.00000E+00    0.00000E+00
    2.14614E+05    3.86040E-18    0.00000E+00    0.00000E+00    0.00000E+00    0.00000E+00
    2.24781E+05    1.50361E-17    0.00000E+00    0.00000E+00    0.00000E+00    0.00000E+00
    2.35429E+05    8.99749E-17    0.00000E+00    0.00000E+00    0.00000E+00    0.00000E+00
    2.46581E+05    2.35060E-16    0.00000E+00    0.00000E+00    0.00000E+00    0.00000E+00
    2.58262E+05    6.15245E-16    0.00000E+00    0.00000E+00    0.00000E+00    0.00000E+00
    2.70496E+05    1.45790E-15    0.00000E+00    0.00000E+00    0.00000E+00    0.00000E+00
    2.83310E+05    2.90120E-15    0.00000E+00    0.00000E+00    0.00000E+00    0.00000E+00
    2.96730E+05    5.18525E-15    0.00000E+00    0.00000E+00    0.00000E+00    0.00000E+00
    3.10787E+05    9.10699E-15    0.00000E+00    0.00000E+00    0.00000E+00    0.00000E+00
    3.25509E+05    1.51409E-14    0.00000E+00    0.00000E+00    0.00000E+00    0.00000E+00
    3.40929E+05    2.23708E-14    0.00000E+00    0.00000E+00    0.00000E+00    0.00000E+00
    3.57078E+05    3.20465E-14    0.00000E+00    0.00000E+00    0.00000E+00    0.00000E+00
    3.73994E+05    3.74202E-14    0.00000E+00    0.00000E+00    0.00000E+00    0.00000E+00
    3.91710E+05    5.44771E-14    0.00000E+00    0.00000E+00    0.00000E+00    0.00000E+00
    4.10266E+05    6.04351E-14    0.00000E+00    0.00000E+00    0.00000E+00    0.00000E+00
    4.29700E+05    7.64516E-14    0.00000E+00    0.00000E+00    0.00000E+00    0.00000E+00
    4.50056E+05    8.93242E-14    0.00000E+00    0.00000E+00    0.00000E+00    0.00000E+00
    4.71375E+05    1.56718E-13    0.00000E+00    0.00000E+00    0.00000E+00    0.00000E+00
    4.93705E+05    1.68393E-13    0.00000E+00    0.00000E+00    0.00000E+00    0.00000E+00
    5.17092E+05    1.74198E-13    0.00000E+00    0.00000E+00    0.00000E+00    0.00000E+00
    5.41587E+05    1.76909E-13    0.00000E+00    0.00000E+00    0.00000E+00    0.00000E+00
    5.67243E+05    1.93095E-13    0.00000E+00    0.00000E+00    0.00000E+00    0.00000E+00
    5.94113E+05    1.96526E-13    0.00000E+00    0.00000E+00    0.00000E+00    0.00000E+00
    6.22257E+05    2.04481E-13    0.00000E+00    0.00000E+00    0.00000E+00    0.00000E+00
    6.51734E+05    2.48692E-13    0.00000E+00    0.00000E+00    0.00000E+00    0.00000E+00
    6.82607E+05    2.62199E-13    0.00000E+00    0.00000E+00    0.00000E+00    0.00000E+00
    7.14943E+05    2.41806E-13    0.00000E+00    0.00000E+00    0.00000E+00    0.00000E+00
    7.48810E+05    2.30277E-13    0.00000E+00    0.00000E+00    0.00000E+00    0.00000E+00
    7.84282E+05    2.44502E-13    0.00000E+00    0.00000E+00    0.00000E+00    0.00000E+00
    8.21434E+05    2.23082E-13    0.00000E+00    0.00000E+00    0.00000E+00    0.00000E+00
    8.60346E+05    2.14867E-13    0.00000E+00    0.00000E+00    0.00000E+00    0.00000E+00
    9.01102E+05    1.95951E-13    0.00000E+00    0.00000E+00    0.00000E+00    0.00000E+00
    9.43788E+05    2.21855E-13    0.00000E+00    0.00000E+00    0.00000E+00    0.00000E+00
    9.88496E+05    1.84913E-13    0.00000E+00    0.00000E+00    0.00000E+00    0.00000E+00
    1.03532E+06    2.08422E-13    0.00000E+00    0.00000E+00    0.00000E+00    0.00000E+00
    1.08437E+06    1.63532E-13    0.00000E+00    0.00000E+00    0.00000E+00    0.00000E+00
    1.13573E+06    1.65575E-13    0.00000E+00    0.00000E+00    0.00000E+00    0.00000E+00
    1.18953E+06    1.62081E-13    0.00000E+00    0.00000E+00    0.00000E+00    0.00000E+00
    1.24588E+06    1.33416E-13    0.00000E+00    0.00000E+00    0.00000E+00    0.00000E+00
    1.30490E+06    1.33957E-13    0.00000E+00    0.00000E+00    0.00000E+00    0.00000E+00
    1.36672E+06    1.19653E-13    0.00000E+00    0.00000E+00    0.00000E+00    0.00000E+00
    1.43146E+06    1.01971E-13    0.00000E+00    0.00000E+00    0.00000E+00    0.00000E+00
    1.49927E+06    9.97070E-14    0.00000E+00    0.00000E+00    0.00000E+00    0.00000E+00
    1.57029E+06    9.70595E-14    0.00000E+00    0.00000E+00    0.00000E+00    0.00000E+00
    1.64468E+06    8.36253E-14    0.00000E+00    0.00000E+00    0.00000E+00    0.00000E+00
    1.72259E+06    8.03199E-14    0.00000E+00    0.00000E+00    0.00000E+00    0.00000E+00
    1.80419E+06    6.48138E-14    0.00000E+00    0.00000E+00    0.00000E+00    0.00000E+00
    1.88965E+06    6.10327E-14    0.00000E+00    0.00000E+00    0.00000E+00    0.00000E+00
    1.97917E+06    5.44062E-14    0.00000E+00    0.00000E+00    0.00000E+00    0.00000E+00
    2.07292E+06    5.15036E-14    0.00000E+00    0.00000E+00    0.00000E+00    0.00000E+00
    2.17112E+06    4.18365E-14    0.00000E+00    0.00000E+00    0.00000E+00    0.00000E+00
    2.27397E+06    3.88950E-14    0.00000E+00    0.00000E+00    0.00000E+00    0.00000E+00
    2.38169E+06    3.61604E-14    0.00000E+00    0.00000E+00    0.00000E+00    0.00000E+00
    2.49451E+06    3.04323E-14    0.00000E+00    0.00000E+00    0.00000E+00    0.00000E+00
    2.61268E+06    2.67173E-14    0.00000E+00    0.00000E+00    0.00000E+00    0.00000E+00
    2.73644E+06    2.31827E-14    0.00000E+00    0.00000E+00    0.00000E+00    0.00000E+00
    2.86607E+06    2.10344E-14    0.00000E+00    0.00000E+00    0.00000E+00    0.00000E+00
    3.00184E+06    1.74401E-14    0.00000E+00    0.00000E+00    0.00000E+00    0.00000E+00
    3.14404E+06    1.59778E-14    0.00000E+00    0.00000E+00    0.00000E+00    0.00000E+00
    3.29297E+06    1.39681E-14    0.00000E+00    0.00000E+00    0.00000E+00    0.00000E+00
    3.44896E+06    1.26188E-14    0.00000E+00    0.00000E+00    0.00000E+00    0.00000E+00
    3.61234E+06    1.08063E-14    0.00000E+00    0.00000E+00    0.00000E+00    0.00000E+00
    3.78346E+06    9.29997E-15    0.00000E+00    0.00000E+00    0.00000E+00    0.00000E+00
    3.96269E+06    8.41382E-15    0.00000E+00    0.00000E+00    0.00000E+00    0.00000E+00
    4.15040E+06    7.03682E-15    0.00000E+00    0.00000E+00    0.00000E+00    0.00000E+00
    4.34701E+06    6.41993E-15    0.00000E+00    0.00000E+00    0.00000E+00    0.00000E+00
    4.55293E+06    5.46252E-15    0.00000E+00    0.00000E+00    0.00000E+00    0.00000E+00
    4.76861E+06    4.90704E-15    0.00000E+00    0.00000E+00    0.00000E+00    0.00000E+00
    4.99451E+06    4.43952E-15    0.00000E+00    0.00000E+00    0.00000E+00    0.00000E+00
    5.23110E+06    3.70624E-15    0.00000E+00    0.00000E+00    0.00000E+00    0.00000E+00
    5.47890E+06    3.28227E-15    0.00000E+00    0.00000E+00    0.00000E+00    0.00000E+00
    5.73844E+06    3.00896E-15    0.00000E+00    0.00000E+00    0.00000E+00    0.00000E+00
    6.01028E+06    2.44715E-15    0.00000E+00    0.00000E+00    0.00000E+00    0.00000E+00
    6.29499E+06    2.22640E-15    0.00000E+00    0.00000E+00    0.00000E+00    0.00000E+00
    6.59319E+06    1.89761E-15    0.00000E+00    0.00000E+00    0.00000E+00    0.00000E+00
    6.90551E+06    1.62188E-15    0.00000E+00    0.00000E+00    0.00000E+00    0.00000E+00
    7.23264E+06    1.54920E-15    0.00000E+00    0.00000E+00    0.00000E+00    0.00000E+00
    7.57525E+06    1.29020E-15    0.00000E+00    0.00000E+00    0.00000E+00    0.00000E+00
    7.93410E+06    1.01001E-15    0.00000E+00    0.00000E+00    0.00000E+00    0.00000E+00
    8.30994E+06    9.71472E-16    0.00000E+00    0.00000E+00    0.00000E+00    0.00000E+00
    8.70359E+06    8.65939E-16    0.00000E+00    0.00000E+00    0.00000E+00    0.00000E+00
    9.11589E+06    7.35138E-16    0.00000E+00    0.00000E+00    0.00000E+00    0.00000E+00
    9.54771E+06    6.31248E-16    0.00000E+00    0.00000E+00    0.00000E+00    0.00000E+00
    1.00000E+07    5.74392E-16    0.00000E+00    0.00000E+00    0.00000E+00    0.00000E+00
