 # Columns are: Lambda (Angstroms) and Flux (Flux * lambda) (ergs/s/cm^2)
    1.00000E+03    0.00000E+00    0.00000E+00    0.00000E+00    0.00000E+00    0.00000E+00
    1.04737E+03    0.00000E+00    0.00000E+00    0.00000E+00    0.00000E+00    0.00000E+00
    1.09699E+03    0.00000E+00    0.00000E+00    0.00000E+00    0.00000E+00    0.00000E+00
    1.14895E+03    0.00000E+00    0.00000E+00    0.00000E+00    0.00000E+00    0.00000E+00
    1.20338E+03    0.00000E+00    0.00000E+00    0.00000E+00    0.00000E+00    0.00000E+00
    1.26038E+03    0.00000E+00    0.00000E+00    0.00000E+00    0.00000E+00    0.00000E+00
    1.32009E+03    0.00000E+00    0.00000E+00    0.00000E+00    0.00000E+00    0.00000E+00
    1.38262E+03    0.00000E+00    0.00000E+00    0.00000E+00    0.00000E+00    0.00000E+00
    1.44812E+03    0.00000E+00    0.00000E+00    0.00000E+00    0.00000E+00    0.00000E+00
    1.51672E+03    0.00000E+00    0.00000E+00    0.00000E+00    0.00000E+00    0.00000E+00
    1.58857E+03    0.00000E+00    0.00000E+00    0.00000E+00    0.00000E+00    0.00000E+00
    1.66382E+03    0.00000E+00    0.00000E+00    0.00000E+00    0.00000E+00    0.00000E+00
    1.74263E+03    0.00000E+00    0.00000E+00    0.00000E+00    0.00000E+00    0.00000E+00
    1.82518E+03    0.00000E+00    0.00000E+00    0.00000E+00    0.00000E+00    0.00000E+00
    1.91164E+03    0.00000E+00    0.00000E+00    0.00000E+00    0.00000E+00    0.00000E+00
    2.00220E+03    0.00000E+00    0.00000E+00    0.00000E+00    0.00000E+00    0.00000E+00
    2.09705E+03    0.00000E+00    0.00000E+00    0.00000E+00    0.00000E+00    0.00000E+00
    2.19639E+03    0.00000E+00    0.00000E+00    0.00000E+00    0.00000E+00    0.00000E+00
    2.30043E+03    0.00000E+00    0.00000E+00    0.00000E+00    0.00000E+00    0.00000E+00
    2.40940E+03    0.00000E+00    0.00000E+00    0.00000E+00    0.00000E+00    0.00000E+00
    2.52354E+03    0.00000E+00    0.00000E+00    0.00000E+00    0.00000E+00    0.00000E+00
    2.64308E+03    0.00000E+00    0.00000E+00    0.00000E+00    0.00000E+00    0.00000E+00
    2.76829E+03    0.00000E+00    0.00000E+00    0.00000E+00    0.00000E+00    0.00000E+00
    2.89942E+03    0.00000E+00    0.00000E+00    0.00000E+00    0.00000E+00    0.00000E+00
    3.03677E+03    0.00000E+00    0.00000E+00    0.00000E+00    0.00000E+00    0.00000E+00
    3.18063E+03    0.00000E+00    0.00000E+00    0.00000E+00    0.00000E+00    0.00000E+00
    3.33129E+03    0.00000E+00    0.00000E+00    0.00000E+00    0.00000E+00    0.00000E+00
    3.48910E+03    0.00000E+00    0.00000E+00    0.00000E+00    0.00000E+00    0.00000E+00
    3.65438E+03    0.00000E+00    0.00000E+00    0.00000E+00    0.00000E+00    0.00000E+00
    3.82749E+03    0.00000E+00    0.00000E+00    0.00000E+00    0.00000E+00    0.00000E+00
    4.00881E+03    0.00000E+00    0.00000E+00    0.00000E+00    0.00000E+00    0.00000E+00
    4.19871E+03    0.00000E+00    0.00000E+00    0.00000E+00    0.00000E+00    0.00000E+00
    4.39760E+03    0.00000E+00    0.00000E+00    0.00000E+00    0.00000E+00    0.00000E+00
    4.60592E+03    0.00000E+00    0.00000E+00    0.00000E+00    0.00000E+00    0.00000E+00
    4.82411E+03    0.00000E+00    0.00000E+00    0.00000E+00    0.00000E+00    0.00000E+00
    5.05263E+03    0.00000E+00    0.00000E+00    0.00000E+00    0.00000E+00    0.00000E+00
    5.29198E+03    0.00000E+00    0.00000E+00    0.00000E+00    0.00000E+00    0.00000E+00
    5.54266E+03    0.00000E+00    0.00000E+00    0.00000E+00    0.00000E+00    0.00000E+00
    5.80523E+03    0.00000E+00    0.00000E+00    0.00000E+00    0.00000E+00    0.00000E+00
    6.08022E+03    0.00000E+00    0.00000E+00    0.00000E+00    0.00000E+00    0.00000E+00
    6.36825E+03    0.00000E+00    0.00000E+00    0.00000E+00    0.00000E+00    0.00000E+00
    6.66992E+03    0.00000E+00    0.00000E+00    0.00000E+00    0.00000E+00    0.00000E+00
    6.98588E+03    0.00000E+00    0.00000E+00    0.00000E+00    0.00000E+00    0.00000E+00
    7.31681E+03    0.00000E+00    0.00000E+00    0.00000E+00    0.00000E+00    0.00000E+00
    7.66341E+03    0.00000E+00    0.00000E+00    0.00000E+00    0.00000E+00    0.00000E+00
    8.02643E+03    0.00000E+00    0.00000E+00    0.00000E+00    0.00000E+00    0.00000E+00
    8.40665E+03    0.00000E+00    0.00000E+00    0.00000E+00    0.00000E+00    0.00000E+00
    8.80488E+03    0.00000E+00    0.00000E+00    0.00000E+00    0.00000E+00    0.00000E+00
    9.22198E+03    0.00000E+00    0.00000E+00    0.00000E+00    0.00000E+00    0.00000E+00
    9.65883E+03    0.00000E+00    0.00000E+00    0.00000E+00    0.00000E+00    0.00000E+00
    1.01164E+04    0.00000E+00    0.00000E+00    0.00000E+00    0.00000E+00    0.00000E+00
    1.05956E+04    0.00000E+00    0.00000E+00    0.00000E+00    0.00000E+00    0.00000E+00
    1.10975E+04    0.00000E+00    0.00000E+00    0.00000E+00    0.00000E+00    0.00000E+00
    1.16232E+04    0.00000E+00    0.00000E+00    0.00000E+00    0.00000E+00    0.00000E+00
    1.21738E+04    0.00000E+00    0.00000E+00    0.00000E+00    0.00000E+00    0.00000E+00
    1.27505E+04    0.00000E+00    0.00000E+00    0.00000E+00    0.00000E+00    0.00000E+00
    1.33545E+04    0.00000E+00    0.00000E+00    0.00000E+00    0.00000E+00    0.00000E+00
    1.39871E+04    0.00000E+00    0.00000E+00    0.00000E+00    0.00000E+00    0.00000E+00
    1.46497E+04    0.00000E+00    0.00000E+00    0.00000E+00    0.00000E+00    0.00000E+00
    1.53437E+04    0.00000E+00    0.00000E+00    0.00000E+00    0.00000E+00    0.00000E+00
    1.60705E+04    0.00000E+00    0.00000E+00    0.00000E+00    0.00000E+00    0.00000E+00
    1.68318E+04    0.00000E+00    0.00000E+00    0.00000E+00    0.00000E+00    0.00000E+00
    1.76291E+04    0.00000E+00    0.00000E+00    0.00000E+00    0.00000E+00    0.00000E+00
    1.84642E+04    0.00000E+00    0.00000E+00    0.00000E+00    0.00000E+00    0.00000E+00
    1.93389E+04    0.00000E+00    0.00000E+00    0.00000E+00    0.00000E+00    0.00000E+00
    2.02550E+04    4.28743E-49    0.00000E+00    0.00000E+00    0.00000E+00    0.00000E+00
    2.12145E+04    2.78997E-45    0.00000E+00    0.00000E+00    0.00000E+00    0.00000E+00
    2.22195E+04    4.62025E-42    0.00000E+00    0.00000E+00    0.00000E+00    0.00000E+00
    2.32720E+04    1.30872E-30    0.00000E+00    0.00000E+00    0.00000E+00    0.00000E+00
    2.43744E+04    1.48289E-27    0.00000E+00    0.00000E+00    0.00000E+00    0.00000E+00
    2.55291E+04    1.93456E-26    0.00000E+00    0.00000E+00    0.00000E+00    0.00000E+00
    2.67384E+04    1.08531E-26    0.00000E+00    0.00000E+00    0.00000E+00    0.00000E+00
    2.80050E+04    8.41064E-25    0.00000E+00    0.00000E+00    0.00000E+00    0.00000E+00
    2.93317E+04    7.86471E-25    0.00000E+00    0.00000E+00    0.00000E+00    0.00000E+00
    3.07211E+04    1.57421E-22    0.00000E+00    0.00000E+00    0.00000E+00    0.00000E+00
    3.21764E+04    2.29084E-21    0.00000E+00    0.00000E+00    0.00000E+00    0.00000E+00
    3.37006E+04    8.53764E-19    0.00000E+00    0.00000E+00    0.00000E+00    0.00000E+00
    3.52971E+04    7.90176E-20    0.00000E+00    0.00000E+00    0.00000E+00    0.00000E+00
    3.69691E+04    4.58819E-18    0.00000E+00    0.00000E+00    0.00000E+00    0.00000E+00
    3.87204E+04    1.06895E-17    0.00000E+00    0.00000E+00    0.00000E+00    0.00000E+00
    4.05546E+04    2.03633E-17    0.00000E+00    0.00000E+00    0.00000E+00    0.00000E+00
    4.24757E+04    8.50101E-17    0.00000E+00    0.00000E+00    0.00000E+00    0.00000E+00
    4.44878E+04    4.73695E-15    0.00000E+00    0.00000E+00    0.00000E+00    0.00000E+00
    4.65953E+04    5.69013E-15    0.00000E+00    0.00000E+00    0.00000E+00    0.00000E+00
    4.88025E+04    1.19790E-14    0.00000E+00    0.00000E+00    0.00000E+00    0.00000E+00
    5.11143E+04    3.84894E-14    0.00000E+00    0.00000E+00    0.00000E+00    0.00000E+00
    5.35357E+04    3.33889E-14    0.00000E+00    0.00000E+00    0.00000E+00    0.00000E+00
    5.60717E+04    9.18539E-14    0.00000E+00    0.00000E+00    0.00000E+00    0.00000E+00
    5.87279E+04    2.16102E-13    0.00000E+00    0.00000E+00    0.00000E+00    0.00000E+00
    6.15099E+04    8.96635E-14    0.00000E+00    0.00000E+00    0.00000E+00    0.00000E+00
    6.44236E+04    2.28260E-13    0.00000E+00    0.00000E+00    0.00000E+00    0.00000E+00
    6.74754E+04    2.80201E-13    0.00000E+00    0.00000E+00    0.00000E+00    0.00000E+00
    7.06718E+04    4.38298E-13    0.00000E+00    0.00000E+00    0.00000E+00    0.00000E+00
    7.40196E+04    1.39052E-13    0.00000E+00    0.00000E+00    0.00000E+00    0.00000E+00
    7.75260E+04    3.34257E-17    0.00000E+00    0.00000E+00    0.00000E+00    0.00000E+00
    8.11984E+04    8.16630E-23    0.00000E+00    0.00000E+00    0.00000E+00    0.00000E+00
    8.50449E+04    2.00474E-35    0.00000E+00    0.00000E+00    0.00000E+00    0.00000E+00
    8.90735E+04    3.67777E-45    0.00000E+00    0.00000E+00    0.00000E+00    0.00000E+00
    9.32930E+04    0.00000E+00    0.00000E+00    0.00000E+00    0.00000E+00    0.00000E+00
    9.77124E+04    0.00000E+00    0.00000E+00    0.00000E+00    0.00000E+00    0.00000E+00
    1.02341E+05    0.00000E+00    0.00000E+00    0.00000E+00    0.00000E+00    0.00000E+00
    1.07189E+05    6.97767E-33    0.00000E+00    0.00000E+00    0.00000E+00    0.00000E+00
    1.12267E+05    1.24242E-32    0.00000E+00    0.00000E+00    0.00000E+00    0.00000E+00
    1.17585E+05    2.22324E-25    0.00000E+00    0.00000E+00    0.00000E+00    0.00000E+00
    1.23155E+05    1.38943E-22    0.00000E+00    0.00000E+00    0.00000E+00    0.00000E+00
    1.28989E+05    1.20405E-18    0.00000E+00    0.00000E+00    0.00000E+00    0.00000E+00
    1.35099E+05    4.92916E-17    0.00000E+00    0.00000E+00    0.00000E+00    0.00000E+00
    1.41499E+05    3.57689E-16    0.00000E+00    0.00000E+00    0.00000E+00    0.00000E+00
    1.48202E+05    3.07021E-16    0.00000E+00    0.00000E+00    0.00000E+00    0.00000E+00
    1.55222E+05    6.05937E-17    0.00000E+00    0.00000E+00    0.00000E+00    0.00000E+00
    1.62576E+05    9.01543E-18    0.00000E+00    0.00000E+00    0.00000E+00    0.00000E+00
    1.70277E+05    3.39963E-17    0.00000E+00    0.00000E+00    0.00000E+00    0.00000E+00
    1.78343E+05    6.91940E-19    0.00000E+00    0.00000E+00    0.00000E+00    0.00000E+00
    1.86791E+05    1.45690E-18    0.00000E+00    0.00000E+00    0.00000E+00    0.00000E+00
    1.95640E+05    3.50599E-18    0.00000E+00    0.00000E+00    0.00000E+00    0.00000E+00
    2.04907E+05    2.02107E-17    0.00000E+00    0.00000E+00    0.00000E+00    0.00000E+00
    2.14614E+05    1.22457E-16    0.00000E+00    0.00000E+00    0.00000E+00    0.00000E+00
    2.24781E+05    1.08541E-14    0.00000E+00    0.00000E+00    0.00000E+00    0.00000E+00
    2.35429E+05    1.16123E-13    0.00000E+00    0.00000E+00    0.00000E+00    0.00000E+00
    2.46581E+05    1.13887E-13    0.00000E+00    0.00000E+00    0.00000E+00    0.00000E+00
    2.58262E+05    4.68093E-12    0.00000E+00    0.00000E+00    0.00000E+00    0.00000E+00
    2.70496E+05    2.27849E-12    0.00000E+00    0.00000E+00    0.00000E+00    0.00000E+00
    2.83310E+05    7.39387E-12    0.00000E+00    0.00000E+00    0.00000E+00    0.00000E+00
    2.96730E+05    3.21045E-11    0.00000E+00    0.00000E+00    0.00000E+00    0.00000E+00
    3.10787E+05    6.52851E-11    0.00000E+00    0.00000E+00    0.00000E+00    0.00000E+00
    3.25509E+05    9.08878E-11    0.00000E+00    0.00000E+00    0.00000E+00    0.00000E+00
    3.40929E+05    1.37213E-10    0.00000E+00    0.00000E+00    0.00000E+00    0.00000E+00
    3.57078E+05    3.22772E-10    0.00000E+00    0.00000E+00    0.00000E+00    0.00000E+00
    3.73994E+05    4.47907E-10    0.00000E+00    0.00000E+00    0.00000E+00    0.00000E+00
    3.91710E+05    6.70796E-10    0.00000E+00    0.00000E+00    0.00000E+00    0.00000E+00
    4.10266E+05    1.07953E-09    0.00000E+00    0.00000E+00    0.00000E+00    0.00000E+00
    4.29700E+05    1.78651E-09    0.00000E+00    0.00000E+00    0.00000E+00    0.00000E+00
    4.50056E+05    2.15668E-09    0.00000E+00    0.00000E+00    0.00000E+00    0.00000E+00
    4.71375E+05    3.15336E-09    0.00000E+00    0.00000E+00    0.00000E+00    0.00000E+00
    4.93705E+05    4.45732E-09    0.00000E+00    0.00000E+00    0.00000E+00    0.00000E+00
    5.17092E+05    6.14247E-09    0.00000E+00    0.00000E+00    0.00000E+00    0.00000E+00
    5.41587E+05    7.46035E-09    0.00000E+00    0.00000E+00    0.00000E+00    0.00000E+00
    5.67243E+05    9.07502E-09    0.00000E+00    0.00000E+00    0.00000E+00    0.00000E+00
    5.94113E+05    1.09567E-08    0.00000E+00    0.00000E+00    0.00000E+00    0.00000E+00
    6.22257E+05    1.23745E-08    0.00000E+00    0.00000E+00    0.00000E+00    0.00000E+00
    6.51734E+05    1.41370E-08    0.00000E+00    0.00000E+00    0.00000E+00    0.00000E+00
    6.82607E+05    1.57250E-08    0.00000E+00    0.00000E+00    0.00000E+00    0.00000E+00
    7.14943E+05    1.73837E-08    0.00000E+00    0.00000E+00    0.00000E+00    0.00000E+00
    7.48810E+05    1.81930E-08    0.00000E+00    0.00000E+00    0.00000E+00    0.00000E+00
    7.84282E+05    1.89277E-08    0.00000E+00    0.00000E+00    0.00000E+00    0.00000E+00
    8.21434E+05    1.88642E-08    0.00000E+00    0.00000E+00    0.00000E+00    0.00000E+00
    8.60346E+05    1.98757E-08    0.00000E+00    0.00000E+00    0.00000E+00    0.00000E+00
    9.01102E+05    2.01989E-08    0.00000E+00    0.00000E+00    0.00000E+00    0.00000E+00
    9.43788E+05    2.00457E-08    0.00000E+00    0.00000E+00    0.00000E+00    0.00000E+00
    9.88496E+05    1.97096E-08    0.00000E+00    0.00000E+00    0.00000E+00    0.00000E+00
    1.03532E+06    1.91756E-08    0.00000E+00    0.00000E+00    0.00000E+00    0.00000E+00
    1.08437E+06    1.82170E-08    0.00000E+00    0.00000E+00    0.00000E+00    0.00000E+00
    1.13573E+06    1.75811E-08    0.00000E+00    0.00000E+00    0.00000E+00    0.00000E+00
    1.18953E+06    1.67736E-08    0.00000E+00    0.00000E+00    0.00000E+00    0.00000E+00
    1.24588E+06    1.57222E-08    0.00000E+00    0.00000E+00    0.00000E+00    0.00000E+00
    1.30490E+06    1.45830E-08    0.00000E+00    0.00000E+00    0.00000E+00    0.00000E+00
    1.36672E+06    1.36262E-08    0.00000E+00    0.00000E+00    0.00000E+00    0.00000E+00
    1.43146E+06    1.25283E-08    0.00000E+00    0.00000E+00    0.00000E+00    0.00000E+00
    1.49927E+06    1.13364E-08    0.00000E+00    0.00000E+00    0.00000E+00    0.00000E+00
    1.57029E+06    1.03318E-08    0.00000E+00    0.00000E+00    0.00000E+00    0.00000E+00
    1.64468E+06    9.20833E-09    0.00000E+00    0.00000E+00    0.00000E+00    0.00000E+00
    1.72259E+06    8.30066E-09    0.00000E+00    0.00000E+00    0.00000E+00    0.00000E+00
    1.80419E+06    7.39931E-09    0.00000E+00    0.00000E+00    0.00000E+00    0.00000E+00
    1.88965E+06    6.53769E-09    0.00000E+00    0.00000E+00    0.00000E+00    0.00000E+00
    1.97917E+06    5.72616E-09    0.00000E+00    0.00000E+00    0.00000E+00    0.00000E+00
    2.07292E+06    5.03290E-09    0.00000E+00    0.00000E+00    0.00000E+00    0.00000E+00
    2.17112E+06    4.36308E-09    0.00000E+00    0.00000E+00    0.00000E+00    0.00000E+00
    2.27397E+06    3.80548E-09    0.00000E+00    0.00000E+00    0.00000E+00    0.00000E+00
    2.38169E+06    3.27200E-09    0.00000E+00    0.00000E+00    0.00000E+00    0.00000E+00
    2.49451E+06    2.80581E-09    0.00000E+00    0.00000E+00    0.00000E+00    0.00000E+00
    2.61268E+06    2.40616E-09    0.00000E+00    0.00000E+00    0.00000E+00    0.00000E+00
    2.73644E+06    2.04316E-09    0.00000E+00    0.00000E+00    0.00000E+00    0.00000E+00
    2.86607E+06    1.73642E-09    0.00000E+00    0.00000E+00    0.00000E+00    0.00000E+00
    3.00184E+06    1.46628E-09    0.00000E+00    0.00000E+00    0.00000E+00    0.00000E+00
    3.14404E+06    1.23727E-09    0.00000E+00    0.00000E+00    0.00000E+00    0.00000E+00
    3.29297E+06    1.03847E-09    0.00000E+00    0.00000E+00    0.00000E+00    0.00000E+00
    3.44896E+06    8.71059E-10    0.00000E+00    0.00000E+00    0.00000E+00    0.00000E+00
    3.61234E+06    7.31304E-10    0.00000E+00    0.00000E+00    0.00000E+00    0.00000E+00
    3.78346E+06    6.06301E-10    0.00000E+00    0.00000E+00    0.00000E+00    0.00000E+00
    3.96269E+06    5.04202E-10    0.00000E+00    0.00000E+00    0.00000E+00    0.00000E+00
    4.15040E+06    4.17604E-10    0.00000E+00    0.00000E+00    0.00000E+00    0.00000E+00
    4.34701E+06    3.47229E-10    0.00000E+00    0.00000E+00    0.00000E+00    0.00000E+00
    4.55293E+06    2.86509E-10    0.00000E+00    0.00000E+00    0.00000E+00    0.00000E+00
    4.76861E+06    2.35095E-10    0.00000E+00    0.00000E+00    0.00000E+00    0.00000E+00
    4.99451E+06    1.92070E-10    0.00000E+00    0.00000E+00    0.00000E+00    0.00000E+00
    5.23110E+06    1.57503E-10    0.00000E+00    0.00000E+00    0.00000E+00    0.00000E+00
    5.47890E+06    1.30115E-10    0.00000E+00    0.00000E+00    0.00000E+00    0.00000E+00
    5.73844E+06    1.05985E-10    0.00000E+00    0.00000E+00    0.00000E+00    0.00000E+00
    6.01028E+06    8.70407E-11    0.00000E+00    0.00000E+00    0.00000E+00    0.00000E+00
    6.29499E+06    7.06747E-11    0.00000E+00    0.00000E+00    0.00000E+00    0.00000E+00
    6.59319E+06    5.72753E-11    0.00000E+00    0.00000E+00    0.00000E+00    0.00000E+00
    6.90551E+06    4.65363E-11    0.00000E+00    0.00000E+00    0.00000E+00    0.00000E+00
    7.23264E+06    3.78201E-11    0.00000E+00    0.00000E+00    0.00000E+00    0.00000E+00
    7.57525E+06    3.06447E-11    0.00000E+00    0.00000E+00    0.00000E+00    0.00000E+00
    7.93410E+06    2.50340E-11    0.00000E+00    0.00000E+00    0.00000E+00    0.00000E+00
    8.30994E+06    2.01776E-11    0.00000E+00    0.00000E+00    0.00000E+00    0.00000E+00
    8.70359E+06    1.63002E-11    0.00000E+00    0.00000E+00    0.00000E+00    0.00000E+00
    9.11589E+06    1.31377E-11    0.00000E+00    0.00000E+00    0.00000E+00    0.00000E+00
    9.54771E+06    1.05441E-11    0.00000E+00    0.00000E+00    0.00000E+00    0.00000E+00
    1.00000E+07    8.58481E-12    0.00000E+00    0.00000E+00    0.00000E+00    0.00000E+00
