 # Columns are: Lambda (Angstroms) and Flux (Flux * lambda) (ergs/s/cm^2)
    1.00000E+03    0.00000E+00    0.00000E+00    0.00000E+00    0.00000E+00    0.00000E+00
    1.04737E+03    0.00000E+00    0.00000E+00    0.00000E+00    0.00000E+00    0.00000E+00
    1.09699E+03    0.00000E+00    0.00000E+00    0.00000E+00    0.00000E+00    0.00000E+00
    1.14895E+03    0.00000E+00    0.00000E+00    0.00000E+00    0.00000E+00    0.00000E+00
    1.20338E+03    0.00000E+00    0.00000E+00    0.00000E+00    0.00000E+00    0.00000E+00
    1.26038E+03    0.00000E+00    0.00000E+00    0.00000E+00    0.00000E+00    0.00000E+00
    1.32009E+03    0.00000E+00    0.00000E+00    0.00000E+00    0.00000E+00    0.00000E+00
    1.38262E+03    0.00000E+00    0.00000E+00    0.00000E+00    0.00000E+00    0.00000E+00
    1.44812E+03    0.00000E+00    0.00000E+00    0.00000E+00    0.00000E+00    0.00000E+00
    1.51672E+03    0.00000E+00    0.00000E+00    0.00000E+00    0.00000E+00    0.00000E+00
    1.58857E+03    0.00000E+00    0.00000E+00    0.00000E+00    0.00000E+00    0.00000E+00
    1.66382E+03    0.00000E+00    0.00000E+00    0.00000E+00    0.00000E+00    0.00000E+00
    1.74263E+03    0.00000E+00    0.00000E+00    0.00000E+00    0.00000E+00    0.00000E+00
    1.82518E+03    0.00000E+00    0.00000E+00    0.00000E+00    0.00000E+00    0.00000E+00
    1.91164E+03    0.00000E+00    0.00000E+00    0.00000E+00    0.00000E+00    0.00000E+00
    2.00220E+03    0.00000E+00    0.00000E+00    0.00000E+00    0.00000E+00    0.00000E+00
    2.09705E+03    0.00000E+00    0.00000E+00    0.00000E+00    0.00000E+00    0.00000E+00
    2.19639E+03    0.00000E+00    0.00000E+00    0.00000E+00    0.00000E+00    0.00000E+00
    2.30043E+03    0.00000E+00    0.00000E+00    0.00000E+00    0.00000E+00    0.00000E+00
    2.40940E+03    0.00000E+00    0.00000E+00    0.00000E+00    0.00000E+00    0.00000E+00
    2.52354E+03    0.00000E+00    0.00000E+00    0.00000E+00    0.00000E+00    0.00000E+00
    2.64308E+03    0.00000E+00    0.00000E+00    0.00000E+00    0.00000E+00    0.00000E+00
    2.76829E+03    0.00000E+00    0.00000E+00    0.00000E+00    0.00000E+00    0.00000E+00
    2.89942E+03    0.00000E+00    0.00000E+00    0.00000E+00    0.00000E+00    0.00000E+00
    3.03677E+03    0.00000E+00    0.00000E+00    0.00000E+00    0.00000E+00    0.00000E+00
    3.18063E+03    0.00000E+00    0.00000E+00    0.00000E+00    0.00000E+00    0.00000E+00
    3.33129E+03    0.00000E+00    0.00000E+00    0.00000E+00    0.00000E+00    0.00000E+00
    3.48910E+03    0.00000E+00    0.00000E+00    0.00000E+00    0.00000E+00    0.00000E+00
    3.65438E+03    0.00000E+00    0.00000E+00    0.00000E+00    0.00000E+00    0.00000E+00
    3.82749E+03    0.00000E+00    0.00000E+00    0.00000E+00    0.00000E+00    0.00000E+00
    4.00881E+03    0.00000E+00    0.00000E+00    0.00000E+00    0.00000E+00    0.00000E+00
    4.19871E+03    0.00000E+00    0.00000E+00    0.00000E+00    0.00000E+00    0.00000E+00
    4.39760E+03    0.00000E+00    0.00000E+00    0.00000E+00    0.00000E+00    0.00000E+00
    4.60592E+03    0.00000E+00    0.00000E+00    0.00000E+00    0.00000E+00    0.00000E+00
    4.82411E+03    0.00000E+00    0.00000E+00    0.00000E+00    0.00000E+00    0.00000E+00
    5.05263E+03    0.00000E+00    0.00000E+00    0.00000E+00    0.00000E+00    0.00000E+00
    5.29198E+03    0.00000E+00    0.00000E+00    0.00000E+00    0.00000E+00    0.00000E+00
    5.54266E+03    0.00000E+00    0.00000E+00    0.00000E+00    0.00000E+00    0.00000E+00
    5.80523E+03    0.00000E+00    0.00000E+00    0.00000E+00    0.00000E+00    0.00000E+00
    6.08022E+03    0.00000E+00    0.00000E+00    0.00000E+00    0.00000E+00    0.00000E+00
    6.36825E+03    0.00000E+00    0.00000E+00    0.00000E+00    0.00000E+00    0.00000E+00
    6.66992E+03    0.00000E+00    0.00000E+00    0.00000E+00    0.00000E+00    0.00000E+00
    6.98588E+03    0.00000E+00    0.00000E+00    0.00000E+00    0.00000E+00    0.00000E+00
    7.31681E+03    0.00000E+00    0.00000E+00    0.00000E+00    0.00000E+00    0.00000E+00
    7.66341E+03    0.00000E+00    0.00000E+00    0.00000E+00    0.00000E+00    0.00000E+00
    8.02643E+03    0.00000E+00    0.00000E+00    0.00000E+00    0.00000E+00    0.00000E+00
    8.40665E+03    0.00000E+00    0.00000E+00    0.00000E+00    0.00000E+00    0.00000E+00
    8.80488E+03    0.00000E+00    0.00000E+00    0.00000E+00    0.00000E+00    0.00000E+00
    9.22198E+03    0.00000E+00    0.00000E+00    0.00000E+00    0.00000E+00    0.00000E+00
    9.65883E+03    0.00000E+00    0.00000E+00    0.00000E+00    0.00000E+00    0.00000E+00
    1.01164E+04    0.00000E+00    0.00000E+00    0.00000E+00    0.00000E+00    0.00000E+00
    1.05956E+04    0.00000E+00    0.00000E+00    0.00000E+00    0.00000E+00    0.00000E+00
    1.10975E+04    0.00000E+00    0.00000E+00    0.00000E+00    0.00000E+00    0.00000E+00
    1.16232E+04    0.00000E+00    0.00000E+00    0.00000E+00    0.00000E+00    0.00000E+00
    1.21738E+04    0.00000E+00    0.00000E+00    0.00000E+00    0.00000E+00    0.00000E+00
    1.27505E+04    0.00000E+00    0.00000E+00    0.00000E+00    0.00000E+00    0.00000E+00
    1.33545E+04    7.66574E-46    0.00000E+00    0.00000E+00    0.00000E+00    0.00000E+00
    1.39871E+04    2.42693E-43    0.00000E+00    0.00000E+00    0.00000E+00    0.00000E+00
    1.46497E+04    1.13645E-33    0.00000E+00    0.00000E+00    0.00000E+00    0.00000E+00
    1.53437E+04    2.27091E-30    0.00000E+00    0.00000E+00    0.00000E+00    0.00000E+00
    1.60705E+04    3.47611E-32    0.00000E+00    0.00000E+00    0.00000E+00    0.00000E+00
    1.68318E+04    1.84456E-24    0.00000E+00    0.00000E+00    0.00000E+00    0.00000E+00
    1.76291E+04    5.80053E-26    0.00000E+00    0.00000E+00    0.00000E+00    0.00000E+00
    1.84642E+04    2.38910E-21    0.00000E+00    0.00000E+00    0.00000E+00    0.00000E+00
    1.93389E+04    2.72415E-19    0.00000E+00    0.00000E+00    0.00000E+00    0.00000E+00
    2.02550E+04    3.07190E-17    0.00000E+00    0.00000E+00    0.00000E+00    0.00000E+00
    2.12145E+04    2.28109E-15    0.00000E+00    0.00000E+00    0.00000E+00    0.00000E+00
    2.22195E+04    5.49654E-15    0.00000E+00    0.00000E+00    0.00000E+00    0.00000E+00
    2.32720E+04    8.99358E-16    0.00000E+00    0.00000E+00    0.00000E+00    0.00000E+00
    2.43744E+04    4.67437E-14    0.00000E+00    0.00000E+00    0.00000E+00    0.00000E+00
    2.55291E+04    6.62723E-14    0.00000E+00    0.00000E+00    0.00000E+00    0.00000E+00
    2.67384E+04    4.02002E-13    0.00000E+00    0.00000E+00    0.00000E+00    0.00000E+00
    2.80050E+04    4.12951E-13    0.00000E+00    0.00000E+00    0.00000E+00    0.00000E+00
    2.93317E+04    3.47596E-12    0.00000E+00    0.00000E+00    0.00000E+00    0.00000E+00
    3.07211E+04    1.75941E-11    0.00000E+00    0.00000E+00    0.00000E+00    0.00000E+00
    3.21764E+04    1.95712E-11    0.00000E+00    0.00000E+00    0.00000E+00    0.00000E+00
    3.37006E+04    1.23209E-10    0.00000E+00    0.00000E+00    0.00000E+00    0.00000E+00
    3.52971E+04    1.91606E-10    0.00000E+00    0.00000E+00    0.00000E+00    0.00000E+00
    3.69691E+04    2.39702E-10    0.00000E+00    0.00000E+00    0.00000E+00    0.00000E+00
    3.87204E+04    3.07428E-10    0.00000E+00    0.00000E+00    0.00000E+00    0.00000E+00
    4.05546E+04    6.58402E-10    0.00000E+00    0.00000E+00    0.00000E+00    0.00000E+00
    4.24757E+04    1.27137E-09    0.00000E+00    0.00000E+00    0.00000E+00    0.00000E+00
    4.44878E+04    1.80546E-09    0.00000E+00    0.00000E+00    0.00000E+00    0.00000E+00
    4.65953E+04    2.93038E-09    0.00000E+00    0.00000E+00    0.00000E+00    0.00000E+00
    4.88025E+04    3.47327E-09    0.00000E+00    0.00000E+00    0.00000E+00    0.00000E+00
    5.11143E+04    3.74583E-09    0.00000E+00    0.00000E+00    0.00000E+00    0.00000E+00
    5.35357E+04    6.63677E-09    0.00000E+00    0.00000E+00    0.00000E+00    0.00000E+00
    5.60717E+04    7.18287E-09    0.00000E+00    0.00000E+00    0.00000E+00    0.00000E+00
    5.87279E+04    1.10495E-08    0.00000E+00    0.00000E+00    0.00000E+00    0.00000E+00
    6.15099E+04    8.72235E-09    0.00000E+00    0.00000E+00    0.00000E+00    0.00000E+00
    6.44236E+04    1.19158E-08    0.00000E+00    0.00000E+00    0.00000E+00    0.00000E+00
    6.74754E+04    1.46641E-08    0.00000E+00    0.00000E+00    0.00000E+00    0.00000E+00
    7.06718E+04    1.68797E-08    0.00000E+00    0.00000E+00    0.00000E+00    0.00000E+00
    7.40196E+04    1.25575E-08    0.00000E+00    0.00000E+00    0.00000E+00    0.00000E+00
    7.75260E+04    2.33198E-09    0.00000E+00    0.00000E+00    0.00000E+00    0.00000E+00
    8.11984E+04    5.98273E-12    0.00000E+00    0.00000E+00    0.00000E+00    0.00000E+00
    8.50449E+04    7.37580E-15    0.00000E+00    0.00000E+00    0.00000E+00    0.00000E+00
    8.90735E+04    3.29421E-16    0.00000E+00    0.00000E+00    0.00000E+00    0.00000E+00
    9.32930E+04    8.63117E-19    0.00000E+00    0.00000E+00    0.00000E+00    0.00000E+00
    9.77124E+04    3.87556E-15    0.00000E+00    0.00000E+00    0.00000E+00    0.00000E+00
    1.02341E+05    1.71442E-14    0.00000E+00    0.00000E+00    0.00000E+00    0.00000E+00
    1.07189E+05    3.62171E-14    0.00000E+00    0.00000E+00    0.00000E+00    0.00000E+00
    1.12267E+05    1.12002E-13    0.00000E+00    0.00000E+00    0.00000E+00    0.00000E+00
    1.17585E+05    7.23962E-11    0.00000E+00    0.00000E+00    0.00000E+00    0.00000E+00
    1.23155E+05    1.96922E-11    0.00000E+00    0.00000E+00    0.00000E+00    0.00000E+00
    1.28989E+05    7.93683E-10    0.00000E+00    0.00000E+00    0.00000E+00    0.00000E+00
    1.35099E+05    2.95811E-09    0.00000E+00    0.00000E+00    0.00000E+00    0.00000E+00
    1.41499E+05    4.10363E-09    0.00000E+00    0.00000E+00    0.00000E+00    0.00000E+00
    1.48202E+05    5.53306E-09    0.00000E+00    0.00000E+00    0.00000E+00    0.00000E+00
    1.55222E+05    3.04359E-09    0.00000E+00    0.00000E+00    0.00000E+00    0.00000E+00
    1.62576E+05    3.34061E-09    0.00000E+00    0.00000E+00    0.00000E+00    0.00000E+00
    1.70277E+05    2.54446E-09    0.00000E+00    0.00000E+00    0.00000E+00    0.00000E+00
    1.78343E+05    6.62243E-10    0.00000E+00    0.00000E+00    0.00000E+00    0.00000E+00
    1.86791E+05    4.18211E-09    0.00000E+00    0.00000E+00    0.00000E+00    0.00000E+00
    1.95640E+05    1.28762E-08    0.00000E+00    0.00000E+00    0.00000E+00    0.00000E+00
    2.04907E+05    8.05941E-09    0.00000E+00    0.00000E+00    0.00000E+00    0.00000E+00
    2.14614E+05    2.03058E-08    0.00000E+00    0.00000E+00    0.00000E+00    0.00000E+00
    2.24781E+05    3.71878E-08    0.00000E+00    0.00000E+00    0.00000E+00    0.00000E+00
    2.35429E+05    5.48479E-08    0.00000E+00    0.00000E+00    0.00000E+00    0.00000E+00
    2.46581E+05    6.50641E-08    0.00000E+00    0.00000E+00    0.00000E+00    0.00000E+00
    2.58262E+05    1.02212E-07    0.00000E+00    0.00000E+00    0.00000E+00    0.00000E+00
    2.70496E+05    1.82748E-07    0.00000E+00    0.00000E+00    0.00000E+00    0.00000E+00
    2.83310E+05    1.94296E-07    0.00000E+00    0.00000E+00    0.00000E+00    0.00000E+00
    2.96730E+05    2.26443E-07    0.00000E+00    0.00000E+00    0.00000E+00    0.00000E+00
    3.10787E+05    3.00145E-07    0.00000E+00    0.00000E+00    0.00000E+00    0.00000E+00
    3.25509E+05    4.34510E-07    0.00000E+00    0.00000E+00    0.00000E+00    0.00000E+00
    3.40929E+05    4.92420E-07    0.00000E+00    0.00000E+00    0.00000E+00    0.00000E+00
    3.57078E+05    5.45663E-07    0.00000E+00    0.00000E+00    0.00000E+00    0.00000E+00
    3.73994E+05    5.72197E-07    0.00000E+00    0.00000E+00    0.00000E+00    0.00000E+00
    3.91710E+05    6.48870E-07    0.00000E+00    0.00000E+00    0.00000E+00    0.00000E+00
    4.10266E+05    7.31132E-07    0.00000E+00    0.00000E+00    0.00000E+00    0.00000E+00
    4.29700E+05    7.57206E-07    0.00000E+00    0.00000E+00    0.00000E+00    0.00000E+00
    4.50056E+05    8.21357E-07    0.00000E+00    0.00000E+00    0.00000E+00    0.00000E+00
    4.71375E+05    8.95531E-07    0.00000E+00    0.00000E+00    0.00000E+00    0.00000E+00
    4.93705E+05    9.21130E-07    0.00000E+00    0.00000E+00    0.00000E+00    0.00000E+00
    5.17092E+05    9.62730E-07    0.00000E+00    0.00000E+00    0.00000E+00    0.00000E+00
    5.41587E+05    9.26134E-07    0.00000E+00    0.00000E+00    0.00000E+00    0.00000E+00
    5.67243E+05    9.08229E-07    0.00000E+00    0.00000E+00    0.00000E+00    0.00000E+00
    5.94113E+05    9.13652E-07    0.00000E+00    0.00000E+00    0.00000E+00    0.00000E+00
    6.22257E+05    8.95403E-07    0.00000E+00    0.00000E+00    0.00000E+00    0.00000E+00
    6.51734E+05    8.40098E-07    0.00000E+00    0.00000E+00    0.00000E+00    0.00000E+00
    6.82607E+05    7.89050E-07    0.00000E+00    0.00000E+00    0.00000E+00    0.00000E+00
    7.14943E+05    7.46688E-07    0.00000E+00    0.00000E+00    0.00000E+00    0.00000E+00
    7.48810E+05    6.96325E-07    0.00000E+00    0.00000E+00    0.00000E+00    0.00000E+00
    7.84282E+05    6.36988E-07    0.00000E+00    0.00000E+00    0.00000E+00    0.00000E+00
    8.21434E+05    5.77812E-07    0.00000E+00    0.00000E+00    0.00000E+00    0.00000E+00
    8.60346E+05    5.32317E-07    0.00000E+00    0.00000E+00    0.00000E+00    0.00000E+00
    9.01102E+05    4.77891E-07    0.00000E+00    0.00000E+00    0.00000E+00    0.00000E+00
    9.43788E+05    4.22834E-07    0.00000E+00    0.00000E+00    0.00000E+00    0.00000E+00
    9.88496E+05    3.82533E-07    0.00000E+00    0.00000E+00    0.00000E+00    0.00000E+00
    1.03532E+06    3.44563E-07    0.00000E+00    0.00000E+00    0.00000E+00    0.00000E+00
    1.08437E+06    2.96390E-07    0.00000E+00    0.00000E+00    0.00000E+00    0.00000E+00
    1.13573E+06    2.56626E-07    0.00000E+00    0.00000E+00    0.00000E+00    0.00000E+00
    1.18953E+06    2.24465E-07    0.00000E+00    0.00000E+00    0.00000E+00    0.00000E+00
    1.24588E+06    1.95064E-07    0.00000E+00    0.00000E+00    0.00000E+00    0.00000E+00
    1.30490E+06    1.67756E-07    0.00000E+00    0.00000E+00    0.00000E+00    0.00000E+00
    1.36672E+06    1.44645E-07    0.00000E+00    0.00000E+00    0.00000E+00    0.00000E+00
    1.43146E+06    1.23188E-07    0.00000E+00    0.00000E+00    0.00000E+00    0.00000E+00
    1.49927E+06    1.04392E-07    0.00000E+00    0.00000E+00    0.00000E+00    0.00000E+00
    1.57029E+06    8.88055E-08    0.00000E+00    0.00000E+00    0.00000E+00    0.00000E+00
    1.64468E+06    7.56229E-08    0.00000E+00    0.00000E+00    0.00000E+00    0.00000E+00
    1.72259E+06    6.40959E-08    0.00000E+00    0.00000E+00    0.00000E+00    0.00000E+00
    1.80419E+06    5.37186E-08    0.00000E+00    0.00000E+00    0.00000E+00    0.00000E+00
    1.88965E+06    4.56945E-08    0.00000E+00    0.00000E+00    0.00000E+00    0.00000E+00
    1.97917E+06    3.80674E-08    0.00000E+00    0.00000E+00    0.00000E+00    0.00000E+00
    2.07292E+06    3.18785E-08    0.00000E+00    0.00000E+00    0.00000E+00    0.00000E+00
    2.17112E+06    2.63348E-08    0.00000E+00    0.00000E+00    0.00000E+00    0.00000E+00
    2.27397E+06    2.21290E-08    0.00000E+00    0.00000E+00    0.00000E+00    0.00000E+00
    2.38169E+06    1.83354E-08    0.00000E+00    0.00000E+00    0.00000E+00    0.00000E+00
    2.49451E+06    1.52578E-08    0.00000E+00    0.00000E+00    0.00000E+00    0.00000E+00
    2.61268E+06    1.26979E-08    0.00000E+00    0.00000E+00    0.00000E+00    0.00000E+00
    2.73644E+06    1.05049E-08    0.00000E+00    0.00000E+00    0.00000E+00    0.00000E+00
    2.86607E+06    8.64932E-09    0.00000E+00    0.00000E+00    0.00000E+00    0.00000E+00
    3.00184E+06    7.14624E-09    0.00000E+00    0.00000E+00    0.00000E+00    0.00000E+00
    3.14404E+06    5.87503E-09    0.00000E+00    0.00000E+00    0.00000E+00    0.00000E+00
    3.29297E+06    4.83477E-09    0.00000E+00    0.00000E+00    0.00000E+00    0.00000E+00
    3.44896E+06    3.96017E-09    0.00000E+00    0.00000E+00    0.00000E+00    0.00000E+00
    3.61234E+06    3.25055E-09    0.00000E+00    0.00000E+00    0.00000E+00    0.00000E+00
    3.78346E+06    2.65397E-09    0.00000E+00    0.00000E+00    0.00000E+00    0.00000E+00
    3.96269E+06    2.15388E-09    0.00000E+00    0.00000E+00    0.00000E+00    0.00000E+00
    4.15040E+06    1.76345E-09    0.00000E+00    0.00000E+00    0.00000E+00    0.00000E+00
    4.34701E+06    1.42616E-09    0.00000E+00    0.00000E+00    0.00000E+00    0.00000E+00
    4.55293E+06    1.16161E-09    0.00000E+00    0.00000E+00    0.00000E+00    0.00000E+00
    4.76861E+06    9.44708E-10    0.00000E+00    0.00000E+00    0.00000E+00    0.00000E+00
    4.99451E+06    7.64291E-10    0.00000E+00    0.00000E+00    0.00000E+00    0.00000E+00
    5.23110E+06    6.19173E-10    0.00000E+00    0.00000E+00    0.00000E+00    0.00000E+00
    5.47890E+06    4.97466E-10    0.00000E+00    0.00000E+00    0.00000E+00    0.00000E+00
    5.73844E+06    4.02636E-10    0.00000E+00    0.00000E+00    0.00000E+00    0.00000E+00
    6.01028E+06    3.23803E-10    0.00000E+00    0.00000E+00    0.00000E+00    0.00000E+00
    6.29499E+06    2.61045E-10    0.00000E+00    0.00000E+00    0.00000E+00    0.00000E+00
    6.59319E+06    2.09650E-10    0.00000E+00    0.00000E+00    0.00000E+00    0.00000E+00
    6.90551E+06    1.68714E-10    0.00000E+00    0.00000E+00    0.00000E+00    0.00000E+00
    7.23264E+06    1.35430E-10    0.00000E+00    0.00000E+00    0.00000E+00    0.00000E+00
    7.57525E+06    1.09118E-10    0.00000E+00    0.00000E+00    0.00000E+00    0.00000E+00
    7.93410E+06    8.71587E-11    0.00000E+00    0.00000E+00    0.00000E+00    0.00000E+00
    8.30994E+06    6.99812E-11    0.00000E+00    0.00000E+00    0.00000E+00    0.00000E+00
    8.70359E+06    5.60527E-11    0.00000E+00    0.00000E+00    0.00000E+00    0.00000E+00
    9.11589E+06    4.49591E-11    0.00000E+00    0.00000E+00    0.00000E+00    0.00000E+00
    9.54771E+06    3.58259E-11    0.00000E+00    0.00000E+00    0.00000E+00    0.00000E+00
    1.00000E+07    2.87036E-11    0.00000E+00    0.00000E+00    0.00000E+00    0.00000E+00
