 # Columns are: Lambda (Angstroms) and Flux (Flux * lambda) (ergs/s/cm^2)
    1.00000E+03    0.00000E+00    0.00000E+00    0.00000E+00    0.00000E+00    0.00000E+00
    1.04737E+03    0.00000E+00    0.00000E+00    0.00000E+00    0.00000E+00    0.00000E+00
    1.09699E+03    0.00000E+00    0.00000E+00    0.00000E+00    0.00000E+00    0.00000E+00
    1.14895E+03    0.00000E+00    0.00000E+00    0.00000E+00    0.00000E+00    0.00000E+00
    1.20338E+03    0.00000E+00    0.00000E+00    0.00000E+00    0.00000E+00    0.00000E+00
    1.26038E+03    0.00000E+00    0.00000E+00    0.00000E+00    0.00000E+00    0.00000E+00
    1.32009E+03    0.00000E+00    0.00000E+00    0.00000E+00    0.00000E+00    0.00000E+00
    1.38262E+03    0.00000E+00    0.00000E+00    0.00000E+00    0.00000E+00    0.00000E+00
    1.44812E+03    0.00000E+00    0.00000E+00    0.00000E+00    0.00000E+00    0.00000E+00
    1.51672E+03    0.00000E+00    0.00000E+00    0.00000E+00    0.00000E+00    0.00000E+00
    1.58857E+03    0.00000E+00    0.00000E+00    0.00000E+00    0.00000E+00    0.00000E+00
    1.66382E+03    0.00000E+00    0.00000E+00    0.00000E+00    0.00000E+00    0.00000E+00
    1.74263E+03    0.00000E+00    0.00000E+00    0.00000E+00    0.00000E+00    0.00000E+00
    1.82518E+03    0.00000E+00    0.00000E+00    0.00000E+00    0.00000E+00    0.00000E+00
    1.91164E+03    0.00000E+00    0.00000E+00    0.00000E+00    0.00000E+00    0.00000E+00
    2.00220E+03    0.00000E+00    0.00000E+00    0.00000E+00    0.00000E+00    0.00000E+00
    2.09705E+03    0.00000E+00    0.00000E+00    0.00000E+00    0.00000E+00    0.00000E+00
    2.19639E+03    0.00000E+00    0.00000E+00    0.00000E+00    0.00000E+00    0.00000E+00
    2.30043E+03    0.00000E+00    0.00000E+00    0.00000E+00    0.00000E+00    0.00000E+00
    2.40940E+03    0.00000E+00    0.00000E+00    0.00000E+00    0.00000E+00    0.00000E+00
    2.52354E+03    0.00000E+00    0.00000E+00    0.00000E+00    0.00000E+00    0.00000E+00
    2.64308E+03    0.00000E+00    0.00000E+00    0.00000E+00    0.00000E+00    0.00000E+00
    2.76829E+03    0.00000E+00    0.00000E+00    0.00000E+00    0.00000E+00    0.00000E+00
    2.89942E+03    0.00000E+00    0.00000E+00    0.00000E+00    0.00000E+00    0.00000E+00
    3.03677E+03    0.00000E+00    0.00000E+00    0.00000E+00    0.00000E+00    0.00000E+00
    3.18063E+03    0.00000E+00    0.00000E+00    0.00000E+00    0.00000E+00    0.00000E+00
    3.33129E+03    0.00000E+00    0.00000E+00    0.00000E+00    0.00000E+00    0.00000E+00
    3.48910E+03    0.00000E+00    0.00000E+00    0.00000E+00    0.00000E+00    0.00000E+00
    3.65438E+03    0.00000E+00    0.00000E+00    0.00000E+00    0.00000E+00    0.00000E+00
    3.82749E+03    0.00000E+00    0.00000E+00    0.00000E+00    0.00000E+00    0.00000E+00
    4.00881E+03    0.00000E+00    0.00000E+00    0.00000E+00    0.00000E+00    0.00000E+00
    4.19871E+03    0.00000E+00    0.00000E+00    0.00000E+00    0.00000E+00    0.00000E+00
    4.39760E+03    0.00000E+00    0.00000E+00    0.00000E+00    0.00000E+00    0.00000E+00
    4.60592E+03    0.00000E+00    0.00000E+00    0.00000E+00    0.00000E+00    0.00000E+00
    4.82411E+03    0.00000E+00    0.00000E+00    0.00000E+00    0.00000E+00    0.00000E+00
    5.05263E+03    0.00000E+00    0.00000E+00    0.00000E+00    0.00000E+00    0.00000E+00
    5.29198E+03    0.00000E+00    0.00000E+00    0.00000E+00    0.00000E+00    0.00000E+00
    5.54266E+03    0.00000E+00    0.00000E+00    0.00000E+00    0.00000E+00    0.00000E+00
    5.80523E+03    0.00000E+00    0.00000E+00    0.00000E+00    0.00000E+00    0.00000E+00
    6.08022E+03    0.00000E+00    0.00000E+00    0.00000E+00    0.00000E+00    0.00000E+00
    6.36825E+03    0.00000E+00    0.00000E+00    0.00000E+00    0.00000E+00    0.00000E+00
    6.66992E+03    0.00000E+00    0.00000E+00    0.00000E+00    0.00000E+00    0.00000E+00
    6.98588E+03    0.00000E+00    0.00000E+00    0.00000E+00    0.00000E+00    0.00000E+00
    7.31681E+03    0.00000E+00    0.00000E+00    0.00000E+00    0.00000E+00    0.00000E+00
    7.66341E+03    0.00000E+00    0.00000E+00    0.00000E+00    0.00000E+00    0.00000E+00
    8.02643E+03    0.00000E+00    0.00000E+00    0.00000E+00    0.00000E+00    0.00000E+00
    8.40665E+03    0.00000E+00    0.00000E+00    0.00000E+00    0.00000E+00    0.00000E+00
    8.80488E+03    0.00000E+00    0.00000E+00    0.00000E+00    0.00000E+00    0.00000E+00
    9.22198E+03    0.00000E+00    0.00000E+00    0.00000E+00    0.00000E+00    0.00000E+00
    9.65883E+03    0.00000E+00    0.00000E+00    0.00000E+00    0.00000E+00    0.00000E+00
    1.01164E+04    0.00000E+00    0.00000E+00    0.00000E+00    0.00000E+00    0.00000E+00
    1.05956E+04    0.00000E+00    0.00000E+00    0.00000E+00    0.00000E+00    0.00000E+00
    1.10975E+04    0.00000E+00    0.00000E+00    0.00000E+00    0.00000E+00    0.00000E+00
    1.16232E+04    0.00000E+00    0.00000E+00    0.00000E+00    0.00000E+00    0.00000E+00
    1.21738E+04    0.00000E+00    0.00000E+00    0.00000E+00    0.00000E+00    0.00000E+00
    1.27505E+04    0.00000E+00    0.00000E+00    0.00000E+00    0.00000E+00    0.00000E+00
    1.33545E+04    0.00000E+00    0.00000E+00    0.00000E+00    0.00000E+00    0.00000E+00
    1.39871E+04    0.00000E+00    0.00000E+00    0.00000E+00    0.00000E+00    0.00000E+00
    1.46497E+04    0.00000E+00    0.00000E+00    0.00000E+00    0.00000E+00    0.00000E+00
    1.53437E+04    0.00000E+00    0.00000E+00    0.00000E+00    0.00000E+00    0.00000E+00
    1.60705E+04    0.00000E+00    0.00000E+00    0.00000E+00    0.00000E+00    0.00000E+00
    1.68318E+04    0.00000E+00    0.00000E+00    0.00000E+00    0.00000E+00    0.00000E+00
    1.76291E+04    0.00000E+00    0.00000E+00    0.00000E+00    0.00000E+00    0.00000E+00
    1.84642E+04    0.00000E+00    0.00000E+00    0.00000E+00    0.00000E+00    0.00000E+00
    1.93389E+04    0.00000E+00    0.00000E+00    0.00000E+00    0.00000E+00    0.00000E+00
    2.02550E+04    0.00000E+00    0.00000E+00    0.00000E+00    0.00000E+00    0.00000E+00
    2.12145E+04    0.00000E+00    0.00000E+00    0.00000E+00    0.00000E+00    0.00000E+00
    2.22195E+04    3.19477E-47    0.00000E+00    0.00000E+00    0.00000E+00    0.00000E+00
    2.32720E+04    1.31132E-41    0.00000E+00    0.00000E+00    0.00000E+00    0.00000E+00
    2.43744E+04    4.17854E-42    0.00000E+00    0.00000E+00    0.00000E+00    0.00000E+00
    2.55291E+04    3.02785E-38    0.00000E+00    0.00000E+00    0.00000E+00    0.00000E+00
    2.67384E+04    4.92248E-37    0.00000E+00    0.00000E+00    0.00000E+00    0.00000E+00
    2.80050E+04    9.73608E-35    0.00000E+00    0.00000E+00    0.00000E+00    0.00000E+00
    2.93317E+04    1.35890E-31    0.00000E+00    0.00000E+00    0.00000E+00    0.00000E+00
    3.07211E+04    9.50691E-30    0.00000E+00    0.00000E+00    0.00000E+00    0.00000E+00
    3.21764E+04    4.75141E-26    0.00000E+00    0.00000E+00    0.00000E+00    0.00000E+00
    3.37006E+04    5.05927E-27    0.00000E+00    0.00000E+00    0.00000E+00    0.00000E+00
    3.52971E+04    4.82376E-22    0.00000E+00    0.00000E+00    0.00000E+00    0.00000E+00
    3.69691E+04    1.13201E-23    0.00000E+00    0.00000E+00    0.00000E+00    0.00000E+00
    3.87204E+04    1.32325E-20    0.00000E+00    0.00000E+00    0.00000E+00    0.00000E+00
    4.05546E+04    8.50249E-21    0.00000E+00    0.00000E+00    0.00000E+00    0.00000E+00
    4.24757E+04    2.14991E-21    0.00000E+00    0.00000E+00    0.00000E+00    0.00000E+00
    4.44878E+04    2.67084E-19    0.00000E+00    0.00000E+00    0.00000E+00    0.00000E+00
    4.65953E+04    7.44844E-19    0.00000E+00    0.00000E+00    0.00000E+00    0.00000E+00
    4.88025E+04    1.01170E-17    0.00000E+00    0.00000E+00    0.00000E+00    0.00000E+00
    5.11143E+04    2.19656E-17    0.00000E+00    0.00000E+00    0.00000E+00    0.00000E+00
    5.35357E+04    2.25716E-17    0.00000E+00    0.00000E+00    0.00000E+00    0.00000E+00
    5.60717E+04    5.89641E-16    0.00000E+00    0.00000E+00    0.00000E+00    0.00000E+00
    5.87279E+04    9.05234E-16    0.00000E+00    0.00000E+00    0.00000E+00    0.00000E+00
    6.15099E+04    3.01233E-15    0.00000E+00    0.00000E+00    0.00000E+00    0.00000E+00
    6.44236E+04    1.72263E-16    0.00000E+00    0.00000E+00    0.00000E+00    0.00000E+00
    6.74754E+04    1.79931E-15    0.00000E+00    0.00000E+00    0.00000E+00    0.00000E+00
    7.06718E+04    1.67356E-15    0.00000E+00    0.00000E+00    0.00000E+00    0.00000E+00
    7.40196E+04    4.56264E-16    0.00000E+00    0.00000E+00    0.00000E+00    0.00000E+00
    7.75260E+04    4.03048E-18    0.00000E+00    0.00000E+00    0.00000E+00    0.00000E+00
    8.11984E+04    2.31379E-27    0.00000E+00    0.00000E+00    0.00000E+00    0.00000E+00
    8.50449E+04    3.14046E-45    0.00000E+00    0.00000E+00    0.00000E+00    0.00000E+00
    8.90735E+04    0.00000E+00    0.00000E+00    0.00000E+00    0.00000E+00    0.00000E+00
    9.32930E+04    0.00000E+00    0.00000E+00    0.00000E+00    0.00000E+00    0.00000E+00
    9.77124E+04    0.00000E+00    0.00000E+00    0.00000E+00    0.00000E+00    0.00000E+00
    1.02341E+05    0.00000E+00    0.00000E+00    0.00000E+00    0.00000E+00    0.00000E+00
    1.07189E+05    7.99430E-44    0.00000E+00    0.00000E+00    0.00000E+00    0.00000E+00
    1.12267E+05    3.77453E-40    0.00000E+00    0.00000E+00    0.00000E+00    0.00000E+00
    1.17585E+05    5.85151E-33    0.00000E+00    0.00000E+00    0.00000E+00    0.00000E+00
    1.23155E+05    1.59631E-25    0.00000E+00    0.00000E+00    0.00000E+00    0.00000E+00
    1.28989E+05    1.32289E-23    0.00000E+00    0.00000E+00    0.00000E+00    0.00000E+00
    1.35099E+05    2.02538E-19    0.00000E+00    0.00000E+00    0.00000E+00    0.00000E+00
    1.41499E+05    6.69485E-19    0.00000E+00    0.00000E+00    0.00000E+00    0.00000E+00
    1.48202E+05    6.36081E-19    0.00000E+00    0.00000E+00    0.00000E+00    0.00000E+00
    1.55222E+05    4.18226E-21    0.00000E+00    0.00000E+00    0.00000E+00    0.00000E+00
    1.62576E+05    4.11067E-22    0.00000E+00    0.00000E+00    0.00000E+00    0.00000E+00
    1.70277E+05    3.01027E-20    0.00000E+00    0.00000E+00    0.00000E+00    0.00000E+00
    1.78343E+05    1.80223E-23    0.00000E+00    0.00000E+00    0.00000E+00    0.00000E+00
    1.86791E+05    5.34847E-24    0.00000E+00    0.00000E+00    0.00000E+00    0.00000E+00
    1.95640E+05    1.21451E-20    0.00000E+00    0.00000E+00    0.00000E+00    0.00000E+00
    2.04907E+05    1.62396E-17    0.00000E+00    0.00000E+00    0.00000E+00    0.00000E+00
    2.14614E+05    2.08622E-17    0.00000E+00    0.00000E+00    0.00000E+00    0.00000E+00
    2.24781E+05    1.11502E-15    0.00000E+00    0.00000E+00    0.00000E+00    0.00000E+00
    2.35429E+05    1.96862E-15    0.00000E+00    0.00000E+00    0.00000E+00    0.00000E+00
    2.46581E+05    1.29030E-15    0.00000E+00    0.00000E+00    0.00000E+00    0.00000E+00
    2.58262E+05    3.15148E-14    0.00000E+00    0.00000E+00    0.00000E+00    0.00000E+00
    2.70496E+05    1.68004E-13    0.00000E+00    0.00000E+00    0.00000E+00    0.00000E+00
    2.83310E+05    9.22010E-13    0.00000E+00    0.00000E+00    0.00000E+00    0.00000E+00
    2.96730E+05    2.27403E-12    0.00000E+00    0.00000E+00    0.00000E+00    0.00000E+00
    3.10787E+05    9.67991E-12    0.00000E+00    0.00000E+00    0.00000E+00    0.00000E+00
    3.25509E+05    9.05018E-12    0.00000E+00    0.00000E+00    0.00000E+00    0.00000E+00
    3.40929E+05    3.09489E-11    0.00000E+00    0.00000E+00    0.00000E+00    0.00000E+00
    3.57078E+05    4.36805E-11    0.00000E+00    0.00000E+00    0.00000E+00    0.00000E+00
    3.73994E+05    6.77420E-11    0.00000E+00    0.00000E+00    0.00000E+00    0.00000E+00
    3.91710E+05    1.77294E-10    0.00000E+00    0.00000E+00    0.00000E+00    0.00000E+00
    4.10266E+05    2.84294E-10    0.00000E+00    0.00000E+00    0.00000E+00    0.00000E+00
    4.29700E+05    3.47658E-10    0.00000E+00    0.00000E+00    0.00000E+00    0.00000E+00
    4.50056E+05    6.22006E-10    0.00000E+00    0.00000E+00    0.00000E+00    0.00000E+00
    4.71375E+05    8.01656E-10    0.00000E+00    0.00000E+00    0.00000E+00    0.00000E+00
    4.93705E+05    1.56630E-09    0.00000E+00    0.00000E+00    0.00000E+00    0.00000E+00
    5.17092E+05    1.57779E-09    0.00000E+00    0.00000E+00    0.00000E+00    0.00000E+00
    5.41587E+05    2.48459E-09    0.00000E+00    0.00000E+00    0.00000E+00    0.00000E+00
    5.67243E+05    3.29224E-09    0.00000E+00    0.00000E+00    0.00000E+00    0.00000E+00
    5.94113E+05    3.72694E-09    0.00000E+00    0.00000E+00    0.00000E+00    0.00000E+00
    6.22257E+05    4.53540E-09    0.00000E+00    0.00000E+00    0.00000E+00    0.00000E+00
    6.51734E+05    5.85533E-09    0.00000E+00    0.00000E+00    0.00000E+00    0.00000E+00
    6.82607E+05    6.02424E-09    0.00000E+00    0.00000E+00    0.00000E+00    0.00000E+00
    7.14943E+05    7.95859E-09    0.00000E+00    0.00000E+00    0.00000E+00    0.00000E+00
    7.48810E+05    8.22305E-09    0.00000E+00    0.00000E+00    0.00000E+00    0.00000E+00
    7.84282E+05    8.73627E-09    0.00000E+00    0.00000E+00    0.00000E+00    0.00000E+00
    8.21434E+05    9.42107E-09    0.00000E+00    0.00000E+00    0.00000E+00    0.00000E+00
    8.60346E+05    1.00553E-08    0.00000E+00    0.00000E+00    0.00000E+00    0.00000E+00
    9.01102E+05    1.05613E-08    0.00000E+00    0.00000E+00    0.00000E+00    0.00000E+00
    9.43788E+05    1.10537E-08    0.00000E+00    0.00000E+00    0.00000E+00    0.00000E+00
    9.88496E+05    1.14597E-08    0.00000E+00    0.00000E+00    0.00000E+00    0.00000E+00
    1.03532E+06    1.12925E-08    0.00000E+00    0.00000E+00    0.00000E+00    0.00000E+00
    1.08437E+06    1.12061E-08    0.00000E+00    0.00000E+00    0.00000E+00    0.00000E+00
    1.13573E+06    1.10525E-08    0.00000E+00    0.00000E+00    0.00000E+00    0.00000E+00
    1.18953E+06    1.07325E-08    0.00000E+00    0.00000E+00    0.00000E+00    0.00000E+00
    1.24588E+06    1.02260E-08    0.00000E+00    0.00000E+00    0.00000E+00    0.00000E+00
    1.30490E+06    9.92112E-09    0.00000E+00    0.00000E+00    0.00000E+00    0.00000E+00
    1.36672E+06    9.34082E-09    0.00000E+00    0.00000E+00    0.00000E+00    0.00000E+00
    1.43146E+06    8.91105E-09    0.00000E+00    0.00000E+00    0.00000E+00    0.00000E+00
    1.49927E+06    8.26193E-09    0.00000E+00    0.00000E+00    0.00000E+00    0.00000E+00
    1.57029E+06    7.51698E-09    0.00000E+00    0.00000E+00    0.00000E+00    0.00000E+00
    1.64468E+06    6.87990E-09    0.00000E+00    0.00000E+00    0.00000E+00    0.00000E+00
    1.72259E+06    6.31861E-09    0.00000E+00    0.00000E+00    0.00000E+00    0.00000E+00
    1.80419E+06    5.66751E-09    0.00000E+00    0.00000E+00    0.00000E+00    0.00000E+00
    1.88965E+06    5.08137E-09    0.00000E+00    0.00000E+00    0.00000E+00    0.00000E+00
    1.97917E+06    4.53213E-09    0.00000E+00    0.00000E+00    0.00000E+00    0.00000E+00
    2.07292E+06    3.96583E-09    0.00000E+00    0.00000E+00    0.00000E+00    0.00000E+00
    2.17112E+06    3.54118E-09    0.00000E+00    0.00000E+00    0.00000E+00    0.00000E+00
    2.27397E+06    3.09043E-09    0.00000E+00    0.00000E+00    0.00000E+00    0.00000E+00
    2.38169E+06    2.67428E-09    0.00000E+00    0.00000E+00    0.00000E+00    0.00000E+00
    2.49451E+06    2.33036E-09    0.00000E+00    0.00000E+00    0.00000E+00    0.00000E+00
    2.61268E+06    2.00153E-09    0.00000E+00    0.00000E+00    0.00000E+00    0.00000E+00
    2.73644E+06    1.71694E-09    0.00000E+00    0.00000E+00    0.00000E+00    0.00000E+00
    2.86607E+06    1.46808E-09    0.00000E+00    0.00000E+00    0.00000E+00    0.00000E+00
    3.00184E+06    1.25406E-09    0.00000E+00    0.00000E+00    0.00000E+00    0.00000E+00
    3.14404E+06    1.05784E-09    0.00000E+00    0.00000E+00    0.00000E+00    0.00000E+00
    3.29297E+06    8.99885E-10    0.00000E+00    0.00000E+00    0.00000E+00    0.00000E+00
    3.44896E+06    7.53095E-10    0.00000E+00    0.00000E+00    0.00000E+00    0.00000E+00
    3.61234E+06    6.31673E-10    0.00000E+00    0.00000E+00    0.00000E+00    0.00000E+00
    3.78346E+06    5.30562E-10    0.00000E+00    0.00000E+00    0.00000E+00    0.00000E+00
    3.96269E+06    4.42409E-10    0.00000E+00    0.00000E+00    0.00000E+00    0.00000E+00
    4.15040E+06    3.66279E-10    0.00000E+00    0.00000E+00    0.00000E+00    0.00000E+00
    4.34701E+06    3.05933E-10    0.00000E+00    0.00000E+00    0.00000E+00    0.00000E+00
    4.55293E+06    2.53790E-10    0.00000E+00    0.00000E+00    0.00000E+00    0.00000E+00
    4.76861E+06    2.09184E-10    0.00000E+00    0.00000E+00    0.00000E+00    0.00000E+00
    4.99451E+06    1.71595E-10    0.00000E+00    0.00000E+00    0.00000E+00    0.00000E+00
    5.23110E+06    1.41901E-10    0.00000E+00    0.00000E+00    0.00000E+00    0.00000E+00
    5.47890E+06    1.16280E-10    0.00000E+00    0.00000E+00    0.00000E+00    0.00000E+00
    5.73844E+06    9.53676E-11    0.00000E+00    0.00000E+00    0.00000E+00    0.00000E+00
    6.01028E+06    7.79318E-11    0.00000E+00    0.00000E+00    0.00000E+00    0.00000E+00
    6.29499E+06    6.39109E-11    0.00000E+00    0.00000E+00    0.00000E+00    0.00000E+00
    6.59319E+06    5.20953E-11    0.00000E+00    0.00000E+00    0.00000E+00    0.00000E+00
    6.90551E+06    4.24649E-11    0.00000E+00    0.00000E+00    0.00000E+00    0.00000E+00
    7.23264E+06    3.46172E-11    0.00000E+00    0.00000E+00    0.00000E+00    0.00000E+00
    7.57525E+06    2.80097E-11    0.00000E+00    0.00000E+00    0.00000E+00    0.00000E+00
    7.93410E+06    2.26916E-11    0.00000E+00    0.00000E+00    0.00000E+00    0.00000E+00
    8.30994E+06    1.83373E-11    0.00000E+00    0.00000E+00    0.00000E+00    0.00000E+00
    8.70359E+06    1.49399E-11    0.00000E+00    0.00000E+00    0.00000E+00    0.00000E+00
    9.11589E+06    1.21111E-11    0.00000E+00    0.00000E+00    0.00000E+00    0.00000E+00
    9.54771E+06    9.70557E-12    0.00000E+00    0.00000E+00    0.00000E+00    0.00000E+00
    1.00000E+07    7.88894E-12    0.00000E+00    0.00000E+00    0.00000E+00    0.00000E+00
