 # Columns are: Lambda (Angstroms) and Flux (Flux * lambda) (ergs/s/cm^2)
    1.00000E+03    0.00000E+00    0.00000E+00    0.00000E+00    0.00000E+00    0.00000E+00
    1.04737E+03    0.00000E+00    0.00000E+00    0.00000E+00    0.00000E+00    0.00000E+00
    1.09699E+03    0.00000E+00    0.00000E+00    0.00000E+00    0.00000E+00    0.00000E+00
    1.14895E+03    0.00000E+00    0.00000E+00    0.00000E+00    0.00000E+00    0.00000E+00
    1.20338E+03    0.00000E+00    0.00000E+00    0.00000E+00    0.00000E+00    0.00000E+00
    1.26038E+03    0.00000E+00    0.00000E+00    0.00000E+00    0.00000E+00    0.00000E+00
    1.32009E+03    0.00000E+00    0.00000E+00    0.00000E+00    0.00000E+00    0.00000E+00
    1.38262E+03    0.00000E+00    0.00000E+00    0.00000E+00    0.00000E+00    0.00000E+00
    1.44812E+03    0.00000E+00    0.00000E+00    0.00000E+00    0.00000E+00    0.00000E+00
    1.51672E+03    0.00000E+00    0.00000E+00    0.00000E+00    0.00000E+00    0.00000E+00
    1.58857E+03    0.00000E+00    0.00000E+00    0.00000E+00    0.00000E+00    0.00000E+00
    1.66382E+03    0.00000E+00    0.00000E+00    0.00000E+00    0.00000E+00    0.00000E+00
    1.74263E+03    0.00000E+00    0.00000E+00    0.00000E+00    0.00000E+00    0.00000E+00
    1.82518E+03    0.00000E+00    0.00000E+00    0.00000E+00    0.00000E+00    0.00000E+00
    1.91164E+03    0.00000E+00    0.00000E+00    0.00000E+00    0.00000E+00    0.00000E+00
    2.00220E+03    0.00000E+00    0.00000E+00    0.00000E+00    0.00000E+00    0.00000E+00
    2.09705E+03    0.00000E+00    0.00000E+00    0.00000E+00    0.00000E+00    0.00000E+00
    2.19639E+03    0.00000E+00    0.00000E+00    0.00000E+00    0.00000E+00    0.00000E+00
    2.30043E+03    0.00000E+00    0.00000E+00    0.00000E+00    0.00000E+00    0.00000E+00
    2.40940E+03    0.00000E+00    0.00000E+00    0.00000E+00    0.00000E+00    0.00000E+00
    2.52354E+03    0.00000E+00    0.00000E+00    0.00000E+00    0.00000E+00    0.00000E+00
    2.64308E+03    0.00000E+00    0.00000E+00    0.00000E+00    0.00000E+00    0.00000E+00
    2.76829E+03    0.00000E+00    0.00000E+00    0.00000E+00    0.00000E+00    0.00000E+00
    2.89942E+03    0.00000E+00    0.00000E+00    0.00000E+00    0.00000E+00    0.00000E+00
    3.03677E+03    0.00000E+00    0.00000E+00    0.00000E+00    0.00000E+00    0.00000E+00
    3.18063E+03    0.00000E+00    0.00000E+00    0.00000E+00    0.00000E+00    0.00000E+00
    3.33129E+03    0.00000E+00    0.00000E+00    0.00000E+00    0.00000E+00    0.00000E+00
    3.48910E+03    0.00000E+00    0.00000E+00    0.00000E+00    0.00000E+00    0.00000E+00
    3.65438E+03    0.00000E+00    0.00000E+00    0.00000E+00    0.00000E+00    0.00000E+00
    3.82749E+03    0.00000E+00    0.00000E+00    0.00000E+00    0.00000E+00    0.00000E+00
    4.00881E+03    0.00000E+00    0.00000E+00    0.00000E+00    0.00000E+00    0.00000E+00
    4.19871E+03    0.00000E+00    0.00000E+00    0.00000E+00    0.00000E+00    0.00000E+00
    4.39760E+03    0.00000E+00    0.00000E+00    0.00000E+00    0.00000E+00    0.00000E+00
    4.60592E+03    0.00000E+00    0.00000E+00    0.00000E+00    0.00000E+00    0.00000E+00
    4.82411E+03    0.00000E+00    0.00000E+00    0.00000E+00    0.00000E+00    0.00000E+00
    5.05263E+03    0.00000E+00    0.00000E+00    0.00000E+00    0.00000E+00    0.00000E+00
    5.29198E+03    0.00000E+00    0.00000E+00    0.00000E+00    0.00000E+00    0.00000E+00
    5.54266E+03    0.00000E+00    0.00000E+00    0.00000E+00    0.00000E+00    0.00000E+00
    5.80523E+03    0.00000E+00    0.00000E+00    0.00000E+00    0.00000E+00    0.00000E+00
    6.08022E+03    0.00000E+00    0.00000E+00    0.00000E+00    0.00000E+00    0.00000E+00
    6.36825E+03    0.00000E+00    0.00000E+00    0.00000E+00    0.00000E+00    0.00000E+00
    6.66992E+03    0.00000E+00    0.00000E+00    0.00000E+00    0.00000E+00    0.00000E+00
    6.98588E+03    0.00000E+00    0.00000E+00    0.00000E+00    0.00000E+00    0.00000E+00
    7.31681E+03    0.00000E+00    0.00000E+00    0.00000E+00    0.00000E+00    0.00000E+00
    7.66341E+03    0.00000E+00    0.00000E+00    0.00000E+00    0.00000E+00    0.00000E+00
    8.02643E+03    0.00000E+00    0.00000E+00    0.00000E+00    0.00000E+00    0.00000E+00
    8.40665E+03    0.00000E+00    0.00000E+00    0.00000E+00    0.00000E+00    0.00000E+00
    8.80488E+03    0.00000E+00    0.00000E+00    0.00000E+00    0.00000E+00    0.00000E+00
    9.22198E+03    0.00000E+00    0.00000E+00    0.00000E+00    0.00000E+00    0.00000E+00
    9.65883E+03    0.00000E+00    0.00000E+00    0.00000E+00    0.00000E+00    0.00000E+00
    1.01164E+04    0.00000E+00    0.00000E+00    0.00000E+00    0.00000E+00    0.00000E+00
    1.05956E+04    0.00000E+00    0.00000E+00    0.00000E+00    0.00000E+00    0.00000E+00
    1.10975E+04    9.91202E-46    0.00000E+00    0.00000E+00    0.00000E+00    0.00000E+00
    1.16232E+04    1.09321E-40    0.00000E+00    0.00000E+00    0.00000E+00    0.00000E+00
    1.21738E+04    1.37776E-36    0.00000E+00    0.00000E+00    0.00000E+00    0.00000E+00
    1.27505E+04    4.32716E-33    0.00000E+00    0.00000E+00    0.00000E+00    0.00000E+00
    1.33545E+04    6.16020E-30    0.00000E+00    0.00000E+00    0.00000E+00    0.00000E+00
    1.39871E+04    2.97455E-27    0.00000E+00    0.00000E+00    0.00000E+00    0.00000E+00
    1.46497E+04    7.34425E-25    0.00000E+00    0.00000E+00    0.00000E+00    0.00000E+00
    1.53437E+04    5.10430E-23    0.00000E+00    0.00000E+00    0.00000E+00    0.00000E+00
    1.60705E+04    2.73707E-21    0.00000E+00    0.00000E+00    0.00000E+00    0.00000E+00
    1.68318E+04    8.46667E-20    0.00000E+00    0.00000E+00    0.00000E+00    0.00000E+00
    1.76291E+04    1.73315E-18    0.00000E+00    0.00000E+00    0.00000E+00    0.00000E+00
    1.84642E+04    1.67490E-17    0.00000E+00    0.00000E+00    0.00000E+00    0.00000E+00
    1.93389E+04    1.30059E-16    0.00000E+00    0.00000E+00    0.00000E+00    0.00000E+00
    2.02550E+04    7.72278E-16    0.00000E+00    0.00000E+00    0.00000E+00    0.00000E+00
    2.12145E+04    3.39261E-15    0.00000E+00    0.00000E+00    0.00000E+00    0.00000E+00
    2.22195E+04    1.10830E-14    0.00000E+00    0.00000E+00    0.00000E+00    0.00000E+00
    2.32720E+04    3.27652E-14    0.00000E+00    0.00000E+00    0.00000E+00    0.00000E+00
    2.43744E+04    7.49297E-14    0.00000E+00    0.00000E+00    0.00000E+00    0.00000E+00
    2.55291E+04    1.88469E-13    0.00000E+00    0.00000E+00    0.00000E+00    0.00000E+00
    2.67384E+04    3.42006E-13    0.00000E+00    0.00000E+00    0.00000E+00    0.00000E+00
    2.80050E+04    5.35366E-13    0.00000E+00    0.00000E+00    0.00000E+00    0.00000E+00
    2.93317E+04    8.84311E-13    0.00000E+00    0.00000E+00    0.00000E+00    0.00000E+00
    3.07211E+04    1.33500E-12    0.00000E+00    0.00000E+00    0.00000E+00    0.00000E+00
    3.21764E+04    1.55771E-12    0.00000E+00    0.00000E+00    0.00000E+00    0.00000E+00
    3.37006E+04    1.97441E-12    0.00000E+00    0.00000E+00    0.00000E+00    0.00000E+00
    3.52971E+04    2.46939E-12    0.00000E+00    0.00000E+00    0.00000E+00    0.00000E+00
    3.69691E+04    2.84231E-12    0.00000E+00    0.00000E+00    0.00000E+00    0.00000E+00
    3.87204E+04    3.57239E-12    0.00000E+00    0.00000E+00    0.00000E+00    0.00000E+00
    4.05546E+04    4.20726E-12    0.00000E+00    0.00000E+00    0.00000E+00    0.00000E+00
    4.24757E+04    5.00743E-12    0.00000E+00    0.00000E+00    0.00000E+00    0.00000E+00
    4.44878E+04    6.25415E-12    0.00000E+00    0.00000E+00    0.00000E+00    0.00000E+00
    4.65953E+04    5.26574E-12    0.00000E+00    0.00000E+00    0.00000E+00    0.00000E+00
    4.88025E+04    6.04516E-12    0.00000E+00    0.00000E+00    0.00000E+00    0.00000E+00
    5.11143E+04    5.90205E-12    0.00000E+00    0.00000E+00    0.00000E+00    0.00000E+00
    5.35357E+04    5.80118E-12    0.00000E+00    0.00000E+00    0.00000E+00    0.00000E+00
    5.60717E+04    5.46869E-12    0.00000E+00    0.00000E+00    0.00000E+00    0.00000E+00
    5.87279E+04    4.43456E-12    0.00000E+00    0.00000E+00    0.00000E+00    0.00000E+00
    6.15099E+04    3.39580E-12    0.00000E+00    0.00000E+00    0.00000E+00    0.00000E+00
    6.44236E+04    2.99174E-12    0.00000E+00    0.00000E+00    0.00000E+00    0.00000E+00
    6.74754E+04    2.64566E-12    0.00000E+00    0.00000E+00    0.00000E+00    0.00000E+00
    7.06718E+04    2.39802E-12    0.00000E+00    0.00000E+00    0.00000E+00    0.00000E+00
    7.40196E+04    8.63329E-13    0.00000E+00    0.00000E+00    0.00000E+00    0.00000E+00
    7.75260E+04    1.32296E-14    0.00000E+00    0.00000E+00    0.00000E+00    0.00000E+00
    8.11984E+04    2.77313E-19    0.00000E+00    0.00000E+00    0.00000E+00    0.00000E+00
    8.50449E+04    4.13148E-25    0.00000E+00    0.00000E+00    0.00000E+00    0.00000E+00
    8.90735E+04    2.44483E-31    0.00000E+00    0.00000E+00    0.00000E+00    0.00000E+00
    9.32930E+04    2.66698E-38    0.00000E+00    0.00000E+00    0.00000E+00    0.00000E+00
    9.77124E+04    1.71410E-37    0.00000E+00    0.00000E+00    0.00000E+00    0.00000E+00
    1.02341E+05    8.75354E-35    0.00000E+00    0.00000E+00    0.00000E+00    0.00000E+00
    1.07189E+05    1.75000E-30    0.00000E+00    0.00000E+00    0.00000E+00    0.00000E+00
    1.12267E+05    1.15964E-26    0.00000E+00    0.00000E+00    0.00000E+00    0.00000E+00
    1.17585E+05    1.17644E-23    0.00000E+00    0.00000E+00    0.00000E+00    0.00000E+00
    1.23155E+05    4.01716E-21    0.00000E+00    0.00000E+00    0.00000E+00    0.00000E+00
    1.28989E+05    3.48260E-19    0.00000E+00    0.00000E+00    0.00000E+00    0.00000E+00
    1.35099E+05    1.52285E-17    0.00000E+00    0.00000E+00    0.00000E+00    0.00000E+00
    1.41499E+05    7.10773E-17    0.00000E+00    0.00000E+00    0.00000E+00    0.00000E+00
    1.48202E+05    1.91639E-17    0.00000E+00    0.00000E+00    0.00000E+00    0.00000E+00
    1.55222E+05    3.03020E-18    0.00000E+00    0.00000E+00    0.00000E+00    0.00000E+00
    1.62576E+05    1.98547E-19    0.00000E+00    0.00000E+00    0.00000E+00    0.00000E+00
    1.70277E+05    2.24834E-20    0.00000E+00    0.00000E+00    0.00000E+00    0.00000E+00
    1.78343E+05    2.55902E-21    0.00000E+00    0.00000E+00    0.00000E+00    0.00000E+00
    1.86791E+05    2.57254E-21    0.00000E+00    0.00000E+00    0.00000E+00    0.00000E+00
    1.95640E+05    1.02242E-20    0.00000E+00    0.00000E+00    0.00000E+00    0.00000E+00
    2.04907E+05    8.17957E-20    0.00000E+00    0.00000E+00    0.00000E+00    0.00000E+00
    2.14614E+05    4.28378E-19    0.00000E+00    0.00000E+00    0.00000E+00    0.00000E+00
    2.24781E+05    1.94740E-18    0.00000E+00    0.00000E+00    0.00000E+00    0.00000E+00
    2.35429E+05    7.81332E-18    0.00000E+00    0.00000E+00    0.00000E+00    0.00000E+00
    2.46581E+05    4.61441E-17    0.00000E+00    0.00000E+00    0.00000E+00    0.00000E+00
    2.58262E+05    1.27817E-16    0.00000E+00    0.00000E+00    0.00000E+00    0.00000E+00
    2.70496E+05    3.14062E-16    0.00000E+00    0.00000E+00    0.00000E+00    0.00000E+00
    2.83310E+05    6.52472E-16    0.00000E+00    0.00000E+00    0.00000E+00    0.00000E+00
    2.96730E+05    1.36202E-15    0.00000E+00    0.00000E+00    0.00000E+00    0.00000E+00
    3.10787E+05    2.49840E-15    0.00000E+00    0.00000E+00    0.00000E+00    0.00000E+00
    3.25509E+05    3.94547E-15    0.00000E+00    0.00000E+00    0.00000E+00    0.00000E+00
    3.40929E+05    7.01659E-15    0.00000E+00    0.00000E+00    0.00000E+00    0.00000E+00
    3.57078E+05    8.67349E-15    0.00000E+00    0.00000E+00    0.00000E+00    0.00000E+00
    3.73994E+05    1.38171E-14    0.00000E+00    0.00000E+00    0.00000E+00    0.00000E+00
    3.91710E+05    1.99874E-14    0.00000E+00    0.00000E+00    0.00000E+00    0.00000E+00
    4.10266E+05    2.28020E-14    0.00000E+00    0.00000E+00    0.00000E+00    0.00000E+00
    4.29700E+05    3.08932E-14    0.00000E+00    0.00000E+00    0.00000E+00    0.00000E+00
    4.50056E+05    3.96103E-14    0.00000E+00    0.00000E+00    0.00000E+00    0.00000E+00
    4.71375E+05    4.55591E-14    0.00000E+00    0.00000E+00    0.00000E+00    0.00000E+00
    4.93705E+05    7.83207E-14    0.00000E+00    0.00000E+00    0.00000E+00    0.00000E+00
    5.17092E+05    8.12906E-14    0.00000E+00    0.00000E+00    0.00000E+00    0.00000E+00
    5.41587E+05    1.02574E-13    0.00000E+00    0.00000E+00    0.00000E+00    0.00000E+00
    5.67243E+05    1.03722E-13    0.00000E+00    0.00000E+00    0.00000E+00    0.00000E+00
    5.94113E+05    1.21094E-13    0.00000E+00    0.00000E+00    0.00000E+00    0.00000E+00
    6.22257E+05    1.23506E-13    0.00000E+00    0.00000E+00    0.00000E+00    0.00000E+00
    6.51734E+05    1.59187E-13    0.00000E+00    0.00000E+00    0.00000E+00    0.00000E+00
    6.82607E+05    1.65731E-13    0.00000E+00    0.00000E+00    0.00000E+00    0.00000E+00
    7.14943E+05    1.77745E-13    0.00000E+00    0.00000E+00    0.00000E+00    0.00000E+00
    7.48810E+05    1.62297E-13    0.00000E+00    0.00000E+00    0.00000E+00    0.00000E+00
    7.84282E+05    2.15623E-13    0.00000E+00    0.00000E+00    0.00000E+00    0.00000E+00
    8.21434E+05    1.88443E-13    0.00000E+00    0.00000E+00    0.00000E+00    0.00000E+00
    8.60346E+05    1.79165E-13    0.00000E+00    0.00000E+00    0.00000E+00    0.00000E+00
    9.01102E+05    1.58005E-13    0.00000E+00    0.00000E+00    0.00000E+00    0.00000E+00
    9.43788E+05    1.77232E-13    0.00000E+00    0.00000E+00    0.00000E+00    0.00000E+00
    9.88496E+05    1.71242E-13    0.00000E+00    0.00000E+00    0.00000E+00    0.00000E+00
    1.03532E+06    1.64789E-13    0.00000E+00    0.00000E+00    0.00000E+00    0.00000E+00
    1.08437E+06    1.56559E-13    0.00000E+00    0.00000E+00    0.00000E+00    0.00000E+00
    1.13573E+06    1.48857E-13    0.00000E+00    0.00000E+00    0.00000E+00    0.00000E+00
    1.18953E+06    1.47731E-13    0.00000E+00    0.00000E+00    0.00000E+00    0.00000E+00
    1.24588E+06    1.21659E-13    0.00000E+00    0.00000E+00    0.00000E+00    0.00000E+00
    1.30490E+06    1.20114E-13    0.00000E+00    0.00000E+00    0.00000E+00    0.00000E+00
    1.36672E+06    1.14552E-13    0.00000E+00    0.00000E+00    0.00000E+00    0.00000E+00
    1.43146E+06    9.70745E-14    0.00000E+00    0.00000E+00    0.00000E+00    0.00000E+00
    1.49927E+06    1.02440E-13    0.00000E+00    0.00000E+00    0.00000E+00    0.00000E+00
    1.57029E+06    8.56326E-14    0.00000E+00    0.00000E+00    0.00000E+00    0.00000E+00
    1.64468E+06    8.22982E-14    0.00000E+00    0.00000E+00    0.00000E+00    0.00000E+00
    1.72259E+06    7.36605E-14    0.00000E+00    0.00000E+00    0.00000E+00    0.00000E+00
    1.80419E+06    6.23977E-14    0.00000E+00    0.00000E+00    0.00000E+00    0.00000E+00
    1.88965E+06    5.81982E-14    0.00000E+00    0.00000E+00    0.00000E+00    0.00000E+00
    1.97917E+06    5.58961E-14    0.00000E+00    0.00000E+00    0.00000E+00    0.00000E+00
    2.07292E+06    4.96160E-14    0.00000E+00    0.00000E+00    0.00000E+00    0.00000E+00
    2.17112E+06    3.95152E-14    0.00000E+00    0.00000E+00    0.00000E+00    0.00000E+00
    2.27397E+06    3.89695E-14    0.00000E+00    0.00000E+00    0.00000E+00    0.00000E+00
    2.38169E+06    3.20399E-14    0.00000E+00    0.00000E+00    0.00000E+00    0.00000E+00
    2.49451E+06    3.09440E-14    0.00000E+00    0.00000E+00    0.00000E+00    0.00000E+00
    2.61268E+06    2.64216E-14    0.00000E+00    0.00000E+00    0.00000E+00    0.00000E+00
    2.73644E+06    2.25043E-14    0.00000E+00    0.00000E+00    0.00000E+00    0.00000E+00
    2.86607E+06    2.10865E-14    0.00000E+00    0.00000E+00    0.00000E+00    0.00000E+00
    3.00184E+06    1.78121E-14    0.00000E+00    0.00000E+00    0.00000E+00    0.00000E+00
    3.14404E+06    1.59768E-14    0.00000E+00    0.00000E+00    0.00000E+00    0.00000E+00
    3.29297E+06    1.37184E-14    0.00000E+00    0.00000E+00    0.00000E+00    0.00000E+00
    3.44896E+06    1.26865E-14    0.00000E+00    0.00000E+00    0.00000E+00    0.00000E+00
    3.61234E+06    1.13311E-14    0.00000E+00    0.00000E+00    0.00000E+00    0.00000E+00
    3.78346E+06    9.51920E-15    0.00000E+00    0.00000E+00    0.00000E+00    0.00000E+00
    3.96269E+06    8.86986E-15    0.00000E+00    0.00000E+00    0.00000E+00    0.00000E+00
    4.15040E+06    7.13497E-15    0.00000E+00    0.00000E+00    0.00000E+00    0.00000E+00
    4.34701E+06    6.21247E-15    0.00000E+00    0.00000E+00    0.00000E+00    0.00000E+00
    4.55293E+06    5.37033E-15    0.00000E+00    0.00000E+00    0.00000E+00    0.00000E+00
    4.76861E+06    4.87476E-15    0.00000E+00    0.00000E+00    0.00000E+00    0.00000E+00
    4.99451E+06    4.26667E-15    0.00000E+00    0.00000E+00    0.00000E+00    0.00000E+00
    5.23110E+06    3.69957E-15    0.00000E+00    0.00000E+00    0.00000E+00    0.00000E+00
    5.47890E+06    3.21728E-15    0.00000E+00    0.00000E+00    0.00000E+00    0.00000E+00
    5.73844E+06    3.16864E-15    0.00000E+00    0.00000E+00    0.00000E+00    0.00000E+00
    6.01028E+06    2.54143E-15    0.00000E+00    0.00000E+00    0.00000E+00    0.00000E+00
    6.29499E+06    2.24732E-15    0.00000E+00    0.00000E+00    0.00000E+00    0.00000E+00
    6.59319E+06    1.98214E-15    0.00000E+00    0.00000E+00    0.00000E+00    0.00000E+00
    6.90551E+06    1.59125E-15    0.00000E+00    0.00000E+00    0.00000E+00    0.00000E+00
    7.23264E+06    1.40653E-15    0.00000E+00    0.00000E+00    0.00000E+00    0.00000E+00
    7.57525E+06    1.31160E-15    0.00000E+00    0.00000E+00    0.00000E+00    0.00000E+00
    7.93410E+06    1.10346E-15    0.00000E+00    0.00000E+00    0.00000E+00    0.00000E+00
    8.30994E+06    9.29974E-16    0.00000E+00    0.00000E+00    0.00000E+00    0.00000E+00
    8.70359E+06    8.08241E-16    0.00000E+00    0.00000E+00    0.00000E+00    0.00000E+00
    9.11589E+06    8.08100E-16    0.00000E+00    0.00000E+00    0.00000E+00    0.00000E+00
    9.54771E+06    6.37342E-16    0.00000E+00    0.00000E+00    0.00000E+00    0.00000E+00
    1.00000E+07    5.44793E-16    0.00000E+00    0.00000E+00    0.00000E+00    0.00000E+00
