 # Columns are: Lambda (Angstroms) and Flux (Flux * lambda) (ergs/s/cm^2)
    1.00000E+03    0.00000E+00    0.00000E+00    0.00000E+00    0.00000E+00    0.00000E+00
    1.04737E+03    0.00000E+00    0.00000E+00    0.00000E+00    0.00000E+00    0.00000E+00
    1.09699E+03    0.00000E+00    0.00000E+00    0.00000E+00    0.00000E+00    0.00000E+00
    1.14895E+03    0.00000E+00    0.00000E+00    0.00000E+00    0.00000E+00    0.00000E+00
    1.20338E+03    0.00000E+00    0.00000E+00    0.00000E+00    0.00000E+00    0.00000E+00
    1.26038E+03    0.00000E+00    0.00000E+00    0.00000E+00    0.00000E+00    0.00000E+00
    1.32009E+03    0.00000E+00    0.00000E+00    0.00000E+00    0.00000E+00    0.00000E+00
    1.38262E+03    0.00000E+00    0.00000E+00    0.00000E+00    0.00000E+00    0.00000E+00
    1.44812E+03    0.00000E+00    0.00000E+00    0.00000E+00    0.00000E+00    0.00000E+00
    1.51672E+03    0.00000E+00    0.00000E+00    0.00000E+00    0.00000E+00    0.00000E+00
    1.58857E+03    0.00000E+00    0.00000E+00    0.00000E+00    0.00000E+00    0.00000E+00
    1.66382E+03    0.00000E+00    0.00000E+00    0.00000E+00    0.00000E+00    0.00000E+00
    1.74263E+03    0.00000E+00    0.00000E+00    0.00000E+00    0.00000E+00    0.00000E+00
    1.82518E+03    0.00000E+00    0.00000E+00    0.00000E+00    0.00000E+00    0.00000E+00
    1.91164E+03    0.00000E+00    0.00000E+00    0.00000E+00    0.00000E+00    0.00000E+00
    2.00220E+03    0.00000E+00    0.00000E+00    0.00000E+00    0.00000E+00    0.00000E+00
    2.09705E+03    0.00000E+00    0.00000E+00    0.00000E+00    0.00000E+00    0.00000E+00
    2.19639E+03    0.00000E+00    0.00000E+00    0.00000E+00    0.00000E+00    0.00000E+00
    2.30043E+03    0.00000E+00    0.00000E+00    0.00000E+00    0.00000E+00    0.00000E+00
    2.40940E+03    0.00000E+00    0.00000E+00    0.00000E+00    0.00000E+00    0.00000E+00
    2.52354E+03    0.00000E+00    0.00000E+00    0.00000E+00    0.00000E+00    0.00000E+00
    2.64308E+03    0.00000E+00    0.00000E+00    0.00000E+00    0.00000E+00    0.00000E+00
    2.76829E+03    0.00000E+00    0.00000E+00    0.00000E+00    0.00000E+00    0.00000E+00
    2.89942E+03    0.00000E+00    0.00000E+00    0.00000E+00    0.00000E+00    0.00000E+00
    3.03677E+03    0.00000E+00    0.00000E+00    0.00000E+00    0.00000E+00    0.00000E+00
    3.18063E+03    0.00000E+00    0.00000E+00    0.00000E+00    0.00000E+00    0.00000E+00
    3.33129E+03    0.00000E+00    0.00000E+00    0.00000E+00    0.00000E+00    0.00000E+00
    3.48910E+03    0.00000E+00    0.00000E+00    0.00000E+00    0.00000E+00    0.00000E+00
    3.65438E+03    0.00000E+00    0.00000E+00    0.00000E+00    0.00000E+00    0.00000E+00
    3.82749E+03    0.00000E+00    0.00000E+00    0.00000E+00    0.00000E+00    0.00000E+00
    4.00881E+03    0.00000E+00    0.00000E+00    0.00000E+00    0.00000E+00    0.00000E+00
    4.19871E+03    0.00000E+00    0.00000E+00    0.00000E+00    0.00000E+00    0.00000E+00
    4.39760E+03    0.00000E+00    0.00000E+00    0.00000E+00    0.00000E+00    0.00000E+00
    4.60592E+03    0.00000E+00    0.00000E+00    0.00000E+00    0.00000E+00    0.00000E+00
    4.82411E+03    0.00000E+00    0.00000E+00    0.00000E+00    0.00000E+00    0.00000E+00
    5.05263E+03    0.00000E+00    0.00000E+00    0.00000E+00    0.00000E+00    0.00000E+00
    5.29198E+03    0.00000E+00    0.00000E+00    0.00000E+00    0.00000E+00    0.00000E+00
    5.54266E+03    0.00000E+00    0.00000E+00    0.00000E+00    0.00000E+00    0.00000E+00
    5.80523E+03    0.00000E+00    0.00000E+00    0.00000E+00    0.00000E+00    0.00000E+00
    6.08022E+03    0.00000E+00    0.00000E+00    0.00000E+00    0.00000E+00    0.00000E+00
    6.36825E+03    0.00000E+00    0.00000E+00    0.00000E+00    0.00000E+00    0.00000E+00
    6.66992E+03    0.00000E+00    0.00000E+00    0.00000E+00    0.00000E+00    0.00000E+00
    6.98588E+03    0.00000E+00    0.00000E+00    0.00000E+00    0.00000E+00    0.00000E+00
    7.31681E+03    0.00000E+00    0.00000E+00    0.00000E+00    0.00000E+00    0.00000E+00
    7.66341E+03    0.00000E+00    0.00000E+00    0.00000E+00    0.00000E+00    0.00000E+00
    8.02643E+03    0.00000E+00    0.00000E+00    0.00000E+00    0.00000E+00    0.00000E+00
    8.40665E+03    0.00000E+00    0.00000E+00    0.00000E+00    0.00000E+00    0.00000E+00
    8.80488E+03    0.00000E+00    0.00000E+00    0.00000E+00    0.00000E+00    0.00000E+00
    9.22198E+03    0.00000E+00    0.00000E+00    0.00000E+00    0.00000E+00    0.00000E+00
    9.65883E+03    0.00000E+00    0.00000E+00    0.00000E+00    0.00000E+00    0.00000E+00
    1.01164E+04    0.00000E+00    0.00000E+00    0.00000E+00    0.00000E+00    0.00000E+00
    1.05956E+04    0.00000E+00    0.00000E+00    0.00000E+00    0.00000E+00    0.00000E+00
    1.10975E+04    0.00000E+00    0.00000E+00    0.00000E+00    0.00000E+00    0.00000E+00
    1.16232E+04    0.00000E+00    0.00000E+00    0.00000E+00    0.00000E+00    0.00000E+00
    1.21738E+04    0.00000E+00    0.00000E+00    0.00000E+00    0.00000E+00    0.00000E+00
    1.27505E+04    0.00000E+00    0.00000E+00    0.00000E+00    0.00000E+00    0.00000E+00
    1.33545E+04    0.00000E+00    0.00000E+00    0.00000E+00    0.00000E+00    0.00000E+00
    1.39871E+04    0.00000E+00    0.00000E+00    0.00000E+00    0.00000E+00    0.00000E+00
    1.46497E+04    0.00000E+00    0.00000E+00    0.00000E+00    0.00000E+00    0.00000E+00
    1.53437E+04    0.00000E+00    0.00000E+00    0.00000E+00    0.00000E+00    0.00000E+00
    1.60705E+04    0.00000E+00    0.00000E+00    0.00000E+00    0.00000E+00    0.00000E+00
    1.68318E+04    0.00000E+00    0.00000E+00    0.00000E+00    0.00000E+00    0.00000E+00
    1.76291E+04    0.00000E+00    0.00000E+00    0.00000E+00    0.00000E+00    0.00000E+00
    1.84642E+04    0.00000E+00    0.00000E+00    0.00000E+00    0.00000E+00    0.00000E+00
    1.93389E+04    0.00000E+00    0.00000E+00    0.00000E+00    0.00000E+00    0.00000E+00
    2.02550E+04    0.00000E+00    0.00000E+00    0.00000E+00    0.00000E+00    0.00000E+00
    2.12145E+04    0.00000E+00    0.00000E+00    0.00000E+00    0.00000E+00    0.00000E+00
    2.22195E+04    0.00000E+00    0.00000E+00    0.00000E+00    0.00000E+00    0.00000E+00
    2.32720E+04    4.26359E-43    0.00000E+00    0.00000E+00    0.00000E+00    0.00000E+00
    2.43744E+04    6.08677E-46    0.00000E+00    0.00000E+00    0.00000E+00    0.00000E+00
    2.55291E+04    2.23730E-42    0.00000E+00    0.00000E+00    0.00000E+00    0.00000E+00
    2.67384E+04    8.31615E-20    0.00000E+00    0.00000E+00    0.00000E+00    0.00000E+00
    2.80050E+04    1.51884E-35    0.00000E+00    0.00000E+00    0.00000E+00    0.00000E+00
    2.93317E+04    3.11927E-18    0.00000E+00    0.00000E+00    0.00000E+00    0.00000E+00
    3.07211E+04    6.48798E-32    0.00000E+00    0.00000E+00    0.00000E+00    0.00000E+00
    3.21764E+04    6.04184E-17    0.00000E+00    0.00000E+00    0.00000E+00    0.00000E+00
    3.37006E+04    2.40279E-16    0.00000E+00    0.00000E+00    0.00000E+00    0.00000E+00
    3.52971E+04    1.74770E-26    0.00000E+00    0.00000E+00    0.00000E+00    0.00000E+00
    3.69691E+04    2.64142E-16    0.00000E+00    0.00000E+00    0.00000E+00    0.00000E+00
    3.87204E+04    1.35362E-14    0.00000E+00    0.00000E+00    0.00000E+00    0.00000E+00
    4.05546E+04    1.45179E-23    0.00000E+00    0.00000E+00    0.00000E+00    0.00000E+00
    4.24757E+04    9.51597E-14    0.00000E+00    0.00000E+00    0.00000E+00    0.00000E+00
    4.44878E+04    1.12800E-13    0.00000E+00    0.00000E+00    0.00000E+00    0.00000E+00
    4.65953E+04    2.90251E-13    0.00000E+00    0.00000E+00    0.00000E+00    0.00000E+00
    4.88025E+04    8.63687E-14    0.00000E+00    0.00000E+00    0.00000E+00    0.00000E+00
    5.11143E+04    5.18819E-13    0.00000E+00    0.00000E+00    0.00000E+00    0.00000E+00
    5.35357E+04    1.57731E-12    0.00000E+00    0.00000E+00    0.00000E+00    0.00000E+00
    5.60717E+04    2.24592E-12    0.00000E+00    0.00000E+00    0.00000E+00    0.00000E+00
    5.87279E+04    1.51317E-12    0.00000E+00    0.00000E+00    0.00000E+00    0.00000E+00
    6.15099E+04    3.87864E-12    0.00000E+00    0.00000E+00    0.00000E+00    0.00000E+00
    6.44236E+04    2.41943E-10    0.00000E+00    0.00000E+00    0.00000E+00    0.00000E+00
    6.74754E+04    1.24457E-10    0.00000E+00    0.00000E+00    0.00000E+00    0.00000E+00
    7.06718E+04    1.41446E-09    0.00000E+00    0.00000E+00    0.00000E+00    0.00000E+00
    7.40196E+04    2.76421E-10    0.00000E+00    0.00000E+00    0.00000E+00    0.00000E+00
    7.75260E+04    2.26011E-12    0.00000E+00    0.00000E+00    0.00000E+00    0.00000E+00
    8.11984E+04    1.05171E-16    0.00000E+00    0.00000E+00    0.00000E+00    0.00000E+00
    8.50449E+04    3.48202E-16    0.00000E+00    0.00000E+00    0.00000E+00    0.00000E+00
    8.90735E+04    1.24683E-25    0.00000E+00    0.00000E+00    0.00000E+00    0.00000E+00
    9.32930E+04    9.00750E-24    0.00000E+00    0.00000E+00    0.00000E+00    0.00000E+00
    9.77124E+04    8.94851E-18    0.00000E+00    0.00000E+00    0.00000E+00    0.00000E+00
    1.02341E+05    2.15170E-14    0.00000E+00    0.00000E+00    0.00000E+00    0.00000E+00
    1.07189E+05    6.54863E-19    0.00000E+00    0.00000E+00    0.00000E+00    0.00000E+00
    1.12267E+05    4.05132E-15    0.00000E+00    0.00000E+00    0.00000E+00    0.00000E+00
    1.17585E+05    2.40400E-12    0.00000E+00    0.00000E+00    0.00000E+00    0.00000E+00
    1.23155E+05    1.37477E-10    0.00000E+00    0.00000E+00    0.00000E+00    0.00000E+00
    1.28989E+05    1.32976E-09    0.00000E+00    0.00000E+00    0.00000E+00    0.00000E+00
    1.35099E+05    1.26975E-08    0.00000E+00    0.00000E+00    0.00000E+00    0.00000E+00
    1.41499E+05    5.91394E-09    0.00000E+00    0.00000E+00    0.00000E+00    0.00000E+00
    1.48202E+05    9.25921E-09    0.00000E+00    0.00000E+00    0.00000E+00    0.00000E+00
    1.55222E+05    7.26992E-09    0.00000E+00    0.00000E+00    0.00000E+00    0.00000E+00
    1.62576E+05    1.36085E-08    0.00000E+00    0.00000E+00    0.00000E+00    0.00000E+00
    1.70277E+05    5.33959E-09    0.00000E+00    0.00000E+00    0.00000E+00    0.00000E+00
    1.78343E+05    6.87201E-09    0.00000E+00    0.00000E+00    0.00000E+00    0.00000E+00
    1.86791E+05    2.36342E-08    0.00000E+00    0.00000E+00    0.00000E+00    0.00000E+00
    1.95640E+05    2.87541E-08    0.00000E+00    0.00000E+00    0.00000E+00    0.00000E+00
    2.04907E+05    3.02837E-08    0.00000E+00    0.00000E+00    0.00000E+00    0.00000E+00
    2.14614E+05    7.45673E-08    0.00000E+00    0.00000E+00    0.00000E+00    0.00000E+00
    2.24781E+05    9.39071E-08    0.00000E+00    0.00000E+00    0.00000E+00    0.00000E+00
    2.35429E+05    1.09194E-07    0.00000E+00    0.00000E+00    0.00000E+00    0.00000E+00
    2.46581E+05    9.30227E-08    0.00000E+00    0.00000E+00    0.00000E+00    0.00000E+00
    2.58262E+05    1.68169E-07    0.00000E+00    0.00000E+00    0.00000E+00    0.00000E+00
    2.70496E+05    2.22335E-07    0.00000E+00    0.00000E+00    0.00000E+00    0.00000E+00
    2.83310E+05    2.85179E-07    0.00000E+00    0.00000E+00    0.00000E+00    0.00000E+00
    2.96730E+05    3.67269E-07    0.00000E+00    0.00000E+00    0.00000E+00    0.00000E+00
    3.10787E+05    3.71760E-07    0.00000E+00    0.00000E+00    0.00000E+00    0.00000E+00
    3.25509E+05    4.13368E-07    0.00000E+00    0.00000E+00    0.00000E+00    0.00000E+00
    3.40929E+05    4.89078E-07    0.00000E+00    0.00000E+00    0.00000E+00    0.00000E+00
    3.57078E+05    5.37466E-07    0.00000E+00    0.00000E+00    0.00000E+00    0.00000E+00
    3.73994E+05    6.34948E-07    0.00000E+00    0.00000E+00    0.00000E+00    0.00000E+00
    3.91710E+05    6.71330E-07    0.00000E+00    0.00000E+00    0.00000E+00    0.00000E+00
    4.10266E+05    6.79230E-07    0.00000E+00    0.00000E+00    0.00000E+00    0.00000E+00
    4.29700E+05    6.55461E-07    0.00000E+00    0.00000E+00    0.00000E+00    0.00000E+00
    4.50056E+05    6.97566E-07    0.00000E+00    0.00000E+00    0.00000E+00    0.00000E+00
    4.71375E+05    7.35211E-07    0.00000E+00    0.00000E+00    0.00000E+00    0.00000E+00
    4.93705E+05    6.80411E-07    0.00000E+00    0.00000E+00    0.00000E+00    0.00000E+00
    5.17092E+05    7.64955E-07    0.00000E+00    0.00000E+00    0.00000E+00    0.00000E+00
    5.41587E+05    7.20756E-07    0.00000E+00    0.00000E+00    0.00000E+00    0.00000E+00
    5.67243E+05    6.94768E-07    0.00000E+00    0.00000E+00    0.00000E+00    0.00000E+00
    5.94113E+05    6.52899E-07    0.00000E+00    0.00000E+00    0.00000E+00    0.00000E+00
    6.22257E+05    6.36162E-07    0.00000E+00    0.00000E+00    0.00000E+00    0.00000E+00
    6.51734E+05    5.85926E-07    0.00000E+00    0.00000E+00    0.00000E+00    0.00000E+00
    6.82607E+05    5.42668E-07    0.00000E+00    0.00000E+00    0.00000E+00    0.00000E+00
    7.14943E+05    4.97534E-07    0.00000E+00    0.00000E+00    0.00000E+00    0.00000E+00
    7.48810E+05    4.53907E-07    0.00000E+00    0.00000E+00    0.00000E+00    0.00000E+00
    7.84282E+05    4.30613E-07    0.00000E+00    0.00000E+00    0.00000E+00    0.00000E+00
    8.21434E+05    4.00442E-07    0.00000E+00    0.00000E+00    0.00000E+00    0.00000E+00
    8.60346E+05    3.61743E-07    0.00000E+00    0.00000E+00    0.00000E+00    0.00000E+00
    9.01102E+05    3.22878E-07    0.00000E+00    0.00000E+00    0.00000E+00    0.00000E+00
    9.43788E+05    2.84454E-07    0.00000E+00    0.00000E+00    0.00000E+00    0.00000E+00
    9.88496E+05    2.54578E-07    0.00000E+00    0.00000E+00    0.00000E+00    0.00000E+00
    1.03532E+06    2.27140E-07    0.00000E+00    0.00000E+00    0.00000E+00    0.00000E+00
    1.08437E+06    1.94919E-07    0.00000E+00    0.00000E+00    0.00000E+00    0.00000E+00
    1.13573E+06    1.73700E-07    0.00000E+00    0.00000E+00    0.00000E+00    0.00000E+00
    1.18953E+06    1.49992E-07    0.00000E+00    0.00000E+00    0.00000E+00    0.00000E+00
    1.24588E+06    1.32019E-07    0.00000E+00    0.00000E+00    0.00000E+00    0.00000E+00
    1.30490E+06    1.15183E-07    0.00000E+00    0.00000E+00    0.00000E+00    0.00000E+00
    1.36672E+06    1.00073E-07    0.00000E+00    0.00000E+00    0.00000E+00    0.00000E+00
    1.43146E+06    8.54918E-08    0.00000E+00    0.00000E+00    0.00000E+00    0.00000E+00
    1.49927E+06    7.21748E-08    0.00000E+00    0.00000E+00    0.00000E+00    0.00000E+00
    1.57029E+06    6.26362E-08    0.00000E+00    0.00000E+00    0.00000E+00    0.00000E+00
    1.64468E+06    5.26424E-08    0.00000E+00    0.00000E+00    0.00000E+00    0.00000E+00
    1.72259E+06    4.48188E-08    0.00000E+00    0.00000E+00    0.00000E+00    0.00000E+00
    1.80419E+06    3.78931E-08    0.00000E+00    0.00000E+00    0.00000E+00    0.00000E+00
    1.88965E+06    3.22293E-08    0.00000E+00    0.00000E+00    0.00000E+00    0.00000E+00
    1.97917E+06    2.69962E-08    0.00000E+00    0.00000E+00    0.00000E+00    0.00000E+00
    2.07292E+06    2.29265E-08    0.00000E+00    0.00000E+00    0.00000E+00    0.00000E+00
    2.17112E+06    1.89902E-08    0.00000E+00    0.00000E+00    0.00000E+00    0.00000E+00
    2.27397E+06    1.59726E-08    0.00000E+00    0.00000E+00    0.00000E+00    0.00000E+00
    2.38169E+06    1.34253E-08    0.00000E+00    0.00000E+00    0.00000E+00    0.00000E+00
    2.49451E+06    1.09520E-08    0.00000E+00    0.00000E+00    0.00000E+00    0.00000E+00
    2.61268E+06    9.40281E-09    0.00000E+00    0.00000E+00    0.00000E+00    0.00000E+00
    2.73644E+06    7.73708E-09    0.00000E+00    0.00000E+00    0.00000E+00    0.00000E+00
    2.86607E+06    6.44661E-09    0.00000E+00    0.00000E+00    0.00000E+00    0.00000E+00
    3.00184E+06    5.32113E-09    0.00000E+00    0.00000E+00    0.00000E+00    0.00000E+00
    3.14404E+06    4.41674E-09    0.00000E+00    0.00000E+00    0.00000E+00    0.00000E+00
    3.29297E+06    3.62844E-09    0.00000E+00    0.00000E+00    0.00000E+00    0.00000E+00
    3.44896E+06    2.98795E-09    0.00000E+00    0.00000E+00    0.00000E+00    0.00000E+00
    3.61234E+06    2.47978E-09    0.00000E+00    0.00000E+00    0.00000E+00    0.00000E+00
    3.78346E+06    2.05673E-09    0.00000E+00    0.00000E+00    0.00000E+00    0.00000E+00
    3.96269E+06    1.68663E-09    0.00000E+00    0.00000E+00    0.00000E+00    0.00000E+00
    4.15040E+06    1.38522E-09    0.00000E+00    0.00000E+00    0.00000E+00    0.00000E+00
    4.34701E+06    1.13157E-09    0.00000E+00    0.00000E+00    0.00000E+00    0.00000E+00
    4.55293E+06    9.24730E-10    0.00000E+00    0.00000E+00    0.00000E+00    0.00000E+00
    4.76861E+06    7.65976E-10    0.00000E+00    0.00000E+00    0.00000E+00    0.00000E+00
    4.99451E+06    6.27674E-10    0.00000E+00    0.00000E+00    0.00000E+00    0.00000E+00
    5.23110E+06    5.11194E-10    0.00000E+00    0.00000E+00    0.00000E+00    0.00000E+00
    5.47890E+06    4.15870E-10    0.00000E+00    0.00000E+00    0.00000E+00    0.00000E+00
    5.73844E+06    3.41403E-10    0.00000E+00    0.00000E+00    0.00000E+00    0.00000E+00
    6.01028E+06    2.77517E-10    0.00000E+00    0.00000E+00    0.00000E+00    0.00000E+00
    6.29499E+06    2.24443E-10    0.00000E+00    0.00000E+00    0.00000E+00    0.00000E+00
    6.59319E+06    1.83403E-10    0.00000E+00    0.00000E+00    0.00000E+00    0.00000E+00
    6.90551E+06    1.49873E-10    0.00000E+00    0.00000E+00    0.00000E+00    0.00000E+00
    7.23264E+06    1.20808E-10    0.00000E+00    0.00000E+00    0.00000E+00    0.00000E+00
    7.57525E+06    9.78325E-11    0.00000E+00    0.00000E+00    0.00000E+00    0.00000E+00
    7.93410E+06    7.97658E-11    0.00000E+00    0.00000E+00    0.00000E+00    0.00000E+00
    8.30994E+06    6.44022E-11    0.00000E+00    0.00000E+00    0.00000E+00    0.00000E+00
    8.70359E+06    5.20768E-11    0.00000E+00    0.00000E+00    0.00000E+00    0.00000E+00
    9.11589E+06    4.17424E-11    0.00000E+00    0.00000E+00    0.00000E+00    0.00000E+00
    9.54771E+06    3.37928E-11    0.00000E+00    0.00000E+00    0.00000E+00    0.00000E+00
    1.00000E+07    2.72225E-11    0.00000E+00    0.00000E+00    0.00000E+00    0.00000E+00
