 # Columns are: Lambda (Angstroms) and Flux (Flux * lambda) (ergs/s/cm^2)
    1.00000E+03    0.00000E+00    0.00000E+00    0.00000E+00    0.00000E+00    0.00000E+00
    1.04737E+03    0.00000E+00    0.00000E+00    0.00000E+00    0.00000E+00    0.00000E+00
    1.09699E+03    0.00000E+00    0.00000E+00    0.00000E+00    0.00000E+00    0.00000E+00
    1.14895E+03    0.00000E+00    0.00000E+00    0.00000E+00    0.00000E+00    0.00000E+00
    1.20338E+03    0.00000E+00    0.00000E+00    0.00000E+00    0.00000E+00    0.00000E+00
    1.26038E+03    0.00000E+00    0.00000E+00    0.00000E+00    0.00000E+00    0.00000E+00
    1.32009E+03    0.00000E+00    0.00000E+00    0.00000E+00    0.00000E+00    0.00000E+00
    1.38262E+03    0.00000E+00    0.00000E+00    0.00000E+00    0.00000E+00    0.00000E+00
    1.44812E+03    0.00000E+00    0.00000E+00    0.00000E+00    0.00000E+00    0.00000E+00
    1.51672E+03    0.00000E+00    0.00000E+00    0.00000E+00    0.00000E+00    0.00000E+00
    1.58857E+03    0.00000E+00    0.00000E+00    0.00000E+00    0.00000E+00    0.00000E+00
    1.66382E+03    0.00000E+00    0.00000E+00    0.00000E+00    0.00000E+00    0.00000E+00
    1.74263E+03    0.00000E+00    0.00000E+00    0.00000E+00    0.00000E+00    0.00000E+00
    1.82518E+03    0.00000E+00    0.00000E+00    0.00000E+00    0.00000E+00    0.00000E+00
    1.91164E+03    0.00000E+00    0.00000E+00    0.00000E+00    0.00000E+00    0.00000E+00
    2.00220E+03    0.00000E+00    0.00000E+00    0.00000E+00    0.00000E+00    0.00000E+00
    2.09705E+03    0.00000E+00    0.00000E+00    0.00000E+00    0.00000E+00    0.00000E+00
    2.19639E+03    0.00000E+00    0.00000E+00    0.00000E+00    0.00000E+00    0.00000E+00
    2.30043E+03    0.00000E+00    0.00000E+00    0.00000E+00    0.00000E+00    0.00000E+00
    2.40940E+03    0.00000E+00    0.00000E+00    0.00000E+00    0.00000E+00    0.00000E+00
    2.52354E+03    0.00000E+00    0.00000E+00    0.00000E+00    0.00000E+00    0.00000E+00
    2.64308E+03    0.00000E+00    0.00000E+00    0.00000E+00    0.00000E+00    0.00000E+00
    2.76829E+03    0.00000E+00    0.00000E+00    0.00000E+00    0.00000E+00    0.00000E+00
    2.89942E+03    0.00000E+00    0.00000E+00    0.00000E+00    0.00000E+00    0.00000E+00
    3.03677E+03    0.00000E+00    0.00000E+00    0.00000E+00    0.00000E+00    0.00000E+00
    3.18063E+03    0.00000E+00    0.00000E+00    0.00000E+00    0.00000E+00    0.00000E+00
    3.33129E+03    0.00000E+00    0.00000E+00    0.00000E+00    0.00000E+00    0.00000E+00
    3.48910E+03    0.00000E+00    0.00000E+00    0.00000E+00    0.00000E+00    0.00000E+00
    3.65438E+03    0.00000E+00    0.00000E+00    0.00000E+00    0.00000E+00    0.00000E+00
    3.82749E+03    0.00000E+00    0.00000E+00    0.00000E+00    0.00000E+00    0.00000E+00
    4.00881E+03    0.00000E+00    0.00000E+00    0.00000E+00    0.00000E+00    0.00000E+00
    4.19871E+03    0.00000E+00    0.00000E+00    0.00000E+00    0.00000E+00    0.00000E+00
    4.39760E+03    0.00000E+00    0.00000E+00    0.00000E+00    0.00000E+00    0.00000E+00
    4.60592E+03    0.00000E+00    0.00000E+00    0.00000E+00    0.00000E+00    0.00000E+00
    4.82411E+03    0.00000E+00    0.00000E+00    0.00000E+00    0.00000E+00    0.00000E+00
    5.05263E+03    0.00000E+00    0.00000E+00    0.00000E+00    0.00000E+00    0.00000E+00
    5.29198E+03    0.00000E+00    0.00000E+00    0.00000E+00    0.00000E+00    0.00000E+00
    5.54266E+03    0.00000E+00    0.00000E+00    0.00000E+00    0.00000E+00    0.00000E+00
    5.80523E+03    0.00000E+00    0.00000E+00    0.00000E+00    0.00000E+00    0.00000E+00
    6.08022E+03    0.00000E+00    0.00000E+00    0.00000E+00    0.00000E+00    0.00000E+00
    6.36825E+03    0.00000E+00    0.00000E+00    0.00000E+00    0.00000E+00    0.00000E+00
    6.66992E+03    0.00000E+00    0.00000E+00    0.00000E+00    0.00000E+00    0.00000E+00
    6.98588E+03    0.00000E+00    0.00000E+00    0.00000E+00    0.00000E+00    0.00000E+00
    7.31681E+03    0.00000E+00    0.00000E+00    0.00000E+00    0.00000E+00    0.00000E+00
    7.66341E+03    0.00000E+00    0.00000E+00    0.00000E+00    0.00000E+00    0.00000E+00
    8.02643E+03    0.00000E+00    0.00000E+00    0.00000E+00    0.00000E+00    0.00000E+00
    8.40665E+03    0.00000E+00    0.00000E+00    0.00000E+00    0.00000E+00    0.00000E+00
    8.80488E+03    0.00000E+00    0.00000E+00    0.00000E+00    0.00000E+00    0.00000E+00
    9.22198E+03    8.66451E-43    0.00000E+00    0.00000E+00    0.00000E+00    0.00000E+00
    9.65883E+03    3.46440E-38    0.00000E+00    0.00000E+00    0.00000E+00    0.00000E+00
    1.01164E+04    2.99806E-34    0.00000E+00    0.00000E+00    0.00000E+00    0.00000E+00
    1.05956E+04    7.07742E-31    0.00000E+00    0.00000E+00    0.00000E+00    0.00000E+00
    1.10975E+04    5.24597E-28    0.00000E+00    0.00000E+00    0.00000E+00    0.00000E+00
    1.16232E+04    1.57664E-25    0.00000E+00    0.00000E+00    0.00000E+00    0.00000E+00
    1.21738E+04    2.40345E-23    0.00000E+00    0.00000E+00    0.00000E+00    0.00000E+00
    1.27505E+04    1.81827E-21    0.00000E+00    0.00000E+00    0.00000E+00    0.00000E+00
    1.33545E+04    5.49703E-20    0.00000E+00    0.00000E+00    0.00000E+00    0.00000E+00
    1.39871E+04    1.66548E-18    0.00000E+00    0.00000E+00    0.00000E+00    0.00000E+00
    1.46497E+04    1.94380E-17    0.00000E+00    0.00000E+00    0.00000E+00    0.00000E+00
    1.53437E+04    2.99336E-16    0.00000E+00    0.00000E+00    0.00000E+00    0.00000E+00
    1.60705E+04    2.28403E-15    0.00000E+00    0.00000E+00    0.00000E+00    0.00000E+00
    1.68318E+04    1.35234E-14    0.00000E+00    0.00000E+00    0.00000E+00    0.00000E+00
    1.76291E+04    5.90243E-14    0.00000E+00    0.00000E+00    0.00000E+00    0.00000E+00
    1.84642E+04    2.09144E-13    0.00000E+00    0.00000E+00    0.00000E+00    0.00000E+00
    1.93389E+04    6.90398E-13    0.00000E+00    0.00000E+00    0.00000E+00    0.00000E+00
    2.02550E+04    1.58670E-12    0.00000E+00    0.00000E+00    0.00000E+00    0.00000E+00
    2.12145E+04    2.90812E-12    0.00000E+00    0.00000E+00    0.00000E+00    0.00000E+00
    2.22195E+04    5.62524E-12    0.00000E+00    0.00000E+00    0.00000E+00    0.00000E+00
    2.32720E+04    1.07139E-11    0.00000E+00    0.00000E+00    0.00000E+00    0.00000E+00
    2.43744E+04    1.60048E-11    0.00000E+00    0.00000E+00    0.00000E+00    0.00000E+00
    2.55291E+04    2.09733E-11    0.00000E+00    0.00000E+00    0.00000E+00    0.00000E+00
    2.67384E+04    2.95417E-11    0.00000E+00    0.00000E+00    0.00000E+00    0.00000E+00
    2.80050E+04    3.86242E-11    0.00000E+00    0.00000E+00    0.00000E+00    0.00000E+00
    2.93317E+04    4.24406E-11    0.00000E+00    0.00000E+00    0.00000E+00    0.00000E+00
    3.07211E+04    4.81616E-11    0.00000E+00    0.00000E+00    0.00000E+00    0.00000E+00
    3.21764E+04    6.16943E-11    0.00000E+00    0.00000E+00    0.00000E+00    0.00000E+00
    3.37006E+04    6.13356E-11    0.00000E+00    0.00000E+00    0.00000E+00    0.00000E+00
    3.52971E+04    6.75582E-11    0.00000E+00    0.00000E+00    0.00000E+00    0.00000E+00
    3.69691E+04    6.71581E-11    0.00000E+00    0.00000E+00    0.00000E+00    0.00000E+00
    3.87204E+04    7.75857E-11    0.00000E+00    0.00000E+00    0.00000E+00    0.00000E+00
    4.05546E+04    7.33488E-11    0.00000E+00    0.00000E+00    0.00000E+00    0.00000E+00
    4.24757E+04    7.63214E-11    0.00000E+00    0.00000E+00    0.00000E+00    0.00000E+00
    4.44878E+04    8.15206E-11    0.00000E+00    0.00000E+00    0.00000E+00    0.00000E+00
    4.65953E+04    8.02666E-11    0.00000E+00    0.00000E+00    0.00000E+00    0.00000E+00
    4.88025E+04    7.84554E-11    0.00000E+00    0.00000E+00    0.00000E+00    0.00000E+00
    5.11143E+04    6.46732E-11    0.00000E+00    0.00000E+00    0.00000E+00    0.00000E+00
    5.35357E+04    6.25135E-11    0.00000E+00    0.00000E+00    0.00000E+00    0.00000E+00
    5.60717E+04    5.47458E-11    0.00000E+00    0.00000E+00    0.00000E+00    0.00000E+00
    5.87279E+04    4.86892E-11    0.00000E+00    0.00000E+00    0.00000E+00    0.00000E+00
    6.15099E+04    4.17473E-11    0.00000E+00    0.00000E+00    0.00000E+00    0.00000E+00
    6.44236E+04    3.52308E-11    0.00000E+00    0.00000E+00    0.00000E+00    0.00000E+00
    6.74754E+04    3.20316E-11    0.00000E+00    0.00000E+00    0.00000E+00    0.00000E+00
    7.06718E+04    2.45656E-11    0.00000E+00    0.00000E+00    0.00000E+00    0.00000E+00
    7.40196E+04    1.57188E-11    0.00000E+00    0.00000E+00    0.00000E+00    0.00000E+00
    7.75260E+04    1.18068E-12    0.00000E+00    0.00000E+00    0.00000E+00    0.00000E+00
    8.11984E+04    3.26827E-15    0.00000E+00    0.00000E+00    0.00000E+00    0.00000E+00
    8.50449E+04    2.10938E-18    0.00000E+00    0.00000E+00    0.00000E+00    0.00000E+00
    8.90735E+04    9.56011E-22    0.00000E+00    0.00000E+00    0.00000E+00    0.00000E+00
    9.32930E+04    2.43286E-25    0.00000E+00    0.00000E+00    0.00000E+00    0.00000E+00
    9.77124E+04    6.62863E-25    0.00000E+00    0.00000E+00    0.00000E+00    0.00000E+00
    1.02341E+05    1.70794E-23    0.00000E+00    0.00000E+00    0.00000E+00    0.00000E+00
    1.07189E+05    2.70025E-21    0.00000E+00    0.00000E+00    0.00000E+00    0.00000E+00
    1.12267E+05    2.92070E-19    0.00000E+00    0.00000E+00    0.00000E+00    0.00000E+00
    1.17585E+05    8.42183E-18    0.00000E+00    0.00000E+00    0.00000E+00    0.00000E+00
    1.23155E+05    2.60699E-16    0.00000E+00    0.00000E+00    0.00000E+00    0.00000E+00
    1.28989E+05    3.15588E-15    0.00000E+00    0.00000E+00    0.00000E+00    0.00000E+00
    1.35099E+05    1.68360E-14    0.00000E+00    0.00000E+00    0.00000E+00    0.00000E+00
    1.41499E+05    3.40184E-14    0.00000E+00    0.00000E+00    0.00000E+00    0.00000E+00
    1.48202E+05    2.17800E-14    0.00000E+00    0.00000E+00    0.00000E+00    0.00000E+00
    1.55222E+05    4.89665E-15    0.00000E+00    0.00000E+00    0.00000E+00    0.00000E+00
    1.62576E+05    1.49770E-15    0.00000E+00    0.00000E+00    0.00000E+00    0.00000E+00
    1.70277E+05    2.40609E-16    0.00000E+00    0.00000E+00    0.00000E+00    0.00000E+00
    1.78343E+05    1.11905E-16    0.00000E+00    0.00000E+00    0.00000E+00    0.00000E+00
    1.86791E+05    1.05273E-16    0.00000E+00    0.00000E+00    0.00000E+00    0.00000E+00
    1.95640E+05    2.06279E-16    0.00000E+00    0.00000E+00    0.00000E+00    0.00000E+00
    2.04907E+05    5.84261E-16    0.00000E+00    0.00000E+00    0.00000E+00    0.00000E+00
    2.14614E+05    1.36985E-15    0.00000E+00    0.00000E+00    0.00000E+00    0.00000E+00
    2.24781E+05    2.87185E-15    0.00000E+00    0.00000E+00    0.00000E+00    0.00000E+00
    2.35429E+05    7.15541E-15    0.00000E+00    0.00000E+00    0.00000E+00    0.00000E+00
    2.46581E+05    1.01486E-14    0.00000E+00    0.00000E+00    0.00000E+00    0.00000E+00
    2.58262E+05    1.81746E-14    0.00000E+00    0.00000E+00    0.00000E+00    0.00000E+00
    2.70496E+05    2.64331E-14    0.00000E+00    0.00000E+00    0.00000E+00    0.00000E+00
    2.83310E+05    3.79705E-14    0.00000E+00    0.00000E+00    0.00000E+00    0.00000E+00
    2.96730E+05    5.41125E-14    0.00000E+00    0.00000E+00    0.00000E+00    0.00000E+00
    3.10787E+05    6.54418E-14    0.00000E+00    0.00000E+00    0.00000E+00    0.00000E+00
    3.25509E+05    9.16170E-14    0.00000E+00    0.00000E+00    0.00000E+00    0.00000E+00
    3.40929E+05    1.13657E-13    0.00000E+00    0.00000E+00    0.00000E+00    0.00000E+00
    3.57078E+05    1.36398E-13    0.00000E+00    0.00000E+00    0.00000E+00    0.00000E+00
    3.73994E+05    1.35699E-13    0.00000E+00    0.00000E+00    0.00000E+00    0.00000E+00
    3.91710E+05    1.53798E-13    0.00000E+00    0.00000E+00    0.00000E+00    0.00000E+00
    4.10266E+05    1.59205E-13    0.00000E+00    0.00000E+00    0.00000E+00    0.00000E+00
    4.29700E+05    1.81012E-13    0.00000E+00    0.00000E+00    0.00000E+00    0.00000E+00
    4.50056E+05    3.44520E-13    0.00000E+00    0.00000E+00    0.00000E+00    0.00000E+00
    4.71375E+05    3.45024E-13    0.00000E+00    0.00000E+00    0.00000E+00    0.00000E+00
    4.93705E+05    3.85948E-13    0.00000E+00    0.00000E+00    0.00000E+00    0.00000E+00
    5.17092E+05    3.57984E-13    0.00000E+00    0.00000E+00    0.00000E+00    0.00000E+00
    5.41587E+05    3.29613E-13    0.00000E+00    0.00000E+00    0.00000E+00    0.00000E+00
    5.67243E+05    3.29694E-13    0.00000E+00    0.00000E+00    0.00000E+00    0.00000E+00
    5.94113E+05    2.94815E-13    0.00000E+00    0.00000E+00    0.00000E+00    0.00000E+00
    6.22257E+05    2.95174E-13    0.00000E+00    0.00000E+00    0.00000E+00    0.00000E+00
    6.51734E+05    2.45727E-13    0.00000E+00    0.00000E+00    0.00000E+00    0.00000E+00
    6.82607E+05    2.26821E-13    0.00000E+00    0.00000E+00    0.00000E+00    0.00000E+00
    7.14943E+05    2.04864E-13    0.00000E+00    0.00000E+00    0.00000E+00    0.00000E+00
    7.48810E+05    2.73903E-13    0.00000E+00    0.00000E+00    0.00000E+00    0.00000E+00
    7.84282E+05    2.61097E-13    0.00000E+00    0.00000E+00    0.00000E+00    0.00000E+00
    8.21434E+05    0.00000E+00    0.00000E+00    0.00000E+00    0.00000E+00    0.00000E+00
    8.60346E+05    0.00000E+00    0.00000E+00    0.00000E+00    0.00000E+00    0.00000E+00
    9.01102E+05    0.00000E+00    0.00000E+00    0.00000E+00    0.00000E+00    0.00000E+00
    9.43788E+05    0.00000E+00    0.00000E+00    0.00000E+00    0.00000E+00    0.00000E+00
    9.88496E+05    0.00000E+00    0.00000E+00    0.00000E+00    0.00000E+00    0.00000E+00
    1.03532E+06    0.00000E+00    0.00000E+00    0.00000E+00    0.00000E+00    0.00000E+00
    1.08437E+06    0.00000E+00    0.00000E+00    0.00000E+00    0.00000E+00    0.00000E+00
    1.13573E+06    0.00000E+00    0.00000E+00    0.00000E+00    0.00000E+00    0.00000E+00
    1.18953E+06    0.00000E+00    0.00000E+00    0.00000E+00    0.00000E+00    0.00000E+00
    1.24588E+06    0.00000E+00    0.00000E+00    0.00000E+00    0.00000E+00    0.00000E+00
    1.30490E+06    0.00000E+00    0.00000E+00    0.00000E+00    0.00000E+00    0.00000E+00
    1.36672E+06    0.00000E+00    0.00000E+00    0.00000E+00    0.00000E+00    0.00000E+00
    1.43146E+06    0.00000E+00    0.00000E+00    0.00000E+00    0.00000E+00    0.00000E+00
    1.49927E+06    0.00000E+00    0.00000E+00    0.00000E+00    0.00000E+00    0.00000E+00
    1.57029E+06    0.00000E+00    0.00000E+00    0.00000E+00    0.00000E+00    0.00000E+00
    1.64468E+06    0.00000E+00    0.00000E+00    0.00000E+00    0.00000E+00    0.00000E+00
    1.72259E+06    0.00000E+00    0.00000E+00    0.00000E+00    0.00000E+00    0.00000E+00
    1.80419E+06    0.00000E+00    0.00000E+00    0.00000E+00    0.00000E+00    0.00000E+00
    1.88965E+06    0.00000E+00    0.00000E+00    0.00000E+00    0.00000E+00    0.00000E+00
    1.97917E+06    0.00000E+00    0.00000E+00    0.00000E+00    0.00000E+00    0.00000E+00
    2.07292E+06    0.00000E+00    0.00000E+00    0.00000E+00    0.00000E+00    0.00000E+00
    2.17112E+06    0.00000E+00    0.00000E+00    0.00000E+00    0.00000E+00    0.00000E+00
    2.27397E+06    0.00000E+00    0.00000E+00    0.00000E+00    0.00000E+00    0.00000E+00
    2.38169E+06    0.00000E+00    0.00000E+00    0.00000E+00    0.00000E+00    0.00000E+00
    2.49451E+06    0.00000E+00    0.00000E+00    0.00000E+00    0.00000E+00    0.00000E+00
    2.61268E+06    0.00000E+00    0.00000E+00    0.00000E+00    0.00000E+00    0.00000E+00
    2.73644E+06    0.00000E+00    0.00000E+00    0.00000E+00    0.00000E+00    0.00000E+00
    2.86607E+06    0.00000E+00    0.00000E+00    0.00000E+00    0.00000E+00    0.00000E+00
    3.00184E+06    0.00000E+00    0.00000E+00    0.00000E+00    0.00000E+00    0.00000E+00
    3.14404E+06    0.00000E+00    0.00000E+00    0.00000E+00    0.00000E+00    0.00000E+00
    3.29297E+06    0.00000E+00    0.00000E+00    0.00000E+00    0.00000E+00    0.00000E+00
    3.44896E+06    0.00000E+00    0.00000E+00    0.00000E+00    0.00000E+00    0.00000E+00
    3.61234E+06    0.00000E+00    0.00000E+00    0.00000E+00    0.00000E+00    0.00000E+00
    3.78346E+06    0.00000E+00    0.00000E+00    0.00000E+00    0.00000E+00    0.00000E+00
    3.96269E+06    0.00000E+00    0.00000E+00    0.00000E+00    0.00000E+00    0.00000E+00
    4.15040E+06    0.00000E+00    0.00000E+00    0.00000E+00    0.00000E+00    0.00000E+00
    4.34701E+06    0.00000E+00    0.00000E+00    0.00000E+00    0.00000E+00    0.00000E+00
    4.55293E+06    0.00000E+00    0.00000E+00    0.00000E+00    0.00000E+00    0.00000E+00
    4.76861E+06    0.00000E+00    0.00000E+00    0.00000E+00    0.00000E+00    0.00000E+00
    4.99451E+06    0.00000E+00    0.00000E+00    0.00000E+00    0.00000E+00    0.00000E+00
    5.23110E+06    0.00000E+00    0.00000E+00    0.00000E+00    0.00000E+00    0.00000E+00
    5.47890E+06    0.00000E+00    0.00000E+00    0.00000E+00    0.00000E+00    0.00000E+00
    5.73844E+06    0.00000E+00    0.00000E+00    0.00000E+00    0.00000E+00    0.00000E+00
    6.01028E+06    0.00000E+00    0.00000E+00    0.00000E+00    0.00000E+00    0.00000E+00
    6.29499E+06    0.00000E+00    0.00000E+00    0.00000E+00    0.00000E+00    0.00000E+00
    6.59319E+06    0.00000E+00    0.00000E+00    0.00000E+00    0.00000E+00    0.00000E+00
    6.90551E+06    0.00000E+00    0.00000E+00    0.00000E+00    0.00000E+00    0.00000E+00
    7.23264E+06    0.00000E+00    0.00000E+00    0.00000E+00    0.00000E+00    0.00000E+00
    7.57525E+06    0.00000E+00    0.00000E+00    0.00000E+00    0.00000E+00    0.00000E+00
    7.93410E+06    0.00000E+00    0.00000E+00    0.00000E+00    0.00000E+00    0.00000E+00
    8.30994E+06    0.00000E+00    0.00000E+00    0.00000E+00    0.00000E+00    0.00000E+00
    8.70359E+06    0.00000E+00    0.00000E+00    0.00000E+00    0.00000E+00    0.00000E+00
    9.11589E+06    0.00000E+00    0.00000E+00    0.00000E+00    0.00000E+00    0.00000E+00
    9.54771E+06    0.00000E+00    0.00000E+00    0.00000E+00    0.00000E+00    0.00000E+00
    1.00000E+07    0.00000E+00    0.00000E+00    0.00000E+00    0.00000E+00    0.00000E+00
