 # Columns are: Lambda (Angstroms) and Flux (Flux * lambda) (ergs/s/cm^2)
    1.00000E+03    0.00000E+00    0.00000E+00    0.00000E+00    0.00000E+00    0.00000E+00
    1.04737E+03    0.00000E+00    0.00000E+00    0.00000E+00    0.00000E+00    0.00000E+00
    1.09699E+03    0.00000E+00    0.00000E+00    0.00000E+00    0.00000E+00    0.00000E+00
    1.14895E+03    0.00000E+00    0.00000E+00    0.00000E+00    0.00000E+00    0.00000E+00
    1.20338E+03    0.00000E+00    0.00000E+00    0.00000E+00    0.00000E+00    0.00000E+00
    1.26038E+03    0.00000E+00    0.00000E+00    0.00000E+00    0.00000E+00    0.00000E+00
    1.32009E+03    0.00000E+00    0.00000E+00    0.00000E+00    0.00000E+00    0.00000E+00
    1.38262E+03    0.00000E+00    0.00000E+00    0.00000E+00    0.00000E+00    0.00000E+00
    1.44812E+03    0.00000E+00    0.00000E+00    0.00000E+00    0.00000E+00    0.00000E+00
    1.51672E+03    0.00000E+00    0.00000E+00    0.00000E+00    0.00000E+00    0.00000E+00
    1.58857E+03    0.00000E+00    0.00000E+00    0.00000E+00    0.00000E+00    0.00000E+00
    1.66382E+03    0.00000E+00    0.00000E+00    0.00000E+00    0.00000E+00    0.00000E+00
    1.74263E+03    0.00000E+00    0.00000E+00    0.00000E+00    0.00000E+00    0.00000E+00
    1.82518E+03    0.00000E+00    0.00000E+00    0.00000E+00    0.00000E+00    0.00000E+00
    1.91164E+03    0.00000E+00    0.00000E+00    0.00000E+00    0.00000E+00    0.00000E+00
    2.00220E+03    0.00000E+00    0.00000E+00    0.00000E+00    0.00000E+00    0.00000E+00
    2.09705E+03    0.00000E+00    0.00000E+00    0.00000E+00    0.00000E+00    0.00000E+00
    2.19639E+03    0.00000E+00    0.00000E+00    0.00000E+00    0.00000E+00    0.00000E+00
    2.30043E+03    0.00000E+00    0.00000E+00    0.00000E+00    0.00000E+00    0.00000E+00
    2.40940E+03    0.00000E+00    0.00000E+00    0.00000E+00    0.00000E+00    0.00000E+00
    2.52354E+03    0.00000E+00    0.00000E+00    0.00000E+00    0.00000E+00    0.00000E+00
    2.64308E+03    0.00000E+00    0.00000E+00    0.00000E+00    0.00000E+00    0.00000E+00
    2.76829E+03    0.00000E+00    0.00000E+00    0.00000E+00    0.00000E+00    0.00000E+00
    2.89942E+03    0.00000E+00    0.00000E+00    0.00000E+00    0.00000E+00    0.00000E+00
    3.03677E+03    0.00000E+00    0.00000E+00    0.00000E+00    0.00000E+00    0.00000E+00
    3.18063E+03    0.00000E+00    0.00000E+00    0.00000E+00    0.00000E+00    0.00000E+00
    3.33129E+03    0.00000E+00    0.00000E+00    0.00000E+00    0.00000E+00    0.00000E+00
    3.48910E+03    0.00000E+00    0.00000E+00    0.00000E+00    0.00000E+00    0.00000E+00
    3.65438E+03    0.00000E+00    0.00000E+00    0.00000E+00    0.00000E+00    0.00000E+00
    3.82749E+03    0.00000E+00    0.00000E+00    0.00000E+00    0.00000E+00    0.00000E+00
    4.00881E+03    0.00000E+00    0.00000E+00    0.00000E+00    0.00000E+00    0.00000E+00
    4.19871E+03    0.00000E+00    0.00000E+00    0.00000E+00    0.00000E+00    0.00000E+00
    4.39760E+03    0.00000E+00    0.00000E+00    0.00000E+00    0.00000E+00    0.00000E+00
    4.60592E+03    0.00000E+00    0.00000E+00    0.00000E+00    0.00000E+00    0.00000E+00
    4.82411E+03    0.00000E+00    0.00000E+00    0.00000E+00    0.00000E+00    0.00000E+00
    5.05263E+03    0.00000E+00    0.00000E+00    0.00000E+00    0.00000E+00    0.00000E+00
    5.29198E+03    0.00000E+00    0.00000E+00    0.00000E+00    0.00000E+00    0.00000E+00
    5.54266E+03    0.00000E+00    0.00000E+00    0.00000E+00    0.00000E+00    0.00000E+00
    5.80523E+03    0.00000E+00    0.00000E+00    0.00000E+00    0.00000E+00    0.00000E+00
    6.08022E+03    0.00000E+00    0.00000E+00    0.00000E+00    0.00000E+00    0.00000E+00
    6.36825E+03    0.00000E+00    0.00000E+00    0.00000E+00    0.00000E+00    0.00000E+00
    6.66992E+03    0.00000E+00    0.00000E+00    0.00000E+00    0.00000E+00    0.00000E+00
    6.98588E+03    0.00000E+00    0.00000E+00    0.00000E+00    0.00000E+00    0.00000E+00
    7.31681E+03    0.00000E+00    0.00000E+00    0.00000E+00    0.00000E+00    0.00000E+00
    7.66341E+03    0.00000E+00    0.00000E+00    0.00000E+00    0.00000E+00    0.00000E+00
    8.02643E+03    0.00000E+00    0.00000E+00    0.00000E+00    0.00000E+00    0.00000E+00
    8.40665E+03    0.00000E+00    0.00000E+00    0.00000E+00    0.00000E+00    0.00000E+00
    8.80488E+03    0.00000E+00    0.00000E+00    0.00000E+00    0.00000E+00    0.00000E+00
    9.22198E+03    0.00000E+00    0.00000E+00    0.00000E+00    0.00000E+00    0.00000E+00
    9.65883E+03    0.00000E+00    0.00000E+00    0.00000E+00    0.00000E+00    0.00000E+00
    1.01164E+04    0.00000E+00    0.00000E+00    0.00000E+00    0.00000E+00    0.00000E+00
    1.05956E+04    0.00000E+00    0.00000E+00    0.00000E+00    0.00000E+00    0.00000E+00
    1.10975E+04    0.00000E+00    0.00000E+00    0.00000E+00    0.00000E+00    0.00000E+00
    1.16232E+04    0.00000E+00    0.00000E+00    0.00000E+00    0.00000E+00    0.00000E+00
    1.21738E+04    0.00000E+00    0.00000E+00    0.00000E+00    0.00000E+00    0.00000E+00
    1.27505E+04    0.00000E+00    0.00000E+00    0.00000E+00    0.00000E+00    0.00000E+00
    1.33545E+04    0.00000E+00    0.00000E+00    0.00000E+00    0.00000E+00    0.00000E+00
    1.39871E+04    0.00000E+00    0.00000E+00    0.00000E+00    0.00000E+00    0.00000E+00
    1.46497E+04    0.00000E+00    0.00000E+00    0.00000E+00    0.00000E+00    0.00000E+00
    1.53437E+04    0.00000E+00    0.00000E+00    0.00000E+00    0.00000E+00    0.00000E+00
    1.60705E+04    0.00000E+00    0.00000E+00    0.00000E+00    0.00000E+00    0.00000E+00
    1.68318E+04    0.00000E+00    0.00000E+00    0.00000E+00    0.00000E+00    0.00000E+00
    1.76291E+04    0.00000E+00    0.00000E+00    0.00000E+00    0.00000E+00    0.00000E+00
    1.84642E+04    0.00000E+00    0.00000E+00    0.00000E+00    0.00000E+00    0.00000E+00
    1.93389E+04    0.00000E+00    0.00000E+00    0.00000E+00    0.00000E+00    0.00000E+00
    2.02550E+04    0.00000E+00    0.00000E+00    0.00000E+00    0.00000E+00    0.00000E+00
    2.12145E+04    2.97871E-49    0.00000E+00    0.00000E+00    0.00000E+00    0.00000E+00
    2.22195E+04    4.90011E-48    0.00000E+00    0.00000E+00    0.00000E+00    0.00000E+00
    2.32720E+04    4.90029E-44    0.00000E+00    0.00000E+00    0.00000E+00    0.00000E+00
    2.43744E+04    1.34301E-40    0.00000E+00    0.00000E+00    0.00000E+00    0.00000E+00
    2.55291E+04    1.73512E-38    0.00000E+00    0.00000E+00    0.00000E+00    0.00000E+00
    2.67384E+04    6.84235E-37    0.00000E+00    0.00000E+00    0.00000E+00    0.00000E+00
    2.80050E+04    1.45786E-34    0.00000E+00    0.00000E+00    0.00000E+00    0.00000E+00
    2.93317E+04    8.12966E-30    0.00000E+00    0.00000E+00    0.00000E+00    0.00000E+00
    3.07211E+04    5.35470E-29    0.00000E+00    0.00000E+00    0.00000E+00    0.00000E+00
    3.21764E+04    3.82341E-29    0.00000E+00    0.00000E+00    0.00000E+00    0.00000E+00
    3.37006E+04    3.19142E-26    0.00000E+00    0.00000E+00    0.00000E+00    0.00000E+00
    3.52971E+04    5.96183E-21    0.00000E+00    0.00000E+00    0.00000E+00    0.00000E+00
    3.69691E+04    4.00463E-22    0.00000E+00    0.00000E+00    0.00000E+00    0.00000E+00
    3.87204E+04    3.58894E-22    0.00000E+00    0.00000E+00    0.00000E+00    0.00000E+00
    4.05546E+04    7.10908E-20    0.00000E+00    0.00000E+00    0.00000E+00    0.00000E+00
    4.24757E+04    8.85846E-19    0.00000E+00    0.00000E+00    0.00000E+00    0.00000E+00
    4.44878E+04    1.47786E-19    0.00000E+00    0.00000E+00    0.00000E+00    0.00000E+00
    4.65953E+04    2.49157E-18    0.00000E+00    0.00000E+00    0.00000E+00    0.00000E+00
    4.88025E+04    2.35844E-16    0.00000E+00    0.00000E+00    0.00000E+00    0.00000E+00
    5.11143E+04    2.62010E-17    0.00000E+00    0.00000E+00    0.00000E+00    0.00000E+00
    5.35357E+04    4.32738E-17    0.00000E+00    0.00000E+00    0.00000E+00    0.00000E+00
    5.60717E+04    1.18956E-15    0.00000E+00    0.00000E+00    0.00000E+00    0.00000E+00
    5.87279E+04    4.10823E-16    0.00000E+00    0.00000E+00    0.00000E+00    0.00000E+00
    6.15099E+04    1.38769E-15    0.00000E+00    0.00000E+00    0.00000E+00    0.00000E+00
    6.44236E+04    1.76783E-15    0.00000E+00    0.00000E+00    0.00000E+00    0.00000E+00
    6.74754E+04    3.30698E-15    0.00000E+00    0.00000E+00    0.00000E+00    0.00000E+00
    7.06718E+04    2.40299E-15    0.00000E+00    0.00000E+00    0.00000E+00    0.00000E+00
    7.40196E+04    2.05850E-15    0.00000E+00    0.00000E+00    0.00000E+00    0.00000E+00
    7.75260E+04    2.31989E-20    0.00000E+00    0.00000E+00    0.00000E+00    0.00000E+00
    8.11984E+04    2.94926E-29    0.00000E+00    0.00000E+00    0.00000E+00    0.00000E+00
    8.50449E+04    3.28783E-39    0.00000E+00    0.00000E+00    0.00000E+00    0.00000E+00
    8.90735E+04    0.00000E+00    0.00000E+00    0.00000E+00    0.00000E+00    0.00000E+00
    9.32930E+04    0.00000E+00    0.00000E+00    0.00000E+00    0.00000E+00    0.00000E+00
    9.77124E+04    0.00000E+00    0.00000E+00    0.00000E+00    0.00000E+00    0.00000E+00
    1.02341E+05    0.00000E+00    0.00000E+00    0.00000E+00    0.00000E+00    0.00000E+00
    1.07189E+05    9.05103E-39    0.00000E+00    0.00000E+00    0.00000E+00    0.00000E+00
    1.12267E+05    4.14142E-34    0.00000E+00    0.00000E+00    0.00000E+00    0.00000E+00
    1.17585E+05    2.33844E-32    0.00000E+00    0.00000E+00    0.00000E+00    0.00000E+00
    1.23155E+05    1.18715E-29    0.00000E+00    0.00000E+00    0.00000E+00    0.00000E+00
    1.28989E+05    6.07146E-23    0.00000E+00    0.00000E+00    0.00000E+00    0.00000E+00
    1.35099E+05    2.94649E-20    0.00000E+00    0.00000E+00    0.00000E+00    0.00000E+00
    1.41499E+05    9.37409E-19    0.00000E+00    0.00000E+00    0.00000E+00    0.00000E+00
    1.48202E+05    1.51909E-18    0.00000E+00    0.00000E+00    0.00000E+00    0.00000E+00
    1.55222E+05    1.50189E-18    0.00000E+00    0.00000E+00    0.00000E+00    0.00000E+00
    1.62576E+05    3.49967E-20    0.00000E+00    0.00000E+00    0.00000E+00    0.00000E+00
    1.70277E+05    4.09653E-21    0.00000E+00    0.00000E+00    0.00000E+00    0.00000E+00
    1.78343E+05    5.18709E-21    0.00000E+00    0.00000E+00    0.00000E+00    0.00000E+00
    1.86791E+05    8.22529E-22    0.00000E+00    0.00000E+00    0.00000E+00    0.00000E+00
    1.95640E+05    6.49132E-20    0.00000E+00    0.00000E+00    0.00000E+00    0.00000E+00
    2.04907E+05    3.67606E-18    0.00000E+00    0.00000E+00    0.00000E+00    0.00000E+00
    2.14614E+05    3.42694E-17    0.00000E+00    0.00000E+00    0.00000E+00    0.00000E+00
    2.24781E+05    1.30759E-16    0.00000E+00    0.00000E+00    0.00000E+00    0.00000E+00
    2.35429E+05    1.16792E-15    0.00000E+00    0.00000E+00    0.00000E+00    0.00000E+00
    2.46581E+05    3.45205E-15    0.00000E+00    0.00000E+00    0.00000E+00    0.00000E+00
    2.58262E+05    3.63712E-14    0.00000E+00    0.00000E+00    0.00000E+00    0.00000E+00
    2.70496E+05    9.87230E-14    0.00000E+00    0.00000E+00    0.00000E+00    0.00000E+00
    2.83310E+05    4.20415E-13    0.00000E+00    0.00000E+00    0.00000E+00    0.00000E+00
    2.96730E+05    2.16421E-12    0.00000E+00    0.00000E+00    0.00000E+00    0.00000E+00
    3.10787E+05    3.16920E-12    0.00000E+00    0.00000E+00    0.00000E+00    0.00000E+00
    3.25509E+05    1.03772E-11    0.00000E+00    0.00000E+00    0.00000E+00    0.00000E+00
    3.40929E+05    1.48752E-11    0.00000E+00    0.00000E+00    0.00000E+00    0.00000E+00
    3.57078E+05    5.04941E-11    0.00000E+00    0.00000E+00    0.00000E+00    0.00000E+00
    3.73994E+05    8.52400E-11    0.00000E+00    0.00000E+00    0.00000E+00    0.00000E+00
    3.91710E+05    1.75260E-10    0.00000E+00    0.00000E+00    0.00000E+00    0.00000E+00
    4.10266E+05    1.99523E-10    0.00000E+00    0.00000E+00    0.00000E+00    0.00000E+00
    4.29700E+05    4.36023E-10    0.00000E+00    0.00000E+00    0.00000E+00    0.00000E+00
    4.50056E+05    7.64608E-10    0.00000E+00    0.00000E+00    0.00000E+00    0.00000E+00
    4.71375E+05    1.13690E-09    0.00000E+00    0.00000E+00    0.00000E+00    0.00000E+00
    4.93705E+05    1.33198E-09    0.00000E+00    0.00000E+00    0.00000E+00    0.00000E+00
    5.17092E+05    1.78545E-09    0.00000E+00    0.00000E+00    0.00000E+00    0.00000E+00
    5.41587E+05    2.56266E-09    0.00000E+00    0.00000E+00    0.00000E+00    0.00000E+00
    5.67243E+05    3.32387E-09    0.00000E+00    0.00000E+00    0.00000E+00    0.00000E+00
    5.94113E+05    4.55764E-09    0.00000E+00    0.00000E+00    0.00000E+00    0.00000E+00
    6.22257E+05    4.86346E-09    0.00000E+00    0.00000E+00    0.00000E+00    0.00000E+00
    6.51734E+05    6.00698E-09    0.00000E+00    0.00000E+00    0.00000E+00    0.00000E+00
    6.82607E+05    7.04302E-09    0.00000E+00    0.00000E+00    0.00000E+00    0.00000E+00
    7.14943E+05    7.61545E-09    0.00000E+00    0.00000E+00    0.00000E+00    0.00000E+00
    7.48810E+05    8.83459E-09    0.00000E+00    0.00000E+00    0.00000E+00    0.00000E+00
    7.84282E+05    9.23965E-09    0.00000E+00    0.00000E+00    0.00000E+00    0.00000E+00
    8.21434E+05    1.00051E-08    0.00000E+00    0.00000E+00    0.00000E+00    0.00000E+00
    8.60346E+05    1.08116E-08    0.00000E+00    0.00000E+00    0.00000E+00    0.00000E+00
    9.01102E+05    1.10163E-08    0.00000E+00    0.00000E+00    0.00000E+00    0.00000E+00
    9.43788E+05    1.17823E-08    0.00000E+00    0.00000E+00    0.00000E+00    0.00000E+00
    9.88496E+05    1.16361E-08    0.00000E+00    0.00000E+00    0.00000E+00    0.00000E+00
    1.03532E+06    1.18750E-08    0.00000E+00    0.00000E+00    0.00000E+00    0.00000E+00
    1.08437E+06    1.16640E-08    0.00000E+00    0.00000E+00    0.00000E+00    0.00000E+00
    1.13573E+06    1.13947E-08    0.00000E+00    0.00000E+00    0.00000E+00    0.00000E+00
    1.18953E+06    1.10716E-08    0.00000E+00    0.00000E+00    0.00000E+00    0.00000E+00
    1.24588E+06    1.06099E-08    0.00000E+00    0.00000E+00    0.00000E+00    0.00000E+00
    1.30490E+06    1.01972E-08    0.00000E+00    0.00000E+00    0.00000E+00    0.00000E+00
    1.36672E+06    9.63640E-09    0.00000E+00    0.00000E+00    0.00000E+00    0.00000E+00
    1.43146E+06    9.00151E-09    0.00000E+00    0.00000E+00    0.00000E+00    0.00000E+00
    1.49927E+06    8.36080E-09    0.00000E+00    0.00000E+00    0.00000E+00    0.00000E+00
    1.57029E+06    7.69899E-09    0.00000E+00    0.00000E+00    0.00000E+00    0.00000E+00
    1.64468E+06    6.98152E-09    0.00000E+00    0.00000E+00    0.00000E+00    0.00000E+00
    1.72259E+06    6.35869E-09    0.00000E+00    0.00000E+00    0.00000E+00    0.00000E+00
    1.80419E+06    5.77721E-09    0.00000E+00    0.00000E+00    0.00000E+00    0.00000E+00
    1.88965E+06    5.14642E-09    0.00000E+00    0.00000E+00    0.00000E+00    0.00000E+00
    1.97917E+06    4.60907E-09    0.00000E+00    0.00000E+00    0.00000E+00    0.00000E+00
    2.07292E+06    4.04308E-09    0.00000E+00    0.00000E+00    0.00000E+00    0.00000E+00
    2.17112E+06    3.56887E-09    0.00000E+00    0.00000E+00    0.00000E+00    0.00000E+00
    2.27397E+06    3.13064E-09    0.00000E+00    0.00000E+00    0.00000E+00    0.00000E+00
    2.38169E+06    2.72327E-09    0.00000E+00    0.00000E+00    0.00000E+00    0.00000E+00
    2.49451E+06    2.35790E-09    0.00000E+00    0.00000E+00    0.00000E+00    0.00000E+00
    2.61268E+06    2.03041E-09    0.00000E+00    0.00000E+00    0.00000E+00    0.00000E+00
    2.73644E+06    1.73724E-09    0.00000E+00    0.00000E+00    0.00000E+00    0.00000E+00
    2.86607E+06    1.48664E-09    0.00000E+00    0.00000E+00    0.00000E+00    0.00000E+00
    3.00184E+06    1.26158E-09    0.00000E+00    0.00000E+00    0.00000E+00    0.00000E+00
    3.14404E+06    1.07374E-09    0.00000E+00    0.00000E+00    0.00000E+00    0.00000E+00
    3.29297E+06    9.04204E-10    0.00000E+00    0.00000E+00    0.00000E+00    0.00000E+00
    3.44896E+06    7.60875E-10    0.00000E+00    0.00000E+00    0.00000E+00    0.00000E+00
    3.61234E+06    6.37043E-10    0.00000E+00    0.00000E+00    0.00000E+00    0.00000E+00
    3.78346E+06    5.33490E-10    0.00000E+00    0.00000E+00    0.00000E+00    0.00000E+00
    3.96269E+06    4.46712E-10    0.00000E+00    0.00000E+00    0.00000E+00    0.00000E+00
    4.15040E+06    3.70024E-10    0.00000E+00    0.00000E+00    0.00000E+00    0.00000E+00
    4.34701E+06    3.08620E-10    0.00000E+00    0.00000E+00    0.00000E+00    0.00000E+00
    4.55293E+06    2.55575E-10    0.00000E+00    0.00000E+00    0.00000E+00    0.00000E+00
    4.76861E+06    2.11074E-10    0.00000E+00    0.00000E+00    0.00000E+00    0.00000E+00
    4.99451E+06    1.73390E-10    0.00000E+00    0.00000E+00    0.00000E+00    0.00000E+00
    5.23110E+06    1.42496E-10    0.00000E+00    0.00000E+00    0.00000E+00    0.00000E+00
    5.47890E+06    1.17333E-10    0.00000E+00    0.00000E+00    0.00000E+00    0.00000E+00
    5.73844E+06    9.60392E-11    0.00000E+00    0.00000E+00    0.00000E+00    0.00000E+00
    6.01028E+06    7.85233E-11    0.00000E+00    0.00000E+00    0.00000E+00    0.00000E+00
    6.29499E+06    6.42865E-11    0.00000E+00    0.00000E+00    0.00000E+00    0.00000E+00
    6.59319E+06    5.22244E-11    0.00000E+00    0.00000E+00    0.00000E+00    0.00000E+00
    6.90551E+06    4.26876E-11    0.00000E+00    0.00000E+00    0.00000E+00    0.00000E+00
    7.23264E+06    3.45527E-11    0.00000E+00    0.00000E+00    0.00000E+00    0.00000E+00
    7.57525E+06    2.81188E-11    0.00000E+00    0.00000E+00    0.00000E+00    0.00000E+00
    7.93410E+06    2.29113E-11    0.00000E+00    0.00000E+00    0.00000E+00    0.00000E+00
    8.30994E+06    1.84672E-11    0.00000E+00    0.00000E+00    0.00000E+00    0.00000E+00
    8.70359E+06    1.50107E-11    0.00000E+00    0.00000E+00    0.00000E+00    0.00000E+00
    9.11589E+06    1.20732E-11    0.00000E+00    0.00000E+00    0.00000E+00    0.00000E+00
    9.54771E+06    9.77296E-12    0.00000E+00    0.00000E+00    0.00000E+00    0.00000E+00
    1.00000E+07    7.93523E-12    0.00000E+00    0.00000E+00    0.00000E+00    0.00000E+00
