 # Columns are: Lambda (Angstroms) and Flux (Flux * lambda) (ergs/s/cm^2)
    1.00000E+03    0.00000E+00    0.00000E+00    0.00000E+00    0.00000E+00    0.00000E+00
    1.04737E+03    0.00000E+00    0.00000E+00    0.00000E+00    0.00000E+00    0.00000E+00
    1.09699E+03    0.00000E+00    0.00000E+00    0.00000E+00    0.00000E+00    0.00000E+00
    1.14895E+03    0.00000E+00    0.00000E+00    0.00000E+00    0.00000E+00    0.00000E+00
    1.20338E+03    0.00000E+00    0.00000E+00    0.00000E+00    0.00000E+00    0.00000E+00
    1.26038E+03    0.00000E+00    0.00000E+00    0.00000E+00    0.00000E+00    0.00000E+00
    1.32009E+03    0.00000E+00    0.00000E+00    0.00000E+00    0.00000E+00    0.00000E+00
    1.38262E+03    0.00000E+00    0.00000E+00    0.00000E+00    0.00000E+00    0.00000E+00
    1.44812E+03    0.00000E+00    0.00000E+00    0.00000E+00    0.00000E+00    0.00000E+00
    1.51672E+03    0.00000E+00    0.00000E+00    0.00000E+00    0.00000E+00    0.00000E+00
    1.58857E+03    0.00000E+00    0.00000E+00    0.00000E+00    0.00000E+00    0.00000E+00
    1.66382E+03    0.00000E+00    0.00000E+00    0.00000E+00    0.00000E+00    0.00000E+00
    1.74263E+03    0.00000E+00    0.00000E+00    0.00000E+00    0.00000E+00    0.00000E+00
    1.82518E+03    0.00000E+00    0.00000E+00    0.00000E+00    0.00000E+00    0.00000E+00
    1.91164E+03    0.00000E+00    0.00000E+00    0.00000E+00    0.00000E+00    0.00000E+00
    2.00220E+03    0.00000E+00    0.00000E+00    0.00000E+00    0.00000E+00    0.00000E+00
    2.09705E+03    0.00000E+00    0.00000E+00    0.00000E+00    0.00000E+00    0.00000E+00
    2.19639E+03    0.00000E+00    0.00000E+00    0.00000E+00    0.00000E+00    0.00000E+00
    2.30043E+03    0.00000E+00    0.00000E+00    0.00000E+00    0.00000E+00    0.00000E+00
    2.40940E+03    0.00000E+00    0.00000E+00    0.00000E+00    0.00000E+00    0.00000E+00
    2.52354E+03    0.00000E+00    0.00000E+00    0.00000E+00    0.00000E+00    0.00000E+00
    2.64308E+03    0.00000E+00    0.00000E+00    0.00000E+00    0.00000E+00    0.00000E+00
    2.76829E+03    0.00000E+00    0.00000E+00    0.00000E+00    0.00000E+00    0.00000E+00
    2.89942E+03    0.00000E+00    0.00000E+00    0.00000E+00    0.00000E+00    0.00000E+00
    3.03677E+03    0.00000E+00    0.00000E+00    0.00000E+00    0.00000E+00    0.00000E+00
    3.18063E+03    0.00000E+00    0.00000E+00    0.00000E+00    0.00000E+00    0.00000E+00
    3.33129E+03    0.00000E+00    0.00000E+00    0.00000E+00    0.00000E+00    0.00000E+00
    3.48910E+03    0.00000E+00    0.00000E+00    0.00000E+00    0.00000E+00    0.00000E+00
    3.65438E+03    0.00000E+00    0.00000E+00    0.00000E+00    0.00000E+00    0.00000E+00
    3.82749E+03    0.00000E+00    0.00000E+00    0.00000E+00    0.00000E+00    0.00000E+00
    4.00881E+03    0.00000E+00    0.00000E+00    0.00000E+00    0.00000E+00    0.00000E+00
    4.19871E+03    0.00000E+00    0.00000E+00    0.00000E+00    0.00000E+00    0.00000E+00
    4.39760E+03    0.00000E+00    0.00000E+00    0.00000E+00    0.00000E+00    0.00000E+00
    4.60592E+03    0.00000E+00    0.00000E+00    0.00000E+00    0.00000E+00    0.00000E+00
    4.82411E+03    0.00000E+00    0.00000E+00    0.00000E+00    0.00000E+00    0.00000E+00
    5.05263E+03    0.00000E+00    0.00000E+00    0.00000E+00    0.00000E+00    0.00000E+00
    5.29198E+03    0.00000E+00    0.00000E+00    0.00000E+00    0.00000E+00    0.00000E+00
    5.54266E+03    0.00000E+00    0.00000E+00    0.00000E+00    0.00000E+00    0.00000E+00
    5.80523E+03    0.00000E+00    0.00000E+00    0.00000E+00    0.00000E+00    0.00000E+00
    6.08022E+03    0.00000E+00    0.00000E+00    0.00000E+00    0.00000E+00    0.00000E+00
    6.36825E+03    0.00000E+00    0.00000E+00    0.00000E+00    0.00000E+00    0.00000E+00
    6.66992E+03    0.00000E+00    0.00000E+00    0.00000E+00    0.00000E+00    0.00000E+00
    6.98588E+03    0.00000E+00    0.00000E+00    0.00000E+00    0.00000E+00    0.00000E+00
    7.31681E+03    0.00000E+00    0.00000E+00    0.00000E+00    0.00000E+00    0.00000E+00
    7.66341E+03    0.00000E+00    0.00000E+00    0.00000E+00    0.00000E+00    0.00000E+00
    8.02643E+03    0.00000E+00    0.00000E+00    0.00000E+00    0.00000E+00    0.00000E+00
    8.40665E+03    0.00000E+00    0.00000E+00    0.00000E+00    0.00000E+00    0.00000E+00
    8.80488E+03    0.00000E+00    0.00000E+00    0.00000E+00    0.00000E+00    0.00000E+00
    9.22198E+03    0.00000E+00    0.00000E+00    0.00000E+00    0.00000E+00    0.00000E+00
    9.65883E+03    0.00000E+00    0.00000E+00    0.00000E+00    0.00000E+00    0.00000E+00
    1.01164E+04    0.00000E+00    0.00000E+00    0.00000E+00    0.00000E+00    0.00000E+00
    1.05956E+04    0.00000E+00    0.00000E+00    0.00000E+00    0.00000E+00    0.00000E+00
    1.10975E+04    0.00000E+00    0.00000E+00    0.00000E+00    0.00000E+00    0.00000E+00
    1.16232E+04    0.00000E+00    0.00000E+00    0.00000E+00    0.00000E+00    0.00000E+00
    1.21738E+04    0.00000E+00    0.00000E+00    0.00000E+00    0.00000E+00    0.00000E+00
    1.27505E+04    0.00000E+00    0.00000E+00    0.00000E+00    0.00000E+00    0.00000E+00
    1.33545E+04    4.89140E-44    0.00000E+00    0.00000E+00    0.00000E+00    0.00000E+00
    1.39871E+04    1.34412E-39    0.00000E+00    0.00000E+00    0.00000E+00    0.00000E+00
    1.46497E+04    1.34002E-35    0.00000E+00    0.00000E+00    0.00000E+00    0.00000E+00
    1.53437E+04    1.85218E-32    0.00000E+00    0.00000E+00    0.00000E+00    0.00000E+00
    1.60705E+04    1.59363E-29    0.00000E+00    0.00000E+00    0.00000E+00    0.00000E+00
    1.68318E+04    4.07729E-27    0.00000E+00    0.00000E+00    0.00000E+00    0.00000E+00
    1.76291E+04    5.19277E-25    0.00000E+00    0.00000E+00    0.00000E+00    0.00000E+00
    1.84642E+04    3.08351E-23    0.00000E+00    0.00000E+00    0.00000E+00    0.00000E+00
    1.93389E+04    1.01573E-21    0.00000E+00    0.00000E+00    0.00000E+00    0.00000E+00
    2.02550E+04    1.88095E-20    0.00000E+00    0.00000E+00    0.00000E+00    0.00000E+00
    2.12145E+04    2.27880E-19    0.00000E+00    0.00000E+00    0.00000E+00    0.00000E+00
    2.22195E+04    1.84831E-18    0.00000E+00    0.00000E+00    0.00000E+00    0.00000E+00
    2.32720E+04    1.08793E-17    0.00000E+00    0.00000E+00    0.00000E+00    0.00000E+00
    2.43744E+04    3.96706E-17    0.00000E+00    0.00000E+00    0.00000E+00    0.00000E+00
    2.55291E+04    1.70981E-16    0.00000E+00    0.00000E+00    0.00000E+00    0.00000E+00
    2.67384E+04    5.22039E-16    0.00000E+00    0.00000E+00    0.00000E+00    0.00000E+00
    2.80050E+04    1.33035E-15    0.00000E+00    0.00000E+00    0.00000E+00    0.00000E+00
    2.93317E+04    3.94592E-15    0.00000E+00    0.00000E+00    0.00000E+00    0.00000E+00
    3.07211E+04    6.70390E-15    0.00000E+00    0.00000E+00    0.00000E+00    0.00000E+00
    3.21764E+04    1.07128E-14    0.00000E+00    0.00000E+00    0.00000E+00    0.00000E+00
    3.37006E+04    1.80781E-14    0.00000E+00    0.00000E+00    0.00000E+00    0.00000E+00
    3.52971E+04    3.48057E-14    0.00000E+00    0.00000E+00    0.00000E+00    0.00000E+00
    3.69691E+04    4.28664E-14    0.00000E+00    0.00000E+00    0.00000E+00    0.00000E+00
    3.87204E+04    6.86293E-14    0.00000E+00    0.00000E+00    0.00000E+00    0.00000E+00
    4.05546E+04    8.89697E-14    0.00000E+00    0.00000E+00    0.00000E+00    0.00000E+00
    4.24757E+04    1.23808E-13    0.00000E+00    0.00000E+00    0.00000E+00    0.00000E+00
    4.44878E+04    1.58003E-13    0.00000E+00    0.00000E+00    0.00000E+00    0.00000E+00
    4.65953E+04    1.87188E-13    0.00000E+00    0.00000E+00    0.00000E+00    0.00000E+00
    4.88025E+04    2.06955E-13    0.00000E+00    0.00000E+00    0.00000E+00    0.00000E+00
    5.11143E+04    2.29198E-13    0.00000E+00    0.00000E+00    0.00000E+00    0.00000E+00
    5.35357E+04    2.61751E-13    0.00000E+00    0.00000E+00    0.00000E+00    0.00000E+00
    5.60717E+04    2.27825E-13    0.00000E+00    0.00000E+00    0.00000E+00    0.00000E+00
    5.87279E+04    1.98318E-13    0.00000E+00    0.00000E+00    0.00000E+00    0.00000E+00
    6.15099E+04    1.39221E-13    0.00000E+00    0.00000E+00    0.00000E+00    0.00000E+00
    6.44236E+04    1.19919E-13    0.00000E+00    0.00000E+00    0.00000E+00    0.00000E+00
    6.74754E+04    1.08993E-13    0.00000E+00    0.00000E+00    0.00000E+00    0.00000E+00
    7.06718E+04    9.27287E-14    0.00000E+00    0.00000E+00    0.00000E+00    0.00000E+00
    7.40196E+04    2.02160E-14    0.00000E+00    0.00000E+00    0.00000E+00    0.00000E+00
    7.75260E+04    2.67207E-17    0.00000E+00    0.00000E+00    0.00000E+00    0.00000E+00
    8.11984E+04    6.09007E-25    0.00000E+00    0.00000E+00    0.00000E+00    0.00000E+00
    8.50449E+04    1.17530E-34    0.00000E+00    0.00000E+00    0.00000E+00    0.00000E+00
    8.90735E+04    6.12278E-45    0.00000E+00    0.00000E+00    0.00000E+00    0.00000E+00
    9.32930E+04    0.00000E+00    0.00000E+00    0.00000E+00    0.00000E+00    0.00000E+00
    9.77124E+04    0.00000E+00    0.00000E+00    0.00000E+00    0.00000E+00    0.00000E+00
    1.02341E+05    0.00000E+00    0.00000E+00    0.00000E+00    0.00000E+00    0.00000E+00
    1.07189E+05    3.48541E-43    0.00000E+00    0.00000E+00    0.00000E+00    0.00000E+00
    1.12267E+05    8.74693E-37    0.00000E+00    0.00000E+00    0.00000E+00    0.00000E+00
    1.17585E+05    5.73909E-32    0.00000E+00    0.00000E+00    0.00000E+00    0.00000E+00
    1.23155E+05    1.14272E-27    0.00000E+00    0.00000E+00    0.00000E+00    0.00000E+00
    1.28989E+05    3.22063E-24    0.00000E+00    0.00000E+00    0.00000E+00    0.00000E+00
    1.35099E+05    1.22028E-21    0.00000E+00    0.00000E+00    0.00000E+00    0.00000E+00
    1.41499E+05    1.56192E-20    0.00000E+00    0.00000E+00    0.00000E+00    0.00000E+00
    1.48202E+05    2.07909E-21    0.00000E+00    0.00000E+00    0.00000E+00    0.00000E+00
    1.55222E+05    6.34525E-23    0.00000E+00    0.00000E+00    0.00000E+00    0.00000E+00
    1.62576E+05    8.96896E-25    0.00000E+00    0.00000E+00    0.00000E+00    0.00000E+00
    1.70277E+05    3.02195E-26    0.00000E+00    0.00000E+00    0.00000E+00    0.00000E+00
    1.78343E+05    2.72869E-27    0.00000E+00    0.00000E+00    0.00000E+00    0.00000E+00
    1.86791E+05    1.29877E-27    0.00000E+00    0.00000E+00    0.00000E+00    0.00000E+00
    1.95640E+05    1.25808E-26    0.00000E+00    0.00000E+00    0.00000E+00    0.00000E+00
    2.04907E+05    3.94979E-25    0.00000E+00    0.00000E+00    0.00000E+00    0.00000E+00
    2.14614E+05    6.77937E-24    0.00000E+00    0.00000E+00    0.00000E+00    0.00000E+00
    2.24781E+05    1.75312E-22    0.00000E+00    0.00000E+00    0.00000E+00    0.00000E+00
    2.35429E+05    1.84322E-21    0.00000E+00    0.00000E+00    0.00000E+00    0.00000E+00
    2.46581E+05    1.53598E-20    0.00000E+00    0.00000E+00    0.00000E+00    0.00000E+00
    2.58262E+05    8.88206E-20    0.00000E+00    0.00000E+00    0.00000E+00    0.00000E+00
    2.70496E+05    3.63921E-19    0.00000E+00    0.00000E+00    0.00000E+00    0.00000E+00
    2.83310E+05    1.55177E-18    0.00000E+00    0.00000E+00    0.00000E+00    0.00000E+00
    2.96730E+05    5.36618E-18    0.00000E+00    0.00000E+00    0.00000E+00    0.00000E+00
    3.10787E+05    1.72238E-17    0.00000E+00    0.00000E+00    0.00000E+00    0.00000E+00
    3.25509E+05    5.17365E-17    0.00000E+00    0.00000E+00    0.00000E+00    0.00000E+00
    3.40929E+05    9.76291E-17    0.00000E+00    0.00000E+00    0.00000E+00    0.00000E+00
    3.57078E+05    2.27573E-16    0.00000E+00    0.00000E+00    0.00000E+00    0.00000E+00
    3.73994E+05    4.39081E-16    0.00000E+00    0.00000E+00    0.00000E+00    0.00000E+00
    3.91710E+05    8.41727E-16    0.00000E+00    0.00000E+00    0.00000E+00    0.00000E+00
    4.10266E+05    1.40752E-15    0.00000E+00    0.00000E+00    0.00000E+00    0.00000E+00
    4.29700E+05    3.82655E-15    0.00000E+00    0.00000E+00    0.00000E+00    0.00000E+00
    4.50056E+05    5.21611E-15    0.00000E+00    0.00000E+00    0.00000E+00    0.00000E+00
    4.71375E+05    7.29054E-15    0.00000E+00    0.00000E+00    0.00000E+00    0.00000E+00
    4.93705E+05    1.03472E-14    0.00000E+00    0.00000E+00    0.00000E+00    0.00000E+00
    5.17092E+05    1.43481E-14    0.00000E+00    0.00000E+00    0.00000E+00    0.00000E+00
    5.41587E+05    2.07294E-14    0.00000E+00    0.00000E+00    0.00000E+00    0.00000E+00
    5.67243E+05    2.44830E-14    0.00000E+00    0.00000E+00    0.00000E+00    0.00000E+00
    5.94113E+05    2.98803E-14    0.00000E+00    0.00000E+00    0.00000E+00    0.00000E+00
    6.22257E+05    4.46888E-14    0.00000E+00    0.00000E+00    0.00000E+00    0.00000E+00
    6.51734E+05    5.10429E-14    0.00000E+00    0.00000E+00    0.00000E+00    0.00000E+00
    6.82607E+05    5.55564E-14    0.00000E+00    0.00000E+00    0.00000E+00    0.00000E+00
    7.14943E+05    7.48437E-14    0.00000E+00    0.00000E+00    0.00000E+00    0.00000E+00
    7.48810E+05    8.13364E-14    0.00000E+00    0.00000E+00    0.00000E+00    0.00000E+00
    7.84282E+05    8.21908E-14    0.00000E+00    0.00000E+00    0.00000E+00    0.00000E+00
    8.21434E+05    0.00000E+00    0.00000E+00    0.00000E+00    0.00000E+00    0.00000E+00
    8.60346E+05    0.00000E+00    0.00000E+00    0.00000E+00    0.00000E+00    0.00000E+00
    9.01102E+05    0.00000E+00    0.00000E+00    0.00000E+00    0.00000E+00    0.00000E+00
    9.43788E+05    0.00000E+00    0.00000E+00    0.00000E+00    0.00000E+00    0.00000E+00
    9.88496E+05    0.00000E+00    0.00000E+00    0.00000E+00    0.00000E+00    0.00000E+00
    1.03532E+06    0.00000E+00    0.00000E+00    0.00000E+00    0.00000E+00    0.00000E+00
    1.08437E+06    0.00000E+00    0.00000E+00    0.00000E+00    0.00000E+00    0.00000E+00
    1.13573E+06    0.00000E+00    0.00000E+00    0.00000E+00    0.00000E+00    0.00000E+00
    1.18953E+06    0.00000E+00    0.00000E+00    0.00000E+00    0.00000E+00    0.00000E+00
    1.24588E+06    0.00000E+00    0.00000E+00    0.00000E+00    0.00000E+00    0.00000E+00
    1.30490E+06    0.00000E+00    0.00000E+00    0.00000E+00    0.00000E+00    0.00000E+00
    1.36672E+06    0.00000E+00    0.00000E+00    0.00000E+00    0.00000E+00    0.00000E+00
    1.43146E+06    0.00000E+00    0.00000E+00    0.00000E+00    0.00000E+00    0.00000E+00
    1.49927E+06    0.00000E+00    0.00000E+00    0.00000E+00    0.00000E+00    0.00000E+00
    1.57029E+06    0.00000E+00    0.00000E+00    0.00000E+00    0.00000E+00    0.00000E+00
    1.64468E+06    0.00000E+00    0.00000E+00    0.00000E+00    0.00000E+00    0.00000E+00
    1.72259E+06    0.00000E+00    0.00000E+00    0.00000E+00    0.00000E+00    0.00000E+00
    1.80419E+06    0.00000E+00    0.00000E+00    0.00000E+00    0.00000E+00    0.00000E+00
    1.88965E+06    0.00000E+00    0.00000E+00    0.00000E+00    0.00000E+00    0.00000E+00
    1.97917E+06    0.00000E+00    0.00000E+00    0.00000E+00    0.00000E+00    0.00000E+00
    2.07292E+06    0.00000E+00    0.00000E+00    0.00000E+00    0.00000E+00    0.00000E+00
    2.17112E+06    0.00000E+00    0.00000E+00    0.00000E+00    0.00000E+00    0.00000E+00
    2.27397E+06    0.00000E+00    0.00000E+00    0.00000E+00    0.00000E+00    0.00000E+00
    2.38169E+06    0.00000E+00    0.00000E+00    0.00000E+00    0.00000E+00    0.00000E+00
    2.49451E+06    0.00000E+00    0.00000E+00    0.00000E+00    0.00000E+00    0.00000E+00
    2.61268E+06    0.00000E+00    0.00000E+00    0.00000E+00    0.00000E+00    0.00000E+00
    2.73644E+06    0.00000E+00    0.00000E+00    0.00000E+00    0.00000E+00    0.00000E+00
    2.86607E+06    0.00000E+00    0.00000E+00    0.00000E+00    0.00000E+00    0.00000E+00
    3.00184E+06    0.00000E+00    0.00000E+00    0.00000E+00    0.00000E+00    0.00000E+00
    3.14404E+06    0.00000E+00    0.00000E+00    0.00000E+00    0.00000E+00    0.00000E+00
    3.29297E+06    0.00000E+00    0.00000E+00    0.00000E+00    0.00000E+00    0.00000E+00
    3.44896E+06    0.00000E+00    0.00000E+00    0.00000E+00    0.00000E+00    0.00000E+00
    3.61234E+06    0.00000E+00    0.00000E+00    0.00000E+00    0.00000E+00    0.00000E+00
    3.78346E+06    0.00000E+00    0.00000E+00    0.00000E+00    0.00000E+00    0.00000E+00
    3.96269E+06    0.00000E+00    0.00000E+00    0.00000E+00    0.00000E+00    0.00000E+00
    4.15040E+06    0.00000E+00    0.00000E+00    0.00000E+00    0.00000E+00    0.00000E+00
    4.34701E+06    0.00000E+00    0.00000E+00    0.00000E+00    0.00000E+00    0.00000E+00
    4.55293E+06    0.00000E+00    0.00000E+00    0.00000E+00    0.00000E+00    0.00000E+00
    4.76861E+06    0.00000E+00    0.00000E+00    0.00000E+00    0.00000E+00    0.00000E+00
    4.99451E+06    0.00000E+00    0.00000E+00    0.00000E+00    0.00000E+00    0.00000E+00
    5.23110E+06    0.00000E+00    0.00000E+00    0.00000E+00    0.00000E+00    0.00000E+00
    5.47890E+06    0.00000E+00    0.00000E+00    0.00000E+00    0.00000E+00    0.00000E+00
    5.73844E+06    0.00000E+00    0.00000E+00    0.00000E+00    0.00000E+00    0.00000E+00
    6.01028E+06    0.00000E+00    0.00000E+00    0.00000E+00    0.00000E+00    0.00000E+00
    6.29499E+06    0.00000E+00    0.00000E+00    0.00000E+00    0.00000E+00    0.00000E+00
    6.59319E+06    0.00000E+00    0.00000E+00    0.00000E+00    0.00000E+00    0.00000E+00
    6.90551E+06    0.00000E+00    0.00000E+00    0.00000E+00    0.00000E+00    0.00000E+00
    7.23264E+06    0.00000E+00    0.00000E+00    0.00000E+00    0.00000E+00    0.00000E+00
    7.57525E+06    0.00000E+00    0.00000E+00    0.00000E+00    0.00000E+00    0.00000E+00
    7.93410E+06    0.00000E+00    0.00000E+00    0.00000E+00    0.00000E+00    0.00000E+00
    8.30994E+06    0.00000E+00    0.00000E+00    0.00000E+00    0.00000E+00    0.00000E+00
    8.70359E+06    0.00000E+00    0.00000E+00    0.00000E+00    0.00000E+00    0.00000E+00
    9.11589E+06    0.00000E+00    0.00000E+00    0.00000E+00    0.00000E+00    0.00000E+00
    9.54771E+06    0.00000E+00    0.00000E+00    0.00000E+00    0.00000E+00    0.00000E+00
    1.00000E+07    0.00000E+00    0.00000E+00    0.00000E+00    0.00000E+00    0.00000E+00
