 # Columns are: Lambda (Angstroms) and Flux (Flux * lambda) (ergs/s/cm^2)
    1.00000E+03    0.00000E+00    0.00000E+00    0.00000E+00    0.00000E+00    0.00000E+00
    1.04737E+03    0.00000E+00    0.00000E+00    0.00000E+00    0.00000E+00    0.00000E+00
    1.09699E+03    0.00000E+00    0.00000E+00    0.00000E+00    0.00000E+00    0.00000E+00
    1.14895E+03    0.00000E+00    0.00000E+00    0.00000E+00    0.00000E+00    0.00000E+00
    1.20338E+03    0.00000E+00    0.00000E+00    0.00000E+00    0.00000E+00    0.00000E+00
    1.26038E+03    0.00000E+00    0.00000E+00    0.00000E+00    0.00000E+00    0.00000E+00
    1.32009E+03    0.00000E+00    0.00000E+00    0.00000E+00    0.00000E+00    0.00000E+00
    1.38262E+03    0.00000E+00    0.00000E+00    0.00000E+00    0.00000E+00    0.00000E+00
    1.44812E+03    0.00000E+00    0.00000E+00    0.00000E+00    0.00000E+00    0.00000E+00
    1.51672E+03    0.00000E+00    0.00000E+00    0.00000E+00    0.00000E+00    0.00000E+00
    1.58857E+03    0.00000E+00    0.00000E+00    0.00000E+00    0.00000E+00    0.00000E+00
    1.66382E+03    0.00000E+00    0.00000E+00    0.00000E+00    0.00000E+00    0.00000E+00
    1.74263E+03    0.00000E+00    0.00000E+00    0.00000E+00    0.00000E+00    0.00000E+00
    1.82518E+03    0.00000E+00    0.00000E+00    0.00000E+00    0.00000E+00    0.00000E+00
    1.91164E+03    0.00000E+00    0.00000E+00    0.00000E+00    0.00000E+00    0.00000E+00
    2.00220E+03    0.00000E+00    0.00000E+00    0.00000E+00    0.00000E+00    0.00000E+00
    2.09705E+03    0.00000E+00    0.00000E+00    0.00000E+00    0.00000E+00    0.00000E+00
    2.19639E+03    0.00000E+00    0.00000E+00    0.00000E+00    0.00000E+00    0.00000E+00
    2.30043E+03    0.00000E+00    0.00000E+00    0.00000E+00    0.00000E+00    0.00000E+00
    2.40940E+03    0.00000E+00    0.00000E+00    0.00000E+00    0.00000E+00    0.00000E+00
    2.52354E+03    0.00000E+00    0.00000E+00    0.00000E+00    0.00000E+00    0.00000E+00
    2.64308E+03    0.00000E+00    0.00000E+00    0.00000E+00    0.00000E+00    0.00000E+00
    2.76829E+03    0.00000E+00    0.00000E+00    0.00000E+00    0.00000E+00    0.00000E+00
    2.89942E+03    0.00000E+00    0.00000E+00    0.00000E+00    0.00000E+00    0.00000E+00
    3.03677E+03    0.00000E+00    0.00000E+00    0.00000E+00    0.00000E+00    0.00000E+00
    3.18063E+03    0.00000E+00    0.00000E+00    0.00000E+00    0.00000E+00    0.00000E+00
    3.33129E+03    0.00000E+00    0.00000E+00    0.00000E+00    0.00000E+00    0.00000E+00
    3.48910E+03    0.00000E+00    0.00000E+00    0.00000E+00    0.00000E+00    0.00000E+00
    3.65438E+03    0.00000E+00    0.00000E+00    0.00000E+00    0.00000E+00    0.00000E+00
    3.82749E+03    0.00000E+00    0.00000E+00    0.00000E+00    0.00000E+00    0.00000E+00
    4.00881E+03    0.00000E+00    0.00000E+00    0.00000E+00    0.00000E+00    0.00000E+00
    4.19871E+03    0.00000E+00    0.00000E+00    0.00000E+00    0.00000E+00    0.00000E+00
    4.39760E+03    0.00000E+00    0.00000E+00    0.00000E+00    0.00000E+00    0.00000E+00
    4.60592E+03    0.00000E+00    0.00000E+00    0.00000E+00    0.00000E+00    0.00000E+00
    4.82411E+03    0.00000E+00    0.00000E+00    0.00000E+00    0.00000E+00    0.00000E+00
    5.05263E+03    0.00000E+00    0.00000E+00    0.00000E+00    0.00000E+00    0.00000E+00
    5.29198E+03    0.00000E+00    0.00000E+00    0.00000E+00    0.00000E+00    0.00000E+00
    5.54266E+03    0.00000E+00    0.00000E+00    0.00000E+00    0.00000E+00    0.00000E+00
    5.80523E+03    0.00000E+00    0.00000E+00    0.00000E+00    0.00000E+00    0.00000E+00
    6.08022E+03    0.00000E+00    0.00000E+00    0.00000E+00    0.00000E+00    0.00000E+00
    6.36825E+03    0.00000E+00    0.00000E+00    0.00000E+00    0.00000E+00    0.00000E+00
    6.66992E+03    0.00000E+00    0.00000E+00    0.00000E+00    0.00000E+00    0.00000E+00
    6.98588E+03    0.00000E+00    0.00000E+00    0.00000E+00    0.00000E+00    0.00000E+00
    7.31681E+03    0.00000E+00    0.00000E+00    0.00000E+00    0.00000E+00    0.00000E+00
    7.66341E+03    0.00000E+00    0.00000E+00    0.00000E+00    0.00000E+00    0.00000E+00
    8.02643E+03    0.00000E+00    0.00000E+00    0.00000E+00    0.00000E+00    0.00000E+00
    8.40665E+03    0.00000E+00    0.00000E+00    0.00000E+00    0.00000E+00    0.00000E+00
    8.80488E+03    0.00000E+00    0.00000E+00    0.00000E+00    0.00000E+00    0.00000E+00
    9.22198E+03    0.00000E+00    0.00000E+00    0.00000E+00    0.00000E+00    0.00000E+00
    9.65883E+03    0.00000E+00    0.00000E+00    0.00000E+00    0.00000E+00    0.00000E+00
    1.01164E+04    0.00000E+00    0.00000E+00    0.00000E+00    0.00000E+00    0.00000E+00
    1.05956E+04    0.00000E+00    0.00000E+00    0.00000E+00    0.00000E+00    0.00000E+00
    1.10975E+04    0.00000E+00    0.00000E+00    0.00000E+00    0.00000E+00    0.00000E+00
    1.16232E+04    0.00000E+00    0.00000E+00    0.00000E+00    0.00000E+00    0.00000E+00
    1.21738E+04    0.00000E+00    0.00000E+00    0.00000E+00    0.00000E+00    0.00000E+00
    1.27505E+04    0.00000E+00    0.00000E+00    0.00000E+00    0.00000E+00    0.00000E+00
    1.33545E+04    0.00000E+00    0.00000E+00    0.00000E+00    0.00000E+00    0.00000E+00
    1.39871E+04    0.00000E+00    0.00000E+00    0.00000E+00    0.00000E+00    0.00000E+00
    1.46497E+04    0.00000E+00    0.00000E+00    0.00000E+00    0.00000E+00    0.00000E+00
    1.53437E+04    0.00000E+00    0.00000E+00    0.00000E+00    0.00000E+00    0.00000E+00
    1.60705E+04    0.00000E+00    0.00000E+00    0.00000E+00    0.00000E+00    0.00000E+00
    1.68318E+04    0.00000E+00    0.00000E+00    0.00000E+00    0.00000E+00    0.00000E+00
    1.76291E+04    0.00000E+00    0.00000E+00    0.00000E+00    0.00000E+00    0.00000E+00
    1.84642E+04    0.00000E+00    0.00000E+00    0.00000E+00    0.00000E+00    0.00000E+00
    1.93389E+04    1.22339E-47    0.00000E+00    0.00000E+00    0.00000E+00    0.00000E+00
    2.02550E+04    1.06809E-47    0.00000E+00    0.00000E+00    0.00000E+00    0.00000E+00
    2.12145E+04    4.80958E-43    0.00000E+00    0.00000E+00    0.00000E+00    0.00000E+00
    2.22195E+04    9.73008E-41    0.00000E+00    0.00000E+00    0.00000E+00    0.00000E+00
    2.32720E+04    2.75313E-37    0.00000E+00    0.00000E+00    0.00000E+00    0.00000E+00
    2.43744E+04    5.13728E-30    0.00000E+00    0.00000E+00    0.00000E+00    0.00000E+00
    2.55291E+04    6.19293E-26    0.00000E+00    0.00000E+00    0.00000E+00    0.00000E+00
    2.67384E+04    2.96534E-30    0.00000E+00    0.00000E+00    0.00000E+00    0.00000E+00
    2.80050E+04    6.32362E-24    0.00000E+00    0.00000E+00    0.00000E+00    0.00000E+00
    2.93317E+04    2.80753E-22    0.00000E+00    0.00000E+00    0.00000E+00    0.00000E+00
    3.07211E+04    5.04267E-22    0.00000E+00    0.00000E+00    0.00000E+00    0.00000E+00
    3.21764E+04    9.52579E-20    0.00000E+00    0.00000E+00    0.00000E+00    0.00000E+00
    3.37006E+04    2.90547E-19    0.00000E+00    0.00000E+00    0.00000E+00    0.00000E+00
    3.52971E+04    2.96177E-19    0.00000E+00    0.00000E+00    0.00000E+00    0.00000E+00
    3.69691E+04    4.27849E-17    0.00000E+00    0.00000E+00    0.00000E+00    0.00000E+00
    3.87204E+04    1.22188E-17    0.00000E+00    0.00000E+00    0.00000E+00    0.00000E+00
    4.05546E+04    3.36011E-17    0.00000E+00    0.00000E+00    0.00000E+00    0.00000E+00
    4.24757E+04    2.63863E-16    0.00000E+00    0.00000E+00    0.00000E+00    0.00000E+00
    4.44878E+04    3.68430E-15    0.00000E+00    0.00000E+00    0.00000E+00    0.00000E+00
    4.65953E+04    1.33166E-14    0.00000E+00    0.00000E+00    0.00000E+00    0.00000E+00
    4.88025E+04    2.23394E-14    0.00000E+00    0.00000E+00    0.00000E+00    0.00000E+00
    5.11143E+04    2.00604E-14    0.00000E+00    0.00000E+00    0.00000E+00    0.00000E+00
    5.35357E+04    5.61130E-14    0.00000E+00    0.00000E+00    0.00000E+00    0.00000E+00
    5.60717E+04    1.59767E-13    0.00000E+00    0.00000E+00    0.00000E+00    0.00000E+00
    5.87279E+04    1.10321E-13    0.00000E+00    0.00000E+00    0.00000E+00    0.00000E+00
    6.15099E+04    9.14725E-14    0.00000E+00    0.00000E+00    0.00000E+00    0.00000E+00
    6.44236E+04    4.68044E-13    0.00000E+00    0.00000E+00    0.00000E+00    0.00000E+00
    6.74754E+04    2.94349E-13    0.00000E+00    0.00000E+00    0.00000E+00    0.00000E+00
    7.06718E+04    7.54771E-13    0.00000E+00    0.00000E+00    0.00000E+00    0.00000E+00
    7.40196E+04    2.32151E-13    0.00000E+00    0.00000E+00    0.00000E+00    0.00000E+00
    7.75260E+04    6.24670E-15    0.00000E+00    0.00000E+00    0.00000E+00    0.00000E+00
    8.11984E+04    1.54565E-21    0.00000E+00    0.00000E+00    0.00000E+00    0.00000E+00
    8.50449E+04    2.70772E-33    0.00000E+00    0.00000E+00    0.00000E+00    0.00000E+00
    8.90735E+04    9.77698E-42    0.00000E+00    0.00000E+00    0.00000E+00    0.00000E+00
    9.32930E+04    0.00000E+00    0.00000E+00    0.00000E+00    0.00000E+00    0.00000E+00
    9.77124E+04    0.00000E+00    0.00000E+00    0.00000E+00    0.00000E+00    0.00000E+00
    1.02341E+05    1.26859E-44    0.00000E+00    0.00000E+00    0.00000E+00    0.00000E+00
    1.07189E+05    1.83706E-39    0.00000E+00    0.00000E+00    0.00000E+00    0.00000E+00
    1.12267E+05    7.98802E-32    0.00000E+00    0.00000E+00    0.00000E+00    0.00000E+00
    1.17585E+05    5.33327E-26    0.00000E+00    0.00000E+00    0.00000E+00    0.00000E+00
    1.23155E+05    3.84870E-21    0.00000E+00    0.00000E+00    0.00000E+00    0.00000E+00
    1.28989E+05    1.16488E-19    0.00000E+00    0.00000E+00    0.00000E+00    0.00000E+00
    1.35099E+05    1.80115E-17    0.00000E+00    0.00000E+00    0.00000E+00    0.00000E+00
    1.41499E+05    1.79402E-16    0.00000E+00    0.00000E+00    0.00000E+00    0.00000E+00
    1.48202E+05    5.09591E-16    0.00000E+00    0.00000E+00    0.00000E+00    0.00000E+00
    1.55222E+05    9.86697E-17    0.00000E+00    0.00000E+00    0.00000E+00    0.00000E+00
    1.62576E+05    3.19618E-17    0.00000E+00    0.00000E+00    0.00000E+00    0.00000E+00
    1.70277E+05    7.51895E-20    0.00000E+00    0.00000E+00    0.00000E+00    0.00000E+00
    1.78343E+05    3.01687E-18    0.00000E+00    0.00000E+00    0.00000E+00    0.00000E+00
    1.86791E+05    2.27435E-18    0.00000E+00    0.00000E+00    0.00000E+00    0.00000E+00
    1.95640E+05    6.03960E-16    0.00000E+00    0.00000E+00    0.00000E+00    0.00000E+00
    2.04907E+05    2.14116E-16    0.00000E+00    0.00000E+00    0.00000E+00    0.00000E+00
    2.14614E+05    2.76036E-16    0.00000E+00    0.00000E+00    0.00000E+00    0.00000E+00
    2.24781E+05    1.30690E-14    0.00000E+00    0.00000E+00    0.00000E+00    0.00000E+00
    2.35429E+05    5.42928E-14    0.00000E+00    0.00000E+00    0.00000E+00    0.00000E+00
    2.46581E+05    8.13232E-13    0.00000E+00    0.00000E+00    0.00000E+00    0.00000E+00
    2.58262E+05    6.49580E-13    0.00000E+00    0.00000E+00    0.00000E+00    0.00000E+00
    2.70496E+05    1.57536E-12    0.00000E+00    0.00000E+00    0.00000E+00    0.00000E+00
    2.83310E+05    4.62922E-12    0.00000E+00    0.00000E+00    0.00000E+00    0.00000E+00
    2.96730E+05    3.37725E-11    0.00000E+00    0.00000E+00    0.00000E+00    0.00000E+00
    3.10787E+05    3.72148E-11    0.00000E+00    0.00000E+00    0.00000E+00    0.00000E+00
    3.25509E+05    8.21113E-11    0.00000E+00    0.00000E+00    0.00000E+00    0.00000E+00
    3.40929E+05    1.73469E-10    0.00000E+00    0.00000E+00    0.00000E+00    0.00000E+00
    3.57078E+05    3.95088E-10    0.00000E+00    0.00000E+00    0.00000E+00    0.00000E+00
    3.73994E+05    5.78816E-10    0.00000E+00    0.00000E+00    0.00000E+00    0.00000E+00
    3.91710E+05    8.62731E-10    0.00000E+00    0.00000E+00    0.00000E+00    0.00000E+00
    4.10266E+05    1.52224E-09    0.00000E+00    0.00000E+00    0.00000E+00    0.00000E+00
    4.29700E+05    2.38608E-09    0.00000E+00    0.00000E+00    0.00000E+00    0.00000E+00
    4.50056E+05    3.36152E-09    0.00000E+00    0.00000E+00    0.00000E+00    0.00000E+00
    4.71375E+05    4.35840E-09    0.00000E+00    0.00000E+00    0.00000E+00    0.00000E+00
    4.93705E+05    5.37547E-09    0.00000E+00    0.00000E+00    0.00000E+00    0.00000E+00
    5.17092E+05    6.96287E-09    0.00000E+00    0.00000E+00    0.00000E+00    0.00000E+00
    5.41587E+05    9.15768E-09    0.00000E+00    0.00000E+00    0.00000E+00    0.00000E+00
    5.67243E+05    1.12898E-08    0.00000E+00    0.00000E+00    0.00000E+00    0.00000E+00
    5.94113E+05    1.23114E-08    0.00000E+00    0.00000E+00    0.00000E+00    0.00000E+00
    6.22257E+05    1.39394E-08    0.00000E+00    0.00000E+00    0.00000E+00    0.00000E+00
    6.51734E+05    1.56768E-08    0.00000E+00    0.00000E+00    0.00000E+00    0.00000E+00
    6.82607E+05    1.78345E-08    0.00000E+00    0.00000E+00    0.00000E+00    0.00000E+00
    7.14943E+05    1.86925E-08    0.00000E+00    0.00000E+00    0.00000E+00    0.00000E+00
    7.48810E+05    2.07666E-08    0.00000E+00    0.00000E+00    0.00000E+00    0.00000E+00
    7.84282E+05    2.09506E-08    0.00000E+00    0.00000E+00    0.00000E+00    0.00000E+00
    8.21434E+05    2.17139E-08    0.00000E+00    0.00000E+00    0.00000E+00    0.00000E+00
    8.60346E+05    2.16227E-08    0.00000E+00    0.00000E+00    0.00000E+00    0.00000E+00
    9.01102E+05    2.21091E-08    0.00000E+00    0.00000E+00    0.00000E+00    0.00000E+00
    9.43788E+05    2.18811E-08    0.00000E+00    0.00000E+00    0.00000E+00    0.00000E+00
    9.88496E+05    2.13476E-08    0.00000E+00    0.00000E+00    0.00000E+00    0.00000E+00
    1.03532E+06    2.07762E-08    0.00000E+00    0.00000E+00    0.00000E+00    0.00000E+00
    1.08437E+06    2.02823E-08    0.00000E+00    0.00000E+00    0.00000E+00    0.00000E+00
    1.13573E+06    1.89609E-08    0.00000E+00    0.00000E+00    0.00000E+00    0.00000E+00
    1.18953E+06    1.79135E-08    0.00000E+00    0.00000E+00    0.00000E+00    0.00000E+00
    1.24588E+06    1.67030E-08    0.00000E+00    0.00000E+00    0.00000E+00    0.00000E+00
    1.30490E+06    1.57006E-08    0.00000E+00    0.00000E+00    0.00000E+00    0.00000E+00
    1.36672E+06    1.44515E-08    0.00000E+00    0.00000E+00    0.00000E+00    0.00000E+00
    1.43146E+06    1.31121E-08    0.00000E+00    0.00000E+00    0.00000E+00    0.00000E+00
    1.49927E+06    1.19961E-08    0.00000E+00    0.00000E+00    0.00000E+00    0.00000E+00
    1.57029E+06    1.08653E-08    0.00000E+00    0.00000E+00    0.00000E+00    0.00000E+00
    1.64468E+06    9.77098E-09    0.00000E+00    0.00000E+00    0.00000E+00    0.00000E+00
    1.72259E+06    8.71755E-09    0.00000E+00    0.00000E+00    0.00000E+00    0.00000E+00
    1.80419E+06    7.69260E-09    0.00000E+00    0.00000E+00    0.00000E+00    0.00000E+00
    1.88965E+06    6.81483E-09    0.00000E+00    0.00000E+00    0.00000E+00    0.00000E+00
    1.97917E+06    5.98863E-09    0.00000E+00    0.00000E+00    0.00000E+00    0.00000E+00
    2.07292E+06    5.23656E-09    0.00000E+00    0.00000E+00    0.00000E+00    0.00000E+00
    2.17112E+06    4.55984E-09    0.00000E+00    0.00000E+00    0.00000E+00    0.00000E+00
    2.27397E+06    3.91200E-09    0.00000E+00    0.00000E+00    0.00000E+00    0.00000E+00
    2.38169E+06    3.38398E-09    0.00000E+00    0.00000E+00    0.00000E+00    0.00000E+00
    2.49451E+06    2.90518E-09    0.00000E+00    0.00000E+00    0.00000E+00    0.00000E+00
    2.61268E+06    2.48489E-09    0.00000E+00    0.00000E+00    0.00000E+00    0.00000E+00
    2.73644E+06    2.12115E-09    0.00000E+00    0.00000E+00    0.00000E+00    0.00000E+00
    2.86607E+06    1.78632E-09    0.00000E+00    0.00000E+00    0.00000E+00    0.00000E+00
    3.00184E+06    1.51530E-09    0.00000E+00    0.00000E+00    0.00000E+00    0.00000E+00
    3.14404E+06    1.27298E-09    0.00000E+00    0.00000E+00    0.00000E+00    0.00000E+00
    3.29297E+06    1.06663E-09    0.00000E+00    0.00000E+00    0.00000E+00    0.00000E+00
    3.44896E+06    8.91180E-10    0.00000E+00    0.00000E+00    0.00000E+00    0.00000E+00
    3.61234E+06    7.47597E-10    0.00000E+00    0.00000E+00    0.00000E+00    0.00000E+00
    3.78346E+06    6.20316E-10    0.00000E+00    0.00000E+00    0.00000E+00    0.00000E+00
    3.96269E+06    5.15882E-10    0.00000E+00    0.00000E+00    0.00000E+00    0.00000E+00
    4.15040E+06    4.27923E-10    0.00000E+00    0.00000E+00    0.00000E+00    0.00000E+00
    4.34701E+06    3.52747E-10    0.00000E+00    0.00000E+00    0.00000E+00    0.00000E+00
    4.55293E+06    2.91831E-10    0.00000E+00    0.00000E+00    0.00000E+00    0.00000E+00
    4.76861E+06    2.40062E-10    0.00000E+00    0.00000E+00    0.00000E+00    0.00000E+00
    4.99451E+06    1.97199E-10    0.00000E+00    0.00000E+00    0.00000E+00    0.00000E+00
    5.23110E+06    1.61665E-10    0.00000E+00    0.00000E+00    0.00000E+00    0.00000E+00
    5.47890E+06    1.32425E-10    0.00000E+00    0.00000E+00    0.00000E+00    0.00000E+00
    5.73844E+06    1.07727E-10    0.00000E+00    0.00000E+00    0.00000E+00    0.00000E+00
    6.01028E+06    8.82134E-11    0.00000E+00    0.00000E+00    0.00000E+00    0.00000E+00
    6.29499E+06    7.19180E-11    0.00000E+00    0.00000E+00    0.00000E+00    0.00000E+00
    6.59319E+06    5.83028E-11    0.00000E+00    0.00000E+00    0.00000E+00    0.00000E+00
    6.90551E+06    4.75597E-11    0.00000E+00    0.00000E+00    0.00000E+00    0.00000E+00
    7.23264E+06    3.84755E-11    0.00000E+00    0.00000E+00    0.00000E+00    0.00000E+00
    7.57525E+06    3.11736E-11    0.00000E+00    0.00000E+00    0.00000E+00    0.00000E+00
    7.93410E+06    2.53895E-11    0.00000E+00    0.00000E+00    0.00000E+00    0.00000E+00
    8.30994E+06    2.04077E-11    0.00000E+00    0.00000E+00    0.00000E+00    0.00000E+00
    8.70359E+06    1.64526E-11    0.00000E+00    0.00000E+00    0.00000E+00    0.00000E+00
    9.11589E+06    1.33402E-11    0.00000E+00    0.00000E+00    0.00000E+00    0.00000E+00
    9.54771E+06    1.08019E-11    0.00000E+00    0.00000E+00    0.00000E+00    0.00000E+00
    1.00000E+07    8.68104E-12    0.00000E+00    0.00000E+00    0.00000E+00    0.00000E+00
