 # Columns are: Lambda (Angstroms) and Flux (Flux * lambda) (ergs/s/cm^2)
    1.00000E+03    0.00000E+00    0.00000E+00    0.00000E+00    0.00000E+00    0.00000E+00
    1.04737E+03    0.00000E+00    0.00000E+00    0.00000E+00    0.00000E+00    0.00000E+00
    1.09699E+03    0.00000E+00    0.00000E+00    0.00000E+00    0.00000E+00    0.00000E+00
    1.14895E+03    0.00000E+00    0.00000E+00    0.00000E+00    0.00000E+00    0.00000E+00
    1.20338E+03    0.00000E+00    0.00000E+00    0.00000E+00    0.00000E+00    0.00000E+00
    1.26038E+03    0.00000E+00    0.00000E+00    0.00000E+00    0.00000E+00    0.00000E+00
    1.32009E+03    0.00000E+00    0.00000E+00    0.00000E+00    0.00000E+00    0.00000E+00
    1.38262E+03    0.00000E+00    0.00000E+00    0.00000E+00    0.00000E+00    0.00000E+00
    1.44812E+03    0.00000E+00    0.00000E+00    0.00000E+00    0.00000E+00    0.00000E+00
    1.51672E+03    0.00000E+00    0.00000E+00    0.00000E+00    0.00000E+00    0.00000E+00
    1.58857E+03    0.00000E+00    0.00000E+00    0.00000E+00    0.00000E+00    0.00000E+00
    1.66382E+03    0.00000E+00    0.00000E+00    0.00000E+00    0.00000E+00    0.00000E+00
    1.74263E+03    0.00000E+00    0.00000E+00    0.00000E+00    0.00000E+00    0.00000E+00
    1.82518E+03    0.00000E+00    0.00000E+00    0.00000E+00    0.00000E+00    0.00000E+00
    1.91164E+03    0.00000E+00    0.00000E+00    0.00000E+00    0.00000E+00    0.00000E+00
    2.00220E+03    0.00000E+00    0.00000E+00    0.00000E+00    0.00000E+00    0.00000E+00
    2.09705E+03    0.00000E+00    0.00000E+00    0.00000E+00    0.00000E+00    0.00000E+00
    2.19639E+03    0.00000E+00    0.00000E+00    0.00000E+00    0.00000E+00    0.00000E+00
    2.30043E+03    0.00000E+00    0.00000E+00    0.00000E+00    0.00000E+00    0.00000E+00
    2.40940E+03    0.00000E+00    0.00000E+00    0.00000E+00    0.00000E+00    0.00000E+00
    2.52354E+03    0.00000E+00    0.00000E+00    0.00000E+00    0.00000E+00    0.00000E+00
    2.64308E+03    0.00000E+00    0.00000E+00    0.00000E+00    0.00000E+00    0.00000E+00
    2.76829E+03    0.00000E+00    0.00000E+00    0.00000E+00    0.00000E+00    0.00000E+00
    2.89942E+03    0.00000E+00    0.00000E+00    0.00000E+00    0.00000E+00    0.00000E+00
    3.03677E+03    0.00000E+00    0.00000E+00    0.00000E+00    0.00000E+00    0.00000E+00
    3.18063E+03    0.00000E+00    0.00000E+00    0.00000E+00    0.00000E+00    0.00000E+00
    3.33129E+03    0.00000E+00    0.00000E+00    0.00000E+00    0.00000E+00    0.00000E+00
    3.48910E+03    0.00000E+00    0.00000E+00    0.00000E+00    0.00000E+00    0.00000E+00
    3.65438E+03    0.00000E+00    0.00000E+00    0.00000E+00    0.00000E+00    0.00000E+00
    3.82749E+03    0.00000E+00    0.00000E+00    0.00000E+00    0.00000E+00    0.00000E+00
    4.00881E+03    0.00000E+00    0.00000E+00    0.00000E+00    0.00000E+00    0.00000E+00
    4.19871E+03    0.00000E+00    0.00000E+00    0.00000E+00    0.00000E+00    0.00000E+00
    4.39760E+03    0.00000E+00    0.00000E+00    0.00000E+00    0.00000E+00    0.00000E+00
    4.60592E+03    0.00000E+00    0.00000E+00    0.00000E+00    0.00000E+00    0.00000E+00
    4.82411E+03    0.00000E+00    0.00000E+00    0.00000E+00    0.00000E+00    0.00000E+00
    5.05263E+03    0.00000E+00    0.00000E+00    0.00000E+00    0.00000E+00    0.00000E+00
    5.29198E+03    0.00000E+00    0.00000E+00    0.00000E+00    0.00000E+00    0.00000E+00
    5.54266E+03    0.00000E+00    0.00000E+00    0.00000E+00    0.00000E+00    0.00000E+00
    5.80523E+03    0.00000E+00    0.00000E+00    0.00000E+00    0.00000E+00    0.00000E+00
    6.08022E+03    0.00000E+00    0.00000E+00    0.00000E+00    0.00000E+00    0.00000E+00
    6.36825E+03    0.00000E+00    0.00000E+00    0.00000E+00    0.00000E+00    0.00000E+00
    6.66992E+03    0.00000E+00    0.00000E+00    0.00000E+00    0.00000E+00    0.00000E+00
    6.98588E+03    0.00000E+00    0.00000E+00    0.00000E+00    0.00000E+00    0.00000E+00
    7.31681E+03    0.00000E+00    0.00000E+00    0.00000E+00    0.00000E+00    0.00000E+00
    7.66341E+03    0.00000E+00    0.00000E+00    0.00000E+00    0.00000E+00    0.00000E+00
    8.02643E+03    0.00000E+00    0.00000E+00    0.00000E+00    0.00000E+00    0.00000E+00
    8.40665E+03    0.00000E+00    0.00000E+00    0.00000E+00    0.00000E+00    0.00000E+00
    8.80488E+03    0.00000E+00    0.00000E+00    0.00000E+00    0.00000E+00    0.00000E+00
    9.22198E+03    0.00000E+00    0.00000E+00    0.00000E+00    0.00000E+00    0.00000E+00
    9.65883E+03    0.00000E+00    0.00000E+00    0.00000E+00    0.00000E+00    0.00000E+00
    1.01164E+04    0.00000E+00    0.00000E+00    0.00000E+00    0.00000E+00    0.00000E+00
    1.05956E+04    0.00000E+00    0.00000E+00    0.00000E+00    0.00000E+00    0.00000E+00
    1.10975E+04    0.00000E+00    0.00000E+00    0.00000E+00    0.00000E+00    0.00000E+00
    1.16232E+04    0.00000E+00    0.00000E+00    0.00000E+00    0.00000E+00    0.00000E+00
    1.21738E+04    0.00000E+00    0.00000E+00    0.00000E+00    0.00000E+00    0.00000E+00
    1.27505E+04    0.00000E+00    0.00000E+00    0.00000E+00    0.00000E+00    0.00000E+00
    1.33545E+04    0.00000E+00    0.00000E+00    0.00000E+00    0.00000E+00    0.00000E+00
    1.39871E+04    0.00000E+00    0.00000E+00    0.00000E+00    0.00000E+00    0.00000E+00
    1.46497E+04    0.00000E+00    0.00000E+00    0.00000E+00    0.00000E+00    0.00000E+00
    1.53437E+04    0.00000E+00    0.00000E+00    0.00000E+00    0.00000E+00    0.00000E+00
    1.60705E+04    0.00000E+00    0.00000E+00    0.00000E+00    0.00000E+00    0.00000E+00
    1.68318E+04    0.00000E+00    0.00000E+00    0.00000E+00    0.00000E+00    0.00000E+00
    1.76291E+04    0.00000E+00    0.00000E+00    0.00000E+00    0.00000E+00    0.00000E+00
    1.84642E+04    0.00000E+00    0.00000E+00    0.00000E+00    0.00000E+00    0.00000E+00
    1.93389E+04    3.28092E-40    0.00000E+00    0.00000E+00    0.00000E+00    0.00000E+00
    2.02550E+04    1.08901E-37    0.00000E+00    0.00000E+00    0.00000E+00    0.00000E+00
    2.12145E+04    2.22266E-30    0.00000E+00    0.00000E+00    0.00000E+00    0.00000E+00
    2.22195E+04    8.44777E-35    0.00000E+00    0.00000E+00    0.00000E+00    0.00000E+00
    2.32720E+04    4.07859E-31    0.00000E+00    0.00000E+00    0.00000E+00    0.00000E+00
    2.43744E+04    2.81957E-27    0.00000E+00    0.00000E+00    0.00000E+00    0.00000E+00
    2.55291E+04    6.23894E-24    0.00000E+00    0.00000E+00    0.00000E+00    0.00000E+00
    2.67384E+04    3.84918E-24    0.00000E+00    0.00000E+00    0.00000E+00    0.00000E+00
    2.80050E+04    1.16857E-21    0.00000E+00    0.00000E+00    0.00000E+00    0.00000E+00
    2.93317E+04    1.23058E-23    0.00000E+00    0.00000E+00    0.00000E+00    0.00000E+00
    3.07211E+04    2.03272E-20    0.00000E+00    0.00000E+00    0.00000E+00    0.00000E+00
    3.21764E+04    1.35553E-18    0.00000E+00    0.00000E+00    0.00000E+00    0.00000E+00
    3.37006E+04    4.95358E-19    0.00000E+00    0.00000E+00    0.00000E+00    0.00000E+00
    3.52971E+04    8.53851E-18    0.00000E+00    0.00000E+00    0.00000E+00    0.00000E+00
    3.69691E+04    3.30532E-16    0.00000E+00    0.00000E+00    0.00000E+00    0.00000E+00
    3.87204E+04    1.47707E-15    0.00000E+00    0.00000E+00    0.00000E+00    0.00000E+00
    4.05546E+04    1.24492E-15    0.00000E+00    0.00000E+00    0.00000E+00    0.00000E+00
    4.24757E+04    9.51109E-15    0.00000E+00    0.00000E+00    0.00000E+00    0.00000E+00
    4.44878E+04    1.79434E-14    0.00000E+00    0.00000E+00    0.00000E+00    0.00000E+00
    4.65953E+04    2.79129E-14    0.00000E+00    0.00000E+00    0.00000E+00    0.00000E+00
    4.88025E+04    1.42774E-13    0.00000E+00    0.00000E+00    0.00000E+00    0.00000E+00
    5.11143E+04    1.03211E-13    0.00000E+00    0.00000E+00    0.00000E+00    0.00000E+00
    5.35357E+04    1.22033E-13    0.00000E+00    0.00000E+00    0.00000E+00    0.00000E+00
    5.60717E+04    2.89295E-13    0.00000E+00    0.00000E+00    0.00000E+00    0.00000E+00
    5.87279E+04    3.43637E-13    0.00000E+00    0.00000E+00    0.00000E+00    0.00000E+00
    6.15099E+04    5.95932E-13    0.00000E+00    0.00000E+00    0.00000E+00    0.00000E+00
    6.44236E+04    1.19033E-12    0.00000E+00    0.00000E+00    0.00000E+00    0.00000E+00
    6.74754E+04    1.02651E-12    0.00000E+00    0.00000E+00    0.00000E+00    0.00000E+00
    7.06718E+04    8.28015E-13    0.00000E+00    0.00000E+00    0.00000E+00    0.00000E+00
    7.40196E+04    4.07621E-13    0.00000E+00    0.00000E+00    0.00000E+00    0.00000E+00
    7.75260E+04    1.69681E-15    0.00000E+00    0.00000E+00    0.00000E+00    0.00000E+00
    8.11984E+04    6.45863E-23    0.00000E+00    0.00000E+00    0.00000E+00    0.00000E+00
    8.50449E+04    9.64843E-34    0.00000E+00    0.00000E+00    0.00000E+00    0.00000E+00
    8.90735E+04    4.06386E-44    0.00000E+00    0.00000E+00    0.00000E+00    0.00000E+00
    9.32930E+04    0.00000E+00    0.00000E+00    0.00000E+00    0.00000E+00    0.00000E+00
    9.77124E+04    0.00000E+00    0.00000E+00    0.00000E+00    0.00000E+00    0.00000E+00
    1.02341E+05    4.61910E-40    0.00000E+00    0.00000E+00    0.00000E+00    0.00000E+00
    1.07189E+05    1.14344E-36    0.00000E+00    0.00000E+00    0.00000E+00    0.00000E+00
    1.12267E+05    6.19338E-31    0.00000E+00    0.00000E+00    0.00000E+00    0.00000E+00
    1.17585E+05    3.35604E-26    0.00000E+00    0.00000E+00    0.00000E+00    0.00000E+00
    1.23155E+05    1.39711E-21    0.00000E+00    0.00000E+00    0.00000E+00    0.00000E+00
    1.28989E+05    1.25176E-18    0.00000E+00    0.00000E+00    0.00000E+00    0.00000E+00
    1.35099E+05    2.54833E-16    0.00000E+00    0.00000E+00    0.00000E+00    0.00000E+00
    1.41499E+05    4.86584E-15    0.00000E+00    0.00000E+00    0.00000E+00    0.00000E+00
    1.48202E+05    1.27956E-15    0.00000E+00    0.00000E+00    0.00000E+00    0.00000E+00
    1.55222E+05    9.51379E-18    0.00000E+00    0.00000E+00    0.00000E+00    0.00000E+00
    1.62576E+05    8.38309E-18    0.00000E+00    0.00000E+00    0.00000E+00    0.00000E+00
    1.70277E+05    1.04860E-18    0.00000E+00    0.00000E+00    0.00000E+00    0.00000E+00
    1.78343E+05    3.06979E-18    0.00000E+00    0.00000E+00    0.00000E+00    0.00000E+00
    1.86791E+05    2.74168E-17    0.00000E+00    0.00000E+00    0.00000E+00    0.00000E+00
    1.95640E+05    4.70455E-16    0.00000E+00    0.00000E+00    0.00000E+00    0.00000E+00
    2.04907E+05    1.83290E-16    0.00000E+00    0.00000E+00    0.00000E+00    0.00000E+00
    2.14614E+05    2.27781E-15    0.00000E+00    0.00000E+00    0.00000E+00    0.00000E+00
    2.24781E+05    1.63895E-14    0.00000E+00    0.00000E+00    0.00000E+00    0.00000E+00
    2.35429E+05    2.57465E-13    0.00000E+00    0.00000E+00    0.00000E+00    0.00000E+00
    2.46581E+05    3.51352E-13    0.00000E+00    0.00000E+00    0.00000E+00    0.00000E+00
    2.58262E+05    1.04020E-12    0.00000E+00    0.00000E+00    0.00000E+00    0.00000E+00
    2.70496E+05    1.17665E-11    0.00000E+00    0.00000E+00    0.00000E+00    0.00000E+00
    2.83310E+05    2.37659E-11    0.00000E+00    0.00000E+00    0.00000E+00    0.00000E+00
    2.96730E+05    9.60293E-11    0.00000E+00    0.00000E+00    0.00000E+00    0.00000E+00
    3.10787E+05    9.77992E-11    0.00000E+00    0.00000E+00    0.00000E+00    0.00000E+00
    3.25509E+05    3.48476E-10    0.00000E+00    0.00000E+00    0.00000E+00    0.00000E+00
    3.40929E+05    5.17969E-10    0.00000E+00    0.00000E+00    0.00000E+00    0.00000E+00
    3.57078E+05    6.94226E-10    0.00000E+00    0.00000E+00    0.00000E+00    0.00000E+00
    3.73994E+05    1.31628E-09    0.00000E+00    0.00000E+00    0.00000E+00    0.00000E+00
    3.91710E+05    1.66549E-09    0.00000E+00    0.00000E+00    0.00000E+00    0.00000E+00
    4.10266E+05    2.84632E-09    0.00000E+00    0.00000E+00    0.00000E+00    0.00000E+00
    4.29700E+05    4.09252E-09    0.00000E+00    0.00000E+00    0.00000E+00    0.00000E+00
    4.50056E+05    4.75797E-09    0.00000E+00    0.00000E+00    0.00000E+00    0.00000E+00
    4.71375E+05    7.23673E-09    0.00000E+00    0.00000E+00    0.00000E+00    0.00000E+00
    4.93705E+05    9.87292E-09    0.00000E+00    0.00000E+00    0.00000E+00    0.00000E+00
    5.17092E+05    1.12628E-08    0.00000E+00    0.00000E+00    0.00000E+00    0.00000E+00
    5.41587E+05    1.41596E-08    0.00000E+00    0.00000E+00    0.00000E+00    0.00000E+00
    5.67243E+05    1.59072E-08    0.00000E+00    0.00000E+00    0.00000E+00    0.00000E+00
    5.94113E+05    1.90410E-08    0.00000E+00    0.00000E+00    0.00000E+00    0.00000E+00
    6.22257E+05    2.20088E-08    0.00000E+00    0.00000E+00    0.00000E+00    0.00000E+00
    6.51734E+05    2.44466E-08    0.00000E+00    0.00000E+00    0.00000E+00    0.00000E+00
    6.82607E+05    2.64734E-08    0.00000E+00    0.00000E+00    0.00000E+00    0.00000E+00
    7.14943E+05    2.83166E-08    0.00000E+00    0.00000E+00    0.00000E+00    0.00000E+00
    7.48810E+05    2.92481E-08    0.00000E+00    0.00000E+00    0.00000E+00    0.00000E+00
    7.84282E+05    2.97562E-08    0.00000E+00    0.00000E+00    0.00000E+00    0.00000E+00
    8.21434E+05    2.97318E-08    0.00000E+00    0.00000E+00    0.00000E+00    0.00000E+00
    8.60346E+05    2.96378E-08    0.00000E+00    0.00000E+00    0.00000E+00    0.00000E+00
    9.01102E+05    3.05106E-08    0.00000E+00    0.00000E+00    0.00000E+00    0.00000E+00
    9.43788E+05    2.96374E-08    0.00000E+00    0.00000E+00    0.00000E+00    0.00000E+00
    9.88496E+05    2.82695E-08    0.00000E+00    0.00000E+00    0.00000E+00    0.00000E+00
    1.03532E+06    2.74512E-08    0.00000E+00    0.00000E+00    0.00000E+00    0.00000E+00
    1.08437E+06    2.59570E-08    0.00000E+00    0.00000E+00    0.00000E+00    0.00000E+00
    1.13573E+06    2.40834E-08    0.00000E+00    0.00000E+00    0.00000E+00    0.00000E+00
    1.18953E+06    2.28447E-08    0.00000E+00    0.00000E+00    0.00000E+00    0.00000E+00
    1.24588E+06    2.10851E-08    0.00000E+00    0.00000E+00    0.00000E+00    0.00000E+00
    1.30490E+06    1.94207E-08    0.00000E+00    0.00000E+00    0.00000E+00    0.00000E+00
    1.36672E+06    1.77714E-08    0.00000E+00    0.00000E+00    0.00000E+00    0.00000E+00
    1.43146E+06    1.59364E-08    0.00000E+00    0.00000E+00    0.00000E+00    0.00000E+00
    1.49927E+06    1.43995E-08    0.00000E+00    0.00000E+00    0.00000E+00    0.00000E+00
    1.57029E+06    1.29396E-08    0.00000E+00    0.00000E+00    0.00000E+00    0.00000E+00
    1.64468E+06    1.15948E-08    0.00000E+00    0.00000E+00    0.00000E+00    0.00000E+00
    1.72259E+06    1.02768E-08    0.00000E+00    0.00000E+00    0.00000E+00    0.00000E+00
    1.80419E+06    9.00531E-09    0.00000E+00    0.00000E+00    0.00000E+00    0.00000E+00
    1.88965E+06    7.96845E-09    0.00000E+00    0.00000E+00    0.00000E+00    0.00000E+00
    1.97917E+06    6.88398E-09    0.00000E+00    0.00000E+00    0.00000E+00    0.00000E+00
    2.07292E+06    5.97215E-09    0.00000E+00    0.00000E+00    0.00000E+00    0.00000E+00
    2.17112E+06    5.20967E-09    0.00000E+00    0.00000E+00    0.00000E+00    0.00000E+00
    2.27397E+06    4.47207E-09    0.00000E+00    0.00000E+00    0.00000E+00    0.00000E+00
    2.38169E+06    3.82151E-09    0.00000E+00    0.00000E+00    0.00000E+00    0.00000E+00
    2.49451E+06    3.25282E-09    0.00000E+00    0.00000E+00    0.00000E+00    0.00000E+00
    2.61268E+06    2.78954E-09    0.00000E+00    0.00000E+00    0.00000E+00    0.00000E+00
    2.73644E+06    2.34308E-09    0.00000E+00    0.00000E+00    0.00000E+00    0.00000E+00
    2.86607E+06    1.98227E-09    0.00000E+00    0.00000E+00    0.00000E+00    0.00000E+00
    3.00184E+06    1.67125E-09    0.00000E+00    0.00000E+00    0.00000E+00    0.00000E+00
    3.14404E+06    1.40120E-09    0.00000E+00    0.00000E+00    0.00000E+00    0.00000E+00
    3.29297E+06    1.17559E-09    0.00000E+00    0.00000E+00    0.00000E+00    0.00000E+00
    3.44896E+06    9.77862E-10    0.00000E+00    0.00000E+00    0.00000E+00    0.00000E+00
    3.61234E+06    8.13301E-10    0.00000E+00    0.00000E+00    0.00000E+00    0.00000E+00
    3.78346E+06    6.76388E-10    0.00000E+00    0.00000E+00    0.00000E+00    0.00000E+00
    3.96269E+06    5.61488E-10    0.00000E+00    0.00000E+00    0.00000E+00    0.00000E+00
    4.15040E+06    4.63517E-10    0.00000E+00    0.00000E+00    0.00000E+00    0.00000E+00
    4.34701E+06    3.81444E-10    0.00000E+00    0.00000E+00    0.00000E+00    0.00000E+00
    4.55293E+06    3.13191E-10    0.00000E+00    0.00000E+00    0.00000E+00    0.00000E+00
    4.76861E+06    2.58100E-10    0.00000E+00    0.00000E+00    0.00000E+00    0.00000E+00
    4.99451E+06    2.11457E-10    0.00000E+00    0.00000E+00    0.00000E+00    0.00000E+00
    5.23110E+06    1.73408E-10    0.00000E+00    0.00000E+00    0.00000E+00    0.00000E+00
    5.47890E+06    1.41005E-10    0.00000E+00    0.00000E+00    0.00000E+00    0.00000E+00
    5.73844E+06    1.15204E-10    0.00000E+00    0.00000E+00    0.00000E+00    0.00000E+00
    6.01028E+06    9.39868E-11    0.00000E+00    0.00000E+00    0.00000E+00    0.00000E+00
    6.29499E+06    7.67387E-11    0.00000E+00    0.00000E+00    0.00000E+00    0.00000E+00
    6.59319E+06    6.19182E-11    0.00000E+00    0.00000E+00    0.00000E+00    0.00000E+00
    6.90551E+06    5.04998E-11    0.00000E+00    0.00000E+00    0.00000E+00    0.00000E+00
    7.23264E+06    4.07737E-11    0.00000E+00    0.00000E+00    0.00000E+00    0.00000E+00
    7.57525E+06    3.30650E-11    0.00000E+00    0.00000E+00    0.00000E+00    0.00000E+00
    7.93410E+06    2.68799E-11    0.00000E+00    0.00000E+00    0.00000E+00    0.00000E+00
    8.30994E+06    2.15599E-11    0.00000E+00    0.00000E+00    0.00000E+00    0.00000E+00
    8.70359E+06    1.74689E-11    0.00000E+00    0.00000E+00    0.00000E+00    0.00000E+00
    9.11589E+06    1.41223E-11    0.00000E+00    0.00000E+00    0.00000E+00    0.00000E+00
    9.54771E+06    1.13354E-11    0.00000E+00    0.00000E+00    0.00000E+00    0.00000E+00
    1.00000E+07    9.14655E-12    0.00000E+00    0.00000E+00    0.00000E+00    0.00000E+00
