 # Columns are: Lambda (Angstroms) and Flux (Flux * lambda) (ergs/s/cm^2)
    1.00000E+03    0.00000E+00    0.00000E+00    0.00000E+00    0.00000E+00    0.00000E+00
    1.04737E+03    0.00000E+00    0.00000E+00    0.00000E+00    0.00000E+00    0.00000E+00
    1.09699E+03    0.00000E+00    0.00000E+00    0.00000E+00    0.00000E+00    0.00000E+00
    1.14895E+03    0.00000E+00    0.00000E+00    0.00000E+00    0.00000E+00    0.00000E+00
    1.20338E+03    0.00000E+00    0.00000E+00    0.00000E+00    0.00000E+00    0.00000E+00
    1.26038E+03    0.00000E+00    0.00000E+00    0.00000E+00    0.00000E+00    0.00000E+00
    1.32009E+03    0.00000E+00    0.00000E+00    0.00000E+00    0.00000E+00    0.00000E+00
    1.38262E+03    0.00000E+00    0.00000E+00    0.00000E+00    0.00000E+00    0.00000E+00
    1.44812E+03    0.00000E+00    0.00000E+00    0.00000E+00    0.00000E+00    0.00000E+00
    1.51672E+03    0.00000E+00    0.00000E+00    0.00000E+00    0.00000E+00    0.00000E+00
    1.58857E+03    0.00000E+00    0.00000E+00    0.00000E+00    0.00000E+00    0.00000E+00
    1.66382E+03    0.00000E+00    0.00000E+00    0.00000E+00    0.00000E+00    0.00000E+00
    1.74263E+03    0.00000E+00    0.00000E+00    0.00000E+00    0.00000E+00    0.00000E+00
    1.82518E+03    0.00000E+00    0.00000E+00    0.00000E+00    0.00000E+00    0.00000E+00
    1.91164E+03    0.00000E+00    0.00000E+00    0.00000E+00    0.00000E+00    0.00000E+00
    2.00220E+03    0.00000E+00    0.00000E+00    0.00000E+00    0.00000E+00    0.00000E+00
    2.09705E+03    0.00000E+00    0.00000E+00    0.00000E+00    0.00000E+00    0.00000E+00
    2.19639E+03    0.00000E+00    0.00000E+00    0.00000E+00    0.00000E+00    0.00000E+00
    2.30043E+03    0.00000E+00    0.00000E+00    0.00000E+00    0.00000E+00    0.00000E+00
    2.40940E+03    0.00000E+00    0.00000E+00    0.00000E+00    0.00000E+00    0.00000E+00
    2.52354E+03    0.00000E+00    0.00000E+00    0.00000E+00    0.00000E+00    0.00000E+00
    2.64308E+03    0.00000E+00    0.00000E+00    0.00000E+00    0.00000E+00    0.00000E+00
    2.76829E+03    0.00000E+00    0.00000E+00    0.00000E+00    0.00000E+00    0.00000E+00
    2.89942E+03    0.00000E+00    0.00000E+00    0.00000E+00    0.00000E+00    0.00000E+00
    3.03677E+03    0.00000E+00    0.00000E+00    0.00000E+00    0.00000E+00    0.00000E+00
    3.18063E+03    0.00000E+00    0.00000E+00    0.00000E+00    0.00000E+00    0.00000E+00
    3.33129E+03    0.00000E+00    0.00000E+00    0.00000E+00    0.00000E+00    0.00000E+00
    3.48910E+03    0.00000E+00    0.00000E+00    0.00000E+00    0.00000E+00    0.00000E+00
    3.65438E+03    0.00000E+00    0.00000E+00    0.00000E+00    0.00000E+00    0.00000E+00
    3.82749E+03    0.00000E+00    0.00000E+00    0.00000E+00    0.00000E+00    0.00000E+00
    4.00881E+03    0.00000E+00    0.00000E+00    0.00000E+00    0.00000E+00    0.00000E+00
    4.19871E+03    0.00000E+00    0.00000E+00    0.00000E+00    0.00000E+00    0.00000E+00
    4.39760E+03    0.00000E+00    0.00000E+00    0.00000E+00    0.00000E+00    0.00000E+00
    4.60592E+03    0.00000E+00    0.00000E+00    0.00000E+00    0.00000E+00    0.00000E+00
    4.82411E+03    0.00000E+00    0.00000E+00    0.00000E+00    0.00000E+00    0.00000E+00
    5.05263E+03    0.00000E+00    0.00000E+00    0.00000E+00    0.00000E+00    0.00000E+00
    5.29198E+03    0.00000E+00    0.00000E+00    0.00000E+00    0.00000E+00    0.00000E+00
    5.54266E+03    0.00000E+00    0.00000E+00    0.00000E+00    0.00000E+00    0.00000E+00
    5.80523E+03    0.00000E+00    0.00000E+00    0.00000E+00    0.00000E+00    0.00000E+00
    6.08022E+03    0.00000E+00    0.00000E+00    0.00000E+00    0.00000E+00    0.00000E+00
    6.36825E+03    0.00000E+00    0.00000E+00    0.00000E+00    0.00000E+00    0.00000E+00
    6.66992E+03    0.00000E+00    0.00000E+00    0.00000E+00    0.00000E+00    0.00000E+00
    6.98588E+03    0.00000E+00    0.00000E+00    0.00000E+00    0.00000E+00    0.00000E+00
    7.31681E+03    0.00000E+00    0.00000E+00    0.00000E+00    0.00000E+00    0.00000E+00
    7.66341E+03    0.00000E+00    0.00000E+00    0.00000E+00    0.00000E+00    0.00000E+00
    8.02643E+03    0.00000E+00    0.00000E+00    0.00000E+00    0.00000E+00    0.00000E+00
    8.40665E+03    0.00000E+00    0.00000E+00    0.00000E+00    0.00000E+00    0.00000E+00
    8.80488E+03    0.00000E+00    0.00000E+00    0.00000E+00    0.00000E+00    0.00000E+00
    9.22198E+03    0.00000E+00    0.00000E+00    0.00000E+00    0.00000E+00    0.00000E+00
    9.65883E+03    0.00000E+00    0.00000E+00    0.00000E+00    0.00000E+00    0.00000E+00
    1.01164E+04    0.00000E+00    0.00000E+00    0.00000E+00    0.00000E+00    0.00000E+00
    1.05956E+04    0.00000E+00    0.00000E+00    0.00000E+00    0.00000E+00    0.00000E+00
    1.10975E+04    7.03640E-41    0.00000E+00    0.00000E+00    0.00000E+00    0.00000E+00
    1.16232E+04    4.64443E-41    0.00000E+00    0.00000E+00    0.00000E+00    0.00000E+00
    1.21738E+04    7.69230E-35    0.00000E+00    0.00000E+00    0.00000E+00    0.00000E+00
    1.27505E+04    1.89181E-22    0.00000E+00    0.00000E+00    0.00000E+00    0.00000E+00
    1.33545E+04    4.74955E-24    0.00000E+00    0.00000E+00    0.00000E+00    0.00000E+00
    1.39871E+04    3.62966E-20    0.00000E+00    0.00000E+00    0.00000E+00    0.00000E+00
    1.46497E+04    1.00057E-19    0.00000E+00    0.00000E+00    0.00000E+00    0.00000E+00
    1.53437E+04    3.12327E-13    0.00000E+00    0.00000E+00    0.00000E+00    0.00000E+00
    1.60705E+04    3.94472E-15    0.00000E+00    0.00000E+00    0.00000E+00    0.00000E+00
    1.68318E+04    2.08530E-16    0.00000E+00    0.00000E+00    0.00000E+00    0.00000E+00
    1.76291E+04    6.38406E-11    0.00000E+00    0.00000E+00    0.00000E+00    0.00000E+00
    1.84642E+04    1.11639E-11    0.00000E+00    0.00000E+00    0.00000E+00    0.00000E+00
    1.93389E+04    5.99844E-12    0.00000E+00    0.00000E+00    0.00000E+00    0.00000E+00
    2.02550E+04    1.25043E-12    0.00000E+00    0.00000E+00    0.00000E+00    0.00000E+00
    2.12145E+04    1.14853E-09    0.00000E+00    0.00000E+00    0.00000E+00    0.00000E+00
    2.22195E+04    8.77043E-10    0.00000E+00    0.00000E+00    0.00000E+00    0.00000E+00
    2.32720E+04    9.66684E-10    0.00000E+00    0.00000E+00    0.00000E+00    0.00000E+00
    2.43744E+04    4.17848E-10    0.00000E+00    0.00000E+00    0.00000E+00    0.00000E+00
    2.55291E+04    5.75740E-10    0.00000E+00    0.00000E+00    0.00000E+00    0.00000E+00
    2.67384E+04    1.97071E-09    0.00000E+00    0.00000E+00    0.00000E+00    0.00000E+00
    2.80050E+04    4.14192E-09    0.00000E+00    0.00000E+00    0.00000E+00    0.00000E+00
    2.93317E+04    4.10541E-09    0.00000E+00    0.00000E+00    0.00000E+00    0.00000E+00
    3.07211E+04    4.30020E-09    0.00000E+00    0.00000E+00    0.00000E+00    0.00000E+00
    3.21764E+04    1.84060E-08    0.00000E+00    0.00000E+00    0.00000E+00    0.00000E+00
    3.37006E+04    4.93943E-09    0.00000E+00    0.00000E+00    0.00000E+00    0.00000E+00
    3.52971E+04    1.31279E-08    0.00000E+00    0.00000E+00    0.00000E+00    0.00000E+00
    3.69691E+04    1.66800E-08    0.00000E+00    0.00000E+00    0.00000E+00    0.00000E+00
    3.87204E+04    3.62361E-08    0.00000E+00    0.00000E+00    0.00000E+00    0.00000E+00
    4.05546E+04    4.40618E-08    0.00000E+00    0.00000E+00    0.00000E+00    0.00000E+00
    4.24757E+04    4.14394E-08    0.00000E+00    0.00000E+00    0.00000E+00    0.00000E+00
    4.44878E+04    5.04245E-08    0.00000E+00    0.00000E+00    0.00000E+00    0.00000E+00
    4.65953E+04    8.27017E-08    0.00000E+00    0.00000E+00    0.00000E+00    0.00000E+00
    4.88025E+04    1.07244E-07    0.00000E+00    0.00000E+00    0.00000E+00    0.00000E+00
    5.11143E+04    1.13776E-07    0.00000E+00    0.00000E+00    0.00000E+00    0.00000E+00
    5.35357E+04    1.22360E-07    0.00000E+00    0.00000E+00    0.00000E+00    0.00000E+00
    5.60717E+04    1.48147E-07    0.00000E+00    0.00000E+00    0.00000E+00    0.00000E+00
    5.87279E+04    1.72762E-07    0.00000E+00    0.00000E+00    0.00000E+00    0.00000E+00
    6.15099E+04    1.82791E-07    0.00000E+00    0.00000E+00    0.00000E+00    0.00000E+00
    6.44236E+04    2.13773E-07    0.00000E+00    0.00000E+00    0.00000E+00    0.00000E+00
    6.74754E+04    2.53765E-07    0.00000E+00    0.00000E+00    0.00000E+00    0.00000E+00
    7.06718E+04    2.68570E-07    0.00000E+00    0.00000E+00    0.00000E+00    0.00000E+00
    7.40196E+04    2.38911E-07    0.00000E+00    0.00000E+00    0.00000E+00    0.00000E+00
    7.75260E+04    6.93586E-08    0.00000E+00    0.00000E+00    0.00000E+00    0.00000E+00
    8.11984E+04    9.64056E-09    0.00000E+00    0.00000E+00    0.00000E+00    0.00000E+00
    8.50449E+04    1.35155E-09    0.00000E+00    0.00000E+00    0.00000E+00    0.00000E+00
    8.90735E+04    3.70654E-10    0.00000E+00    0.00000E+00    0.00000E+00    0.00000E+00
    9.32930E+04    5.19879E-12    0.00000E+00    0.00000E+00    0.00000E+00    0.00000E+00
    9.77124E+04    2.40720E-09    0.00000E+00    0.00000E+00    0.00000E+00    0.00000E+00
    1.02341E+05    4.43971E-09    0.00000E+00    0.00000E+00    0.00000E+00    0.00000E+00
    1.07189E+05    9.75087E-09    0.00000E+00    0.00000E+00    0.00000E+00    0.00000E+00
    1.12267E+05    2.51872E-08    0.00000E+00    0.00000E+00    0.00000E+00    0.00000E+00
    1.17585E+05    2.75146E-08    0.00000E+00    0.00000E+00    0.00000E+00    0.00000E+00
    1.23155E+05    6.82419E-08    0.00000E+00    0.00000E+00    0.00000E+00    0.00000E+00
    1.28989E+05    1.11462E-07    0.00000E+00    0.00000E+00    0.00000E+00    0.00000E+00
    1.35099E+05    1.51228E-07    0.00000E+00    0.00000E+00    0.00000E+00    0.00000E+00
    1.41499E+05    2.05974E-07    0.00000E+00    0.00000E+00    0.00000E+00    0.00000E+00
    1.48202E+05    2.13936E-07    0.00000E+00    0.00000E+00    0.00000E+00    0.00000E+00
    1.55222E+05    1.89247E-07    0.00000E+00    0.00000E+00    0.00000E+00    0.00000E+00
    1.62576E+05    1.91937E-07    0.00000E+00    0.00000E+00    0.00000E+00    0.00000E+00
    1.70277E+05    1.50352E-07    0.00000E+00    0.00000E+00    0.00000E+00    0.00000E+00
    1.78343E+05    2.55652E-07    0.00000E+00    0.00000E+00    0.00000E+00    0.00000E+00
    1.86791E+05    2.41113E-07    0.00000E+00    0.00000E+00    0.00000E+00    0.00000E+00
    1.95640E+05    3.67631E-07    0.00000E+00    0.00000E+00    0.00000E+00    0.00000E+00
    2.04907E+05    3.71508E-07    0.00000E+00    0.00000E+00    0.00000E+00    0.00000E+00
    2.14614E+05    4.65011E-07    0.00000E+00    0.00000E+00    0.00000E+00    0.00000E+00
    2.24781E+05    3.76577E-07    0.00000E+00    0.00000E+00    0.00000E+00    0.00000E+00
    2.35429E+05    5.30928E-07    0.00000E+00    0.00000E+00    0.00000E+00    0.00000E+00
    2.46581E+05    7.34885E-07    0.00000E+00    0.00000E+00    0.00000E+00    0.00000E+00
    2.58262E+05    7.13809E-07    0.00000E+00    0.00000E+00    0.00000E+00    0.00000E+00
    2.70496E+05    8.38444E-07    0.00000E+00    0.00000E+00    0.00000E+00    0.00000E+00
    2.83310E+05    8.99133E-07    0.00000E+00    0.00000E+00    0.00000E+00    0.00000E+00
    2.96730E+05    9.75220E-07    0.00000E+00    0.00000E+00    0.00000E+00    0.00000E+00
    3.10787E+05    1.05612E-06    0.00000E+00    0.00000E+00    0.00000E+00    0.00000E+00
    3.25509E+05    1.03810E-06    0.00000E+00    0.00000E+00    0.00000E+00    0.00000E+00
    3.40929E+05    9.30246E-07    0.00000E+00    0.00000E+00    0.00000E+00    0.00000E+00
    3.57078E+05    1.12433E-06    0.00000E+00    0.00000E+00    0.00000E+00    0.00000E+00
    3.73994E+05    1.11506E-06    0.00000E+00    0.00000E+00    0.00000E+00    0.00000E+00
    3.91710E+05    1.00520E-06    0.00000E+00    0.00000E+00    0.00000E+00    0.00000E+00
    4.10266E+05    1.06455E-06    0.00000E+00    0.00000E+00    0.00000E+00    0.00000E+00
    4.29700E+05    1.09946E-06    0.00000E+00    0.00000E+00    0.00000E+00    0.00000E+00
    4.50056E+05    1.01476E-06    0.00000E+00    0.00000E+00    0.00000E+00    0.00000E+00
    4.71375E+05    9.95690E-07    0.00000E+00    0.00000E+00    0.00000E+00    0.00000E+00
    4.93705E+05    9.69015E-07    0.00000E+00    0.00000E+00    0.00000E+00    0.00000E+00
    5.17092E+05    9.29890E-07    0.00000E+00    0.00000E+00    0.00000E+00    0.00000E+00
    5.41587E+05    9.19608E-07    0.00000E+00    0.00000E+00    0.00000E+00    0.00000E+00
    5.67243E+05    8.76277E-07    0.00000E+00    0.00000E+00    0.00000E+00    0.00000E+00
    5.94113E+05    8.18211E-07    0.00000E+00    0.00000E+00    0.00000E+00    0.00000E+00
    6.22257E+05    7.70409E-07    0.00000E+00    0.00000E+00    0.00000E+00    0.00000E+00
    6.51734E+05    7.20122E-07    0.00000E+00    0.00000E+00    0.00000E+00    0.00000E+00
    6.82607E+05    6.77060E-07    0.00000E+00    0.00000E+00    0.00000E+00    0.00000E+00
    7.14943E+05    6.26964E-07    0.00000E+00    0.00000E+00    0.00000E+00    0.00000E+00
    7.48810E+05    5.64377E-07    0.00000E+00    0.00000E+00    0.00000E+00    0.00000E+00
    7.84282E+05    5.14470E-07    0.00000E+00    0.00000E+00    0.00000E+00    0.00000E+00
    8.21434E+05    4.66960E-07    0.00000E+00    0.00000E+00    0.00000E+00    0.00000E+00
    8.60346E+05    4.23510E-07    0.00000E+00    0.00000E+00    0.00000E+00    0.00000E+00
    9.01102E+05    3.82834E-07    0.00000E+00    0.00000E+00    0.00000E+00    0.00000E+00
    9.43788E+05    3.42864E-07    0.00000E+00    0.00000E+00    0.00000E+00    0.00000E+00
    9.88496E+05    3.03962E-07    0.00000E+00    0.00000E+00    0.00000E+00    0.00000E+00
    1.03532E+06    2.74953E-07    0.00000E+00    0.00000E+00    0.00000E+00    0.00000E+00
    1.08437E+06    2.41240E-07    0.00000E+00    0.00000E+00    0.00000E+00    0.00000E+00
    1.13573E+06    2.11482E-07    0.00000E+00    0.00000E+00    0.00000E+00    0.00000E+00
    1.18953E+06    1.87632E-07    0.00000E+00    0.00000E+00    0.00000E+00    0.00000E+00
    1.24588E+06    1.65691E-07    0.00000E+00    0.00000E+00    0.00000E+00    0.00000E+00
    1.30490E+06    1.42307E-07    0.00000E+00    0.00000E+00    0.00000E+00    0.00000E+00
    1.36672E+06    1.23885E-07    0.00000E+00    0.00000E+00    0.00000E+00    0.00000E+00
    1.43146E+06    1.05313E-07    0.00000E+00    0.00000E+00    0.00000E+00    0.00000E+00
    1.49927E+06    8.98856E-08    0.00000E+00    0.00000E+00    0.00000E+00    0.00000E+00
    1.57029E+06    7.75237E-08    0.00000E+00    0.00000E+00    0.00000E+00    0.00000E+00
    1.64468E+06    6.69736E-08    0.00000E+00    0.00000E+00    0.00000E+00    0.00000E+00
    1.72259E+06    5.64304E-08    0.00000E+00    0.00000E+00    0.00000E+00    0.00000E+00
    1.80419E+06    4.80098E-08    0.00000E+00    0.00000E+00    0.00000E+00    0.00000E+00
    1.88965E+06    4.05790E-08    0.00000E+00    0.00000E+00    0.00000E+00    0.00000E+00
    1.97917E+06    3.47982E-08    0.00000E+00    0.00000E+00    0.00000E+00    0.00000E+00
    2.07292E+06    2.92387E-08    0.00000E+00    0.00000E+00    0.00000E+00    0.00000E+00
    2.17112E+06    2.47390E-08    0.00000E+00    0.00000E+00    0.00000E+00    0.00000E+00
    2.27397E+06    2.05966E-08    0.00000E+00    0.00000E+00    0.00000E+00    0.00000E+00
    2.38169E+06    1.71923E-08    0.00000E+00    0.00000E+00    0.00000E+00    0.00000E+00
    2.49451E+06    1.41855E-08    0.00000E+00    0.00000E+00    0.00000E+00    0.00000E+00
    2.61268E+06    1.19664E-08    0.00000E+00    0.00000E+00    0.00000E+00    0.00000E+00
    2.73644E+06    9.93985E-09    0.00000E+00    0.00000E+00    0.00000E+00    0.00000E+00
    2.86607E+06    8.14483E-09    0.00000E+00    0.00000E+00    0.00000E+00    0.00000E+00
    3.00184E+06    6.80648E-09    0.00000E+00    0.00000E+00    0.00000E+00    0.00000E+00
    3.14404E+06    5.65567E-09    0.00000E+00    0.00000E+00    0.00000E+00    0.00000E+00
    3.29297E+06    4.63559E-09    0.00000E+00    0.00000E+00    0.00000E+00    0.00000E+00
    3.44896E+06    3.78517E-09    0.00000E+00    0.00000E+00    0.00000E+00    0.00000E+00
    3.61234E+06    3.12376E-09    0.00000E+00    0.00000E+00    0.00000E+00    0.00000E+00
    3.78346E+06    2.55569E-09    0.00000E+00    0.00000E+00    0.00000E+00    0.00000E+00
    3.96269E+06    2.11248E-09    0.00000E+00    0.00000E+00    0.00000E+00    0.00000E+00
    4.15040E+06    1.71046E-09    0.00000E+00    0.00000E+00    0.00000E+00    0.00000E+00
    4.34701E+06    1.39986E-09    0.00000E+00    0.00000E+00    0.00000E+00    0.00000E+00
    4.55293E+06    1.14390E-09    0.00000E+00    0.00000E+00    0.00000E+00    0.00000E+00
    4.76861E+06    9.27976E-10    0.00000E+00    0.00000E+00    0.00000E+00    0.00000E+00
    4.99451E+06    7.50860E-10    0.00000E+00    0.00000E+00    0.00000E+00    0.00000E+00
    5.23110E+06    6.07526E-10    0.00000E+00    0.00000E+00    0.00000E+00    0.00000E+00
    5.47890E+06    4.92422E-10    0.00000E+00    0.00000E+00    0.00000E+00    0.00000E+00
    5.73844E+06    3.98651E-10    0.00000E+00    0.00000E+00    0.00000E+00    0.00000E+00
    6.01028E+06    3.22115E-10    0.00000E+00    0.00000E+00    0.00000E+00    0.00000E+00
    6.29499E+06    2.57956E-10    0.00000E+00    0.00000E+00    0.00000E+00    0.00000E+00
    6.59319E+06    2.09281E-10    0.00000E+00    0.00000E+00    0.00000E+00    0.00000E+00
    6.90551E+06    1.69194E-10    0.00000E+00    0.00000E+00    0.00000E+00    0.00000E+00
    7.23264E+06    1.34930E-10    0.00000E+00    0.00000E+00    0.00000E+00    0.00000E+00
    7.57525E+06    1.08970E-10    0.00000E+00    0.00000E+00    0.00000E+00    0.00000E+00
    7.93410E+06    8.73204E-11    0.00000E+00    0.00000E+00    0.00000E+00    0.00000E+00
    8.30994E+06    7.01313E-11    0.00000E+00    0.00000E+00    0.00000E+00    0.00000E+00
    8.70359E+06    5.62357E-11    0.00000E+00    0.00000E+00    0.00000E+00    0.00000E+00
    9.11589E+06    4.51744E-11    0.00000E+00    0.00000E+00    0.00000E+00    0.00000E+00
    9.54771E+06    3.60207E-11    0.00000E+00    0.00000E+00    0.00000E+00    0.00000E+00
    1.00000E+07    2.87226E-11    0.00000E+00    0.00000E+00    0.00000E+00    0.00000E+00
